(0.35703831911087036, -0.0717005506157875, -0.29680460691452026, -2.8757199462995722e+38)
(0.35748153924942017, -0.06415828317403793, -0.2954866290092468, -2.8890643520501028e+38)
(0.35352155566215515, -0.04818325489759445, -0.29373645782470703, -2.8892722467485402e+38)
(0.358036607503891, -0.04914974421262741, -0.29233646392822266, -2.9557863808027555e+38)
(0.3545580506324768, -0.04149250686168671, -0.29619401693344116, -2.9026166524990707e+38)
(0.3601197302341461, -0.03543207794427872, -0.29713577032089233, -2.915804883695653e+38)
(0.3562988042831421, -0.027735812589526176, -0.30039799213409424, -2.9290975693016944e+38)
(0.36172354221343994, -0.02122902125120163, -0.3009414076805115, -2.9691827095218714e+38)
(0.3575713634490967, -0.013571996241807938, -0.30360662937164307, -2.995819598054347e+38)
(0.3628183603286743, -0.006661612540483475, -0.3036993145942688, -2.9958715210229325e+38)
(0.3583524227142334, 0.0008787913247942924, -0.3057762384414673, -3.0358528153059387e+38)
(0.3633836507797241, 0.00814005732536316, -0.30537182092666626, -2.995819598054347e+38)
(0.3585732877254486, 0.022814175114035606, -0.30702710151672363, -2.982527318096498e+38)
(0.3634639382362366, 0.015586452558636665, -0.3057941198348999, -2.942441975052225e+38)
(0.3632179796695709, 0.030484337359666824, -0.3058067560195923, -2.9824749894797205e+38)
(0.36289292573928833, 0.03790149465203285, -0.3053990602493286, -2.929045443509013e+38)
(0.35905808210372925, 0.05292903631925583, -0.31409645080566406, -2.809050043339601e+38)
(0.36454135179519653, 0.0461762472987175, -0.31387436389923096, -2.9157010377584825e+38)
(0.35561540722846985, 0.06601211428642273, -0.3023478388786316, -2.7424837834927042e+38)
(0.36112961173057556, 0.05982477217912674, -0.30255478620529175, -2.8089975118987274e+38)
(0.3546065390110016, 0.08063270896673203, -0.30318570137023926, -2.8357903721610552e+38)
(0.35922786593437195, 0.08181414008140564, -0.3017878532409668, -2.809206217893549e+38)
(0.35802125930786133, 0.08868129551410675, -0.2995508909225464, -2.7957581690299438e+38)
(0.356706827878952, 0.09539997577667236, -0.2970849871635437, -2.835478834349543e+38)
(0.36211907863616943, -0.08188274502754211, -0.30080491304397583, -2.8890643520501028e+38)
(0.3616003394126892, -0.07300247251987457, -0.29501044750213623, -2.8890643520501028e+38)
(0.3679041862487793, -0.06760117411613464, -0.2965517044067383, -2.9824751923038166e+38)
(0.3624221682548523, -0.0577361062169075, -0.2924034595489502, -2.9824751923038166e+38)
(0.3685096502304077, -0.05193563550710678, -0.29361504316329956, -3.0358528153059387e+38)
(0.36382386088371277, -0.04324548691511154, -0.29341375827789307, -2.969130786553286e+38)
(0.3648678660392761, -0.036210402846336365, -0.29575079679489136, -2.929201212414769e+38)
(0.3665711581707001, -0.021773921325802803, -0.2996513843536377, -2.9825788354168912e+38)
(0.3715403079986572, -0.02233242802321911, -0.29825299978256226, -2.9692344296663607e+38)
(0.367222398519516, -0.01440427266061306, -0.301200807094574, -2.9692344296663607e+38)
(0.3727787733078003, -0.007257791236042976, -0.3011438250541687, -2.929201212414769e+38)
(0.36810848116874695, 0.0005537224933505058, -0.30346983671188354, -3.0092676469179523e+38)
(0.3734225034713745, 0.008073066361248493, -0.30288559198379517, -2.9693386812517235e+38)
(0.3683696985244751, 0.023272275924682617, -0.30475103855133057, -2.9158568066642385e+38)
(0.3735169768333435, 0.015787873417139053, -0.30331796407699585, -2.9160131840422827e+38)
(0.3678271472454071, 0.03839530423283577, -0.30418068170547485, -2.942337520642766e+38)
(0.3732488453388214, 0.031221169978380203, -0.30330127477645874, -2.942441569404033e+38)
(0.3689347803592682, 0.05443917214870453, -0.31157392263412476, -2.8491347779115858e+38)
(0.37473732233047485, 0.047466591000556946, -0.3112061619758606, -2.9024083521524412e+38)
(0.36614468693733215, 0.06867846846580505, -0.3041492700576782, -2.8757720720922536e+38)
(0.37206363677978516, 0.062225908041000366, -0.3042440414428711, -2.822602343788569e+38)
(0.3651138246059418, 0.07591506093740463, -0.3023412823677063, -2.8359471551872915e+38)
(0.37002089619636536, 0.0770450010895729, -0.30078065395355225, -2.849447532667674e+38)
(0.3626839816570282, 0.08998796343803406, -0.29797494411468506, -2.8091547005731557e+38)
(0.36707475781440735, 0.09934043884277344, -0.2980591058731079, -2.7691734062901494e+38)
(0.360808789730072, 0.10461946576833725, -0.29704856872558594, -2.8089466030506223e+38)
(0.3803088068962097, -0.10898581147193909, -0.3158823251724243, -2.8623751349008496e+38)
(0.3733925223350525, -0.09565407782793045, -0.30721867084503174, -2.795653106148197e+38)
(0.3791622221469879, -0.08898252248764038, -0.30394917726516724, -2.82234232329745e+38)
(0.37223735451698303, -0.07683490961790085, -0.2956693768501282, -2.8757199462995722e+38)
(0.3790249824523926, -0.07124269753694534, -0.2971307635307312, -2.9824751923038166e+38)
(0.37437933683395386, -0.06185352802276611, -0.2978997826576233, -2.9824751923038166e+38)
(0.37943390011787415, -0.06305642426013947, -0.29588621854782104, -2.995819598054347e+38)
(0.3759254813194275, -0.03843625634908676, -0.29707860946655273, -2.95589002391583e+38)
(0.3810901641845703, -0.03928232938051224, -0.29531896114349365, -2.929201212414769e+38)
(0.378227174282074, -0.03147312253713608, -0.30385899543762207, -2.9692344296663607e+38)
(0.38352423906326294, -0.032205551862716675, -0.30213266611099243, -2.929201212414769e+38)
(0.3791976571083069, -0.0077910758554935455, -0.30419856309890747, -2.95589002391583e+38)
(0.38456660509109497, -0.00811242125928402, -0.30261123180389404, -2.9425456181652996e+38)
(0.3796244263648987, 8.720904588699341e-05, -0.3052436113357544, -2.9825788354168912e+38)
(0.3853038549423218, 0.00797722302377224, -0.30443429946899414, -2.902512400913708e+38)
(0.3799286484718323, 0.023928536102175713, -0.3065517544746399, -2.942441569404033e+38)
(0.38541337847709656, 0.016075871884822845, -0.3048754930496216, -2.9024602751210266e+38)
(0.3797031044960022, 0.031877003610134125, -0.3063759207725525, -2.9289931148922356e+38)
(0.3851117491722107, 0.03227424994111061, -0.3048127293586731, -2.9023043033911745e+38)
(0.3793134093284607, 0.056025490164756775, -0.3086004853248596, -2.835894623746418e+38)
(0.38681724667549133, 0.04932461678981781, -0.3127397298812866, -2.862583435247479e+38)
(0.37720412015914917, 0.06314562261104584, -0.3026723861694336, -2.822758315518421e+38)
(0.3826925754547119, 0.07258782535791397, -0.3037562370300293, -2.8760322954074685e+38)
(0.37625110149383545, 0.07906731963157654, -0.30357664823532104, -2.8893245753653176e+38)
(0.38145655393600464, 0.08026478439569473, -0.301738977432251, -2.929045443509013e+38)
(0.37310662865638733, 0.10197923332452774, -0.3006178140640259, -2.755829000539619e+38)
(0.3781282305717468, 0.10350383073091507, -0.29853135347366333, -2.782257588725465e+38)
(0.36956533789634705, 0.11573682725429535, -0.29437023401260376, -2.7423284202351402e+38)
(0.37631791830062866, 0.1105695441365242, -0.29543548822402954, -2.7423805460278216e+38)
(0.39129194617271423, -0.1072433665394783, -0.3291000723838806, -2.8623751349008496e+38)
(0.39769136905670166, -0.09980548918247223, -0.32511693239212036, -2.87571954065138e+38)
(0.386457622051239, -0.08341823518276215, -0.3055412769317627, -2.9290971636535023e+38)
(0.39557620882987976, -0.07869894802570343, -0.31201279163360596, -3.0091635981566856e+38)
(0.3859969973564148, -0.06527812778949738, -0.2983761429786682, -3.0358524096577467e+38)
(0.39314186573028564, -0.05892335623502731, -0.2993711829185486, -2.9157527579029718e+38)
(0.3878033757209778, -0.049255356192588806, -0.2998889684677124, -2.9290973664775984e+38)
(0.3932706415653229, -0.05028809607028961, -0.2977341413497925, -2.8623751349008496e+38)
(0.39141207933425903, -0.025432473048567772, -0.30697768926620483, -2.9158568066642385e+38)
(0.39754578471183777, -0.03488580882549286, -0.30762404203414917, -2.915753163551164e+38)
(0.3914894461631775, -0.008679691702127457, -0.3054655194282532, -2.902512400913708e+38)
(0.39720046520233154, -0.009021501988172531, -0.3035818338394165, -2.849031134798511e+38)
(0.3919774293899536, -0.00040931906551122665, -0.30656301975250244, -2.809101560659994e+38)
(0.3980433940887451, 0.007875228300690651, -0.3054890036582947, -2.7556200917207013e+38)
(0.39232879877090454, 0.02462705597281456, -0.30789685249328613, -2.9289931148922356e+38)
(0.3981694281101227, 0.016382357105612755, -0.30593860149383545, -2.8890639464019107e+38)
(0.39307916164398193, 0.041683949530124664, -0.3118214011192322, -2.8890639464019107e+38)
(0.39782780408859253, 0.033394522964954376, -0.3058246970176697, -2.87571954065138e+38)
(0.3902096152305603, 0.05769030749797821, -0.30511391162872314, -2.8228104413111023e+38)
(0.3997620940208435, 0.051300205290317535, -0.3137543797492981, -2.9290971636535023e+38)
(0.38923412561416626, 0.06575243175029755, -0.30362844467163086, -2.875979966790691e+38)
(0.39482301473617554, 0.06675150245428085, -0.30162227153778076, -2.9290975693016944e+38)
(0.38666996359825134, 0.09014300256967545, -0.30190610885620117, -2.8756158975383055e+38)
(0.3936702013015747, 0.08367599546909332, -0.3021497130393982, -2.8757199462995722e+38)
(0.3845953047275543, 0.1062924787402153, -0.3008382320404053, -2.768964700295328e+38)
(0.39180251955986023, 0.10034613311290741, -0.3014812469482422, -2.795653511796389e+38)
(0.3840038478374481, 0.11489483714103699, -0.3022196888923645, -2.7289314830437362e+38)
(0.3870490789413452, 0.12379574775695801, -0.29606324434280396, -2.7823091060458584e+38)
(0.38610154390335083, 0.13233287632465363, -0.296811044216156, -2.795653511796389e+38)
(0.4020761251449585, -0.13173538446426392, -0.3297826051712036, -2.795653106148197e+38)
(0.41109681129455566, -0.12640836834907532, -0.3316938281059265, -2.8890639464019107e+38)
(0.40832602977752686, -0.11668624728918076, -0.3408006429672241, -2.9290971636535023e+38)
(0.4143333435058594, -0.11865111440420151, -0.3372081518173218, -2.9157527579029718e+38)
(0.4079241156578064, -0.09527994692325592, -0.3324265480041504, -2.9157527579029718e+38)
(0.4166131615638733, -0.08863416314125061, -0.3337196111679077, -2.995819192406155e+38)
(0.40697500109672546, -0.0746278464794159, -0.32379454374313354, -3.022508003907216e+38)
(0.41719818115234375, -0.06866936385631561, -0.33021122217178345, -2.9824747866556245e+38)
(0.40207237005233765, -0.05300173908472061, -0.3048582077026367, -2.849030729150319e+38)
(0.4114896059036255, -0.05588915944099426, -0.3121985197067261, -2.9557859751545634e+38)
(0.40674805641174316, -0.03693992644548416, -0.31521379947662354, -2.8890643520501028e+38)
(0.41415801644325256, -0.028925655409693718, -0.3150489926338196, -2.8890643520501028e+38)
(0.40553611516952515, -0.01860334910452366, -0.3094426989555359, -2.995819598054347e+38)
(0.412456750869751, -0.01025254838168621, -0.308695912361145, -3.0358528153059387e+38)
(0.40556252002716064, 0.007807630579918623, -0.3081435561180115, -2.9024087578006333e+38)
(0.41305482387542725, -0.0012881848961114883, -0.30988001823425293, -3.0091640038048777e+38)
(0.4056186079978943, 0.02537020854651928, -0.3086974024772644, -2.942441569404033e+38)
(0.4135698676109314, 0.016796741634607315, -0.3111576437950134, -2.995819192406155e+38)
(0.4131702184677124, 0.034908585250377655, -0.31097084283828735, -2.969130380905094e+38)
(0.4143933057785034, 0.04435749351978302, -0.3151702284812927, -2.942441569404033e+38)
(0.4057440161705017, 0.05205664038658142, -0.3116285800933838, -2.942441569404033e+38)
(0.4126204550266266, 0.06233978271484375, -0.31277841329574585, -2.9290971636535023e+38)
(0.40236955881118774, 0.0776960700750351, -0.30671775341033936, -2.8757199462995722e+38)
(0.4099879860877991, 0.07981664687395096, -0.3089960813522339, -2.8890643520501028e+38)
(0.4007456302642822, 0.09512364864349365, -0.306538462638855, -2.8623755405490417e+38)
(0.40836769342422485, 0.08830639719963074, -0.3066093325614929, -2.8890643520501028e+38)
(0.4016153812408447, 0.11498481780290604, -0.314963698387146, -2.7556202945447973e+38)
(0.41288894414901733, 0.12131636589765549, -0.327717661857605, -2.768964700295328e+38)
(0.40623366832733154, 0.12933388352394104, -0.33248019218444824, -2.7823091060458584e+38)
(0.41140609979629517, 0.14124973118305206, -0.3306036591529846, -2.7556202945447973e+38)
(0.4084761142730713, 0.14912039041519165, -0.3260335922241211, -2.768964700295328e+38)
(0.41701626777648926, -0.12845869362354279, -0.3277687430381775, -2.8756154918901134e+38)
(0.4230177402496338, -0.13053274154663086, -0.323619544506073, -2.8756154918901134e+38)
(0.4204360246658325, -0.12064368277788162, -0.333401083946228, -2.915648709141705e+38)
(0.4300873279571533, -0.11441013216972351, -0.33486437797546387, -2.9288886604827768e+38)
(0.43337056040763855, -0.10578849166631699, -0.3400809168815613, -2.9689216749102724e+38)
(0.43401843309402466, -0.0951441302895546, -0.3387671709060669, -2.9690778494642205e+38)
(0.4277707040309906, -0.0829196646809578, -0.3406808376312256, -3.022508003907216e+38)
(0.43445125222206116, -0.08450555056333542, -0.33719325065612793, -3.009111066715812e+38)
(0.42790067195892334, -0.06204679608345032, -0.33644652366638184, -2.9824747866556245e+38)
(0.43465304374694824, -0.06332144886255264, -0.33323395252227783, -2.9557855695063713e+38)
(0.42717689275741577, -0.04146207123994827, -0.331140398979187, -2.9557863808027555e+38)
(0.435464084148407, -0.032694585621356964, -0.3306514024734497, -2.9957155492930804e+38)
(0.421631395816803, -0.020475182682275772, -0.3144466280937195, -3.0091640038048777e+38)
(0.42818722128868103, -0.021040331572294235, -0.3117210268974304, -2.9957155492930804e+38)
(0.41978052258491516, 0.007694871164858341, -0.3083077073097229, -2.9557863808027555e+38)
(0.4262821674346924, 0.00765148364007473, -0.3057253956794739, -3.0091120808362923e+38)
(0.42170870304107666, 0.026375746354460716, -0.31368422508239746, -2.9557859751545634e+38)
(0.4284015893936157, 0.01714891940355301, -0.31099408864974976, -2.9556821292173927e+38)
(0.4213693141937256, 0.03571204096078873, -0.3133806586265564, -2.942441569404033e+38)
(0.4226835370063782, 0.045468300580978394, -0.3176347613334656, -2.9157527579029718e+38)
(0.42184752225875854, 0.05479636788368225, -0.316559374332428, -2.9024083521524412e+38)
(0.42929238080978394, 0.06575805693864822, -0.31731218099594116, -2.8890122262574214e+38)
(0.42371875047683716, 0.0850362703204155, -0.3264223337173462, -2.9024087578006333e+38)
(0.4320226311683655, 0.07694107294082642, -0.3257327079772949, -2.9155444575563423e+38)
(0.4238678216934204, 0.10567808896303177, -0.33156561851501465, -2.795653511796389e+38)
(0.43487584590911865, 0.09936179965734482, -0.33703869581222534, -2.8222378688879912e+38)
(0.4252944588661194, 0.1282515674829483, -0.3414105176925659, -2.7422758887942668e+38)
(0.4318583011627197, 0.13022899627685547, -0.33778369426727295, -2.728931077395544e+38)
(0.4216136336326599, 0.14738163352012634, -0.3385620713233948, -2.7556202945447973e+38)
(0.431144654750824, 0.1409795880317688, -0.3393387198448181, -2.7422758887942668e+38)
(0.4184211492538452, 0.1555548906326294, -0.3337239623069763, -2.7556202945447973e+38)
(0.4245718717575073, 0.15781137347221375, -0.32970744371414185, -2.768964700295328e+38)
(0.42334628105163574, -0.14979404211044312, -0.312697172164917, -2.8355822746385218e+38)
(0.4295334815979004, -0.16445063054561615, -0.3129991888999939, -2.7822046516363996e+38)
(0.42909669876098633, -0.1326286643743515, -0.3192363381385803, -2.8489266803890523e+38)
(0.4335235357284546, -0.14476244151592255, -0.3142780065536499, -2.8222378688879912e+38)
(0.4329129457473755, -0.12470614165067673, -0.3251022696495056, -2.888959897640644e+38)
(0.4431397318840027, -0.11838371306657791, -0.32631105184555054, -2.9422855976741808e+38)
(0.44003963470458984, -0.10767623037099838, -0.33603912591934204, -2.9689220805584644e+38)
(0.4468124508857727, -0.10959094017744064, -0.3317486047744751, -2.94218175173701e+38)
(0.443772554397583, -0.08762038499116898, -0.3395199775695801, -2.94233731781867e+38)
(0.4508037567138672, -0.08928725868463516, -0.33549875020980835, -2.8756156947142095e+38)
(0.44398146867752075, -0.06574881076812744, -0.33559226989746094, -2.942441366579937e+38)
(0.45110705494880676, -0.06709293276071548, -0.33186477422714233, -2.8890639464019107e+38)
(0.4432207942008972, -0.04413466900587082, -0.33049851655960083, -3.0224043607941415e+38)
(0.45210927724838257, -0.03493322432041168, -0.32965409755706787, -2.9289935205404277e+38)
(0.44251957535743713, -0.012925134971737862, -0.3259386420249939, -2.9957155492930804e+38)
(0.45104384422302246, -0.024062378332018852, -0.32632672786712646, -2.9423379262909582e+38)
(0.43662405014038086, -0.002259626053273678, -0.3117373585700989, -3.009059955043611e+38)
(0.4440573453903198, 0.0074956584721803665, -0.3095318078994751, -2.888960303288836e+38)
(0.43714162707328796, 0.027228981256484985, -0.31313079595565796, -2.862271491787775e+38)
(0.44649451971054077, 0.017625970765948296, -0.31498783826828003, -2.8356867290479806e+38)
(0.44266003370285034, 0.0483584851026535, -0.3274274468421936, -2.9289935205404277e+38)
(0.44825416803359985, 0.0383235365152359, -0.319755494594574, -2.7823091060458584e+38)
(0.44167089462280273, 0.05843152850866318, -0.3262050747871399, -2.9289935205404277e+38)
(0.449857622385025, 0.07029930502176285, -0.3265477418899536, -2.875667820506891e+38)
(0.4411196708679199, 0.07912848889827728, -0.32788681983947754, -2.888855646055281e+38)
(0.4482020437717438, 0.08039142936468124, -0.3244280219078064, -2.8755112403047506e+38)
(0.4417928457260132, 0.10094557702541351, -0.3335683345794678, -2.8222378688879912e+38)
(0.44876229763031006, 0.11373735219240189, -0.3320900797843933, -2.795653106148197e+38)
(0.43853533267974854, 0.1322382390499115, -0.3339211940765381, -2.7422754831460747e+38)
(0.448422908782959, 0.1249464824795723, -0.33401018381118774, -2.7689642946471358e+38)
(0.4343670606613159, 0.15178875625133514, -0.33051860332489014, -2.7556198888966053e+38)
(0.44445663690567017, 0.14528276026248932, -0.33102744817733765, -2.7422750774978826e+38)
(0.4293477535247803, 0.17044399678707123, -0.3258627653121948, -2.7556198888966053e+38)
(0.4395376145839691, 0.16474080085754395, -0.32669514417648315, -2.7155862659968216e+38)
(0.4314277172088623, 0.1805126667022705, -0.31541991233825684, -2.755619483248413e+38)
(0.4471842646598816, -0.1888670027256012, -0.3196161985397339, -2.7555669518075397e+38)
(0.43533527851104736, -0.16672375798225403, -0.3075312376022339, -2.7689117632062623e+38)
(0.44629597663879395, -0.16200177371501923, -0.30892688035964966, -2.7689117632062623e+38)
(0.439609557390213, -0.14695866405963898, -0.30920612812042236, -2.768860245885869e+38)
(0.45046573877334595, -0.1414441615343094, -0.3103974461555481, -2.8088936659615567e+38)
(0.4457206130027771, -0.12885981798171997, -0.31581950187683105, -2.862271288963679e+38)
(0.45654383301734924, -0.12245095521211624, -0.3167220950126648, -2.8489270860372444e+38)
(0.45368409156799316, -0.11153105646371841, -0.3271973133087158, -2.94218175173701e+38)
(0.46452566981315613, -0.10411392897367477, -0.3277076482772827, -2.8489266803890523e+38)
(0.4607752561569214, -0.0925825759768486, -0.33732283115386963, -2.8489270860372444e+38)
(0.46815192699432373, -0.09432880580425262, -0.33269864320755005, -2.862271086139583e+38)
(0.4608517289161682, -0.05827551335096359, -0.3314739465713501, -2.8890643520501028e+38)
(0.46859797835350037, -0.0710783526301384, -0.3294253945350647, -2.9023043033911745e+38)
(0.46304255723953247, -0.04782527685165405, -0.3346555829048157, -2.9023047090393666e+38)
(0.4727019667625427, -0.03801696002483368, -0.33336031436920166, -2.8888558488793772e+38)
(0.464927613735199, -0.01485193520784378, -0.3357471823692322, -2.9423379262909582e+38)
(0.4743539094924927, -0.026943041011691093, -0.33572298288345337, -2.915648911965801e+38)
(0.4630979895591736, -0.0036542555317282677, -0.3314504623413086, -2.888960303288836e+38)
(0.4686893820762634, 0.007250497583299875, -0.3230840563774109, -2.822342120473354e+38)
(0.4610444903373718, 0.028910953551530838, -0.32732027769088745, -2.7957056375890703e+38)
(0.4688926637172699, 0.018258806318044662, -0.32355135679244995, -2.849031134798511e+38)
(0.46778038144111633, 0.05218406766653061, -0.3429300785064697, -2.7823612318385398e+38)
(0.4766451120376587, 0.04159709811210632, -0.33992719650268555, -2.795653511796389e+38)
(0.46385458111763, 0.062463320791721344, -0.33573293685913086, -2.7823612318385398e+38)
(0.4700338840484619, 0.07437986880540848, -0.3298799991607666, -2.8088936659615567e+38)
(0.4579451084136963, 0.08270926773548126, -0.3261038661003113, -2.8488224288036896e+38)
(0.46586692333221436, 0.09562589228153229, -0.3248111605644226, -2.742171840033e+38)
(0.4660240709781647, 0.10728369653224945, -0.3271961808204651, -2.742171840033e+38)
(0.4658811688423157, 0.11898302286863327, -0.32923775911331177, -2.742171840033e+38)
(0.45482343435287476, 0.13826212286949158, -0.33118629455566406, -2.728930874571448e+38)
(0.46191897988319397, 0.14038920402526855, -0.32647067308425903, -2.675553454393422e+38)
(0.45005708932876587, 0.15855246782302856, -0.3272344470024109, -2.7155862659968216e+38)
(0.4568406045436859, 0.1608811765909195, -0.3222312331199646, -2.7288270286342774e+38)
(0.44182920455932617, 0.17523974180221558, -0.31622225046157837, -2.768860043061773e+38)
(0.45258989930152893, 0.16949142515659332, -0.31674444675445557, -2.7554115885499758e+38)
(0.4330012798309326, 0.19021224975585938, -0.30428624153137207, -2.7423795319073414e+38)
(0.44357991218566895, 0.18538589775562286, -0.3050248622894287, -2.7155866716450136e+38)
(0.4740765690803528, -0.2155570685863495, -0.35734647512435913, -2.742222343232913e+38)
(0.48490819334983826, -0.22290723025798798, -0.3579758405685425, -2.7288260145137973e+38)
(0.4590453505516052, -0.18432211875915527, -0.32096296548843384, -2.7555669518075397e+38)
(0.4647614061832428, -0.17271602153778076, -0.3090210556983948, -2.715533734555948e+38)
(0.45769524574279785, -0.15679898858070374, -0.3100765347480774, -2.7422229517052013e+38)
(0.4695279002189636, -0.15107184648513794, -0.31093108654022217, -2.7555673574557318e+38)
(0.46171051263809204, -0.13540729880332947, -0.31129008531570435, -2.8088934631374607e+38)
(0.47332900762557983, -0.12880687415599823, -0.31183040142059326, -2.7822044488123036e+38)
(0.47179970145225525, -0.10600142925977707, -0.32269734144210815, -2.8088934631374607e+38)
(0.4779810905456543, -0.11954667419195175, -0.3177672028541565, -2.8088934631374607e+38)
(0.47918781638145447, -0.08579804748296738, -0.33249521255493164, -2.8088934631374607e+38)
(0.48698127269744873, -0.08745551109313965, -0.3273624777793884, -2.8355822746385218e+38)
(0.47927698493003845, -0.07380011677742004, -0.3307247757911682, -2.8355822746385218e+38)
(0.4901804029941559, -0.06427502632141113, -0.32965922355651855, -2.8489266803890523e+38)
(0.48062533140182495, -0.038906730711460114, -0.3290233612060547, -2.888855646055281e+38)
(0.492862343788147, -0.052954599261283875, -0.3331211805343628, -2.928784814545606e+38)
(0.48686060309410095, -0.01658468134701252, -0.33926278352737427, -2.862271086139583e+38)
(0.4970703721046448, -0.029526764526963234, -0.33862727880477905, -2.888855646055281e+38)
(0.48475128412246704, -0.004602176137268543, -0.33481836318969727, -2.8222378688879912e+38)
(0.4969514012336731, 0.006971329916268587, -0.3371005654335022, -2.849030729150319e+38)
(0.48538506031036377, 0.030516279861330986, -0.3362089991569519, -2.822341917649258e+38)
(0.49717414379119873, 0.01909685507416725, -0.33756405115127563, -2.8623751349008496e+38)
(0.48692330718040466, 0.054450199007987976, -0.34052491188049316, -2.8089975118987274e+38)
(0.49860405921936035, 0.05598148703575134, -0.3418406844139099, -2.822341917649258e+38)
(0.4855539798736572, 0.0660848468542099, -0.33899378776550293, -2.7823087003976663e+38)
(0.4807860851287842, 0.0765431597828865, -0.3311929702758789, -2.7955494630351222e+38)
(0.4762956202030182, 0.09845474362373352, -0.32589930295944214, -2.7955494630351222e+38)
(0.4866594076156616, 0.08903800696134567, -0.3240259885787964, -2.8222382745361833e+38)
(0.47334909439086914, 0.1208704486489296, -0.32449662685394287, -2.742171840033e+38)
(0.48731356859207153, 0.11381210386753082, -0.329021692276001, -2.768860651534061e+38)
(0.4720189571380615, 0.14458146691322327, -0.3272368907928467, -2.728931077395544e+38)
(0.4794064164161682, 0.14678990840911865, -0.32184457778930664, -2.715482622883747e+38)
(0.46369779109954834, 0.16323046386241913, -0.3169390559196472, -2.7687559943005063e+38)
(0.47513431310653687, 0.15641891956329346, -0.31675368547439575, -2.7020339655478536e+38)
(0.4592134952545166, 0.17189346253871918, -0.31134623289108276, -2.78199635128977e+38)
(0.4637848138809204, 0.1852225959300995, -0.3051890730857849, -2.7419631340381785e+38)
(0.4523547291755676, 0.1905953288078308, -0.30489516258239746, -2.7555158401353385e+38)
(0.45604759454727173, 0.20344413816928864, -0.29786890745162964, -2.728879357251055e+38)
(0.49301934242248535, -0.2431681603193283, -0.35738736391067505, -2.7687030572114408e+38)
(0.5079037547111511, -0.23846326768398285, -0.3582363724708557, -2.7686511342428554e+38)
(0.49913305044174194, -0.21776080131530762, -0.3590102195739746, -2.7687555886523142e+38)
(0.504763662815094, -0.2033034861087799, -0.3434727191925049, -2.7287223714007226e+38)
(0.4771762490272522, -0.1673382669687271, -0.30979812145233154, -2.7419627283899864e+38)
(0.49006187915802, -0.16138964891433716, -0.3102271556854248, -2.755307134140517e+38)
(0.48521673679351807, -0.1474098116159439, -0.3176496624946594, -2.8086326313499577e+38)
(0.4923941493034363, -0.14971038699150085, -0.3110218644142151, -2.808528582588691e+38)
(0.49339255690574646, -0.113771952688694, -0.3237535357475281, -2.742171434384808e+38)
(0.5048482418060303, -0.11787886172533035, -0.32379859685897827, -2.7688077144449956e+38)
(0.4978146553039551, -0.10330091416835785, -0.32917338609695435, -2.7822046516363996e+38)
(0.5058337450027466, -0.10519315302371979, -0.3231127858161926, -2.7689117632062623e+38)
(0.5017828941345215, -0.06680194288492203, -0.3304097652435303, -2.8088934631374607e+38)
(0.510362982749939, -0.08114088326692581, -0.3266775608062744, -2.7689638889989437e+38)
(0.5046640038490295, -0.05511348694562912, -0.33398038148880005, -2.8620627857929534e+38)
(0.5158488750457764, -0.04410888999700546, -0.33152806758880615, -2.6887938113826858e+38)
(0.5072212219238281, -0.018022986128926277, -0.3356083631515503, -2.8088934631374607e+38)
(0.5180181860923767, -0.03165978193283081, -0.3341565728187561, -2.7822046516363996e+38)
(0.5090551972389221, 0.006866175681352615, -0.3381301760673523, -2.8089975118987274e+38)
(0.5179568529129028, 0.0068067703396081924, -0.3327828049659729, -2.8222378688879912e+38)
(0.5126423239707947, 0.03230158984661102, -0.3446423411369324, -2.8356863233997885e+38)
(0.5219294428825378, 0.01974121294915676, -0.3392949104309082, -2.79554905738693e+38)
(0.5107954144477844, 0.05757498741149902, -0.34285807609558105, -2.8089975118987274e+38)
(0.5197224617004395, 0.05846639722585678, -0.3373621106147766, -2.7954444001533753e+38)
(0.5056883692741394, 0.06908708810806274, -0.3351306915283203, -2.7823087003976663e+38)
(0.5158714056015015, 0.08355920016765594, -0.33338528871536255, -2.7953407570403007e+38)
(0.5018556714057922, 0.10590460896492004, -0.33311206102371216, -2.742171840033e+38)
(0.5102503299713135, 0.10760971903800964, -0.32739269733428955, -2.7420671827994452e+38)
(0.4986213445663452, 0.1172642782330513, -0.3294866681098938, -2.7288274342824695e+38)
(0.506827175617218, 0.11913416534662247, -0.3236923813819885, -2.7555158401353385e+38)
(0.49110469222068787, 0.1388518214225769, -0.32096922397613525, -2.688794217030878e+38)
(0.4977583885192871, 0.15347205102443695, -0.3157641887664795, -2.7020339655478536e+38)
(0.48551928997039795, 0.16105496883392334, -0.3166327476501465, -2.7287227770489147e+38)
(0.49109959602355957, 0.17544424533843994, -0.310377299785614, -2.7287227770489147e+38)
(0.4733482599258423, 0.19051282107830048, -0.3045603632926941, -2.7420671827994452e+38)
(0.4832409918308258, 0.19597196578979492, -0.3035842180252075, -2.7287227770489147e+38)
(0.47083336114883423, 0.20151714980602264, -0.30370813608169556, -2.715378371298384e+38)
(0.4773310720920563, 0.2040747106075287, -0.2968931198120117, -2.688689559797323e+38)
(0.5064365863800049, -0.2485107034444809, -0.33920204639434814, -2.755202476906962e+38)
(0.5219970941543579, -0.24393366277217865, -0.33947545289993286, -2.76844263107213e+38)
(0.5183636546134949, -0.22810764610767365, -0.3501477837562561, -2.7553590571091023e+38)
(0.5290267467498779, -0.217564195394516, -0.34201163053512573, -2.7419625255658904e+38)
(0.506231963634491, -0.18563634157180786, -0.3216369152069092, -2.7420148541826678e+38)
(0.5253151655197144, -0.18279877305030823, -0.3286151885986328, -2.7686515398910475e+38)
(0.5220346450805664, -0.15375648438930511, -0.33741044998168945, -2.7951841768381605e+38)
(0.5325754880905151, -0.17297524213790894, -0.3365170955657959, -2.78183977108763e+38)
(0.5237294435501099, -0.14031848311424255, -0.33722811937332153, -2.781995945641578e+38)
(0.5525921583175659, -0.1394171267747879, -0.35820817947387695, -2.7953403513921086e+38)
(0.5218513011932373, -0.11106755584478378, -0.329235315322876, -2.7555154344871464e+38)
(0.5224745273590088, -0.09766416996717453, -0.3281185030937195, -2.7956005747073234e+38)
(0.5225101113319397, -0.07083868980407715, -0.3247251510620117, -2.7689638889989437e+38)
(0.5312402248382568, -0.07226374745368958, -0.3182322382926941, -2.782256168956793e+38)
(0.5219069123268127, -0.05749291181564331, -0.3224320411682129, -2.79554905738693e+38)
(0.5336217880249023, -0.04610372334718704, -0.3193248510360718, -2.8088934631374607e+38)
(0.5269787311553955, -0.03243199735879898, -0.32828813791275024, -2.768860245885869e+38)
(0.5379642248153687, -0.02008945122361183, -0.3241899609565735, -2.7822046516363996e+38)
(0.530080258846283, -0.006478749215602875, -0.332003116607666, -2.742171434384808e+38)
(0.5393375158309937, -0.006787214428186417, -0.3257914185523987, -2.79554905738693e+38)
(0.5308575630187988, 0.03315278887748718, -0.3333820104598999, -2.7956005747073234e+38)
(0.5404378175735474, 0.020111966878175735, -0.32728350162506104, -2.79554905738693e+38)
(0.5287787914276123, 0.059370629489421844, -0.33149075508117676, -2.7687555886523142e+38)
(0.5393267869949341, 0.046998828649520874, -0.3264787197113037, -2.8087884002557138e+38)
(0.5269814729690552, 0.0722489133477211, -0.32972216606140137, -2.7553598684054864e+38)
(0.5285544395446777, 0.08608260750770569, -0.33342885971069336, -2.755307539788709e+38)
(0.5263697504997253, 0.11250650882720947, -0.3332793116569519, -2.7687559943005063e+38)
(0.5387324094772339, 0.10167893022298813, -0.33009326457977295, -2.7554115885499758e+38)
(0.5184639692306519, 0.13620106875896454, -0.32500314712524414, -2.715482622883747e+38)
(0.5308629274368286, 0.14039084315299988, -0.32419902086257935, -2.648760594131094e+38)
(0.5127438902854919, 0.1604696363210678, -0.32097333669662476, -2.688689559797323e+38)
(0.5259900689125061, 0.15187843143939972, -0.31924325227737427, -2.6088314256407693e+38)
(0.5074601173400879, 0.17081432044506073, -0.3153269290924072, -2.662000748296262e+38)
(0.5271294116973877, 0.18156883120536804, -0.3265426754951477, -2.341735010283529e+38)
(0.4996034502983093, 0.1927957534790039, -0.30889320373535156, -2.7287227770489147e+38)
(0.5117213129997253, 0.21418790519237518, -0.3126417398452759, -2.6486563425457314e+38)
(0.4905776381492615, 0.21313150227069855, -0.30112212896347046, -2.6753451540467925e+38)
(0.5127109289169312, 0.23035992681980133, -0.318051815032959, -2.662000748296262e+38)
(0.4912784695625305, 0.2434801459312439, -0.3106290102005005, -2.58198643958576e+38)
(0.4978262782096863, 0.261983186006546, -0.30683159828186035, -2.6219675310446703e+38)
(0.5444008111953735, -0.2946842312812805, -0.3413611054420471, -2.7550976168493112e+38)
(0.5248006582260132, -0.2593797743320465, -0.32772982120513916, -2.7284094138205382e+38)
(0.528941810131073, -0.24659232795238495, -0.32953107357025146, -2.7284094138205382e+38)
(0.541858971118927, -0.22509512305259705, -0.3406364321708679, -2.768442833896226e+38)
(0.5455390214920044, -0.2414707988500595, -0.3290730118751526, -2.7683905052794485e+38)
(0.5378624796867371, -0.1891384869813919, -0.3272086977958679, -2.7153258398575107e+38)
(0.5475594997406006, -0.20946691930294037, -0.32417094707489014, -2.6886366227082575e+38)
(0.5456407070159912, -0.17910927534103394, -0.33532291650772095, -2.7419627283899864e+38)
(0.5584888458251953, -0.17183691263198853, -0.35089439153671265, -2.78183977108763e+38)
(0.5727221965789795, -0.14770060777664185, -0.365652859210968, -2.7684957709852914e+38)
(0.5822336673736572, -0.15015248954296112, -0.35654664039611816, -2.7552554139960276e+38)
(0.567987322807312, -0.12916938960552216, -0.3563855290412903, -2.781839973911726e+38)
(0.5726320743560791, -0.11339596658945084, -0.3390235900878906, -2.7951841768381605e+38)
(0.5444015264511108, -0.0891294926404953, -0.31899023056030273, -2.7820478686101634e+38)
(0.5533162951469421, -0.07653917372226715, -0.3098645806312561, -2.8086322257017657e+38)
(0.5437154769897461, -0.06104831397533417, -0.31517457962036133, -2.768860245885869e+38)
(0.5561268329620361, -0.04907169193029404, -0.31125468015670776, -2.7553594627572944e+38)
(0.5472521185874939, -0.020645253360271454, -0.3175482749938965, -2.742171434384808e+38)
(0.5566315054893494, -0.021206507459282875, -0.3104761242866516, -2.7687559943005063e+38)
(0.5487050414085388, -0.007099343463778496, -0.31916606426239014, -2.7555158401353385e+38)
(0.5590906739234924, 0.006507121957838535, -0.3131539225578308, -2.7288268258101814e+38)
(0.5495691299438477, 0.03402714431285858, -0.320536732673645, -2.7288785459546707e+38)
(0.5593942999839783, 0.020491693168878555, -0.3136087656021118, -2.7021897344536096e+38)
(0.5486878752708435, 0.04768543690443039, -0.3198283314704895, -2.755462903046273e+38)
(0.5581424832344055, 0.04837886989116669, -0.312743604183197, -2.755307134140517e+38)
(0.551064133644104, 0.09011855721473694, -0.3260922431945801, -2.728618728287648e+38)
(0.5632664561271667, 0.07782146334648132, -0.32120275497436523, -2.7550988337938874e+38)
(0.5567197799682617, 0.10638470947742462, -0.3355085849761963, -2.715378371298384e+38)
(0.5662294030189514, 0.10807286947965622, -0.3277944326400757, -2.795236708279034e+38)
(0.54853355884552, 0.13241255283355713, -0.32762759923934937, -2.6621049998816247e+38)
(0.5622293949127197, 0.13655191659927368, -0.32605570554733276, -2.7152743225371174e+38)
(0.5711430311203003, 0.19165877997875214, -0.3676937222480774, -2.6486563425457314e+38)
(0.6127305626869202, 0.19551321864128113, -0.3993973731994629, -2.6752411052855258e+38)
(0.5796009302139282, 0.23227332532405853, -0.3869052529335022, -2.5952787195436092e+38)
(0.60218346118927, 0.245060533285141, -0.39515185356140137, -2.6486563425457314e+38)
(0.5544978976249695, 0.2304278016090393, -0.3536309599876404, -2.6486563425457314e+38)
(0.5713236331939697, 0.25799787044525146, -0.3597298264503479, -2.662000748296262e+38)
(0.5347148180007935, 0.26388198137283325, -0.3361624479293823, -2.688689559797323e+38)
(0.5510631799697876, 0.25792601704597473, -0.3349407911300659, -2.635311733971105e+38)
(0.5219172239303589, 0.2848476767539978, -0.325620174407959, -2.635311733971105e+38)
(0.5336301326751709, 0.2932296395301819, -0.32284438610076904, -2.6219671253964782e+38)
(0.5865986943244934, -0.3320954144001007, -0.35606980323791504, -2.688428525185724e+38)
(0.5495682954788208, -0.27683302760124207, -0.3226355314254761, -2.741754022395165e+38)
(0.5675742626190186, -0.27224332094192505, -0.32143568992614746, -2.7549943793844286e+38)
(0.5628312826156616, -0.2356632798910141, -0.32812297344207764, -2.7152733084166372e+38)
(0.5659228563308716, -0.25231748819351196, -0.3151651620864868, -2.75504650517711e+38)
(0.566667914390564, -0.22138772904872894, -0.3295174241065979, -2.6486555312493473e+38)
(0.5845246911048889, -0.2141314446926117, -0.3278167247772217, -2.7418065538360383e+38)
(0.5818798542022705, -0.18079517781734467, -0.3396717309951782, -2.6753447483986004e+38)
(0.6009286642074585, -0.2077789604663849, -0.34497660398483276, -2.688428930833916e+38)
(0.5964356660842896, -0.17234598100185394, -0.35566550493240356, -2.7020339655478536e+38)
(0.6197190880775452, -0.18281835317611694, -0.3620307445526123, -2.7419627283899864e+38)
(0.5989755392074585, -0.13924597203731537, -0.3538011908531189, -2.6885855110360563e+38)
(0.6095072031021118, -0.12473014742136002, -0.34242498874664307, -2.7418586796287197e+38)
(0.5720020532608032, -0.09601227194070816, -0.3156152367591858, -2.7817876452949485e+38)
(0.597658634185791, -0.10360699146986008, -0.3263958692550659, -2.768443239544418e+38)
(0.5654538869857788, -0.05011804401874542, -0.30357205867767334, -2.781840176735822e+38)
(0.5845798254013062, -0.05319301038980484, -0.3069719076156616, -2.8217172194334655e+38)
(0.5706523060798645, -0.0222794022411108, -0.3086467385292053, -2.795236505454938e+38)
(0.582740306854248, -0.037923723459243774, -0.3039848208427429, -2.7950284079324044e+38)
(0.5686821937561035, 0.006443112622946501, -0.3056471347808838, -2.768599819746558e+38)
(0.5783337354660034, 0.006378702353686094, -0.29766732454299927, -2.7817359251504592e+38)
(0.5686635375022888, 0.03491934388875961, -0.3059503436088562, -2.7418586796287197e+38)
(0.5786687135696411, 0.020877789705991745, -0.2981146574020386, -2.7550988337938874e+38)
(0.5722274780273438, 0.049696482717990875, -0.31088578701019287, -2.7951841768381605e+38)
(0.5819663405418396, 0.05041065812110901, -0.3027483820915222, -2.741754428043357e+38)
(0.5874729156494141, 0.0813952311873436, -0.31089138984680176, -2.7418065538360383e+38)
(0.5945090651512146, 0.09868424385786057, -0.32041609287261963, -2.728358504972433e+38)
(0.5807631015777588, 0.11144614964723587, -0.325883686542511, -2.7549951906808128e+38)
(0.5958284735679626, 0.1149401143193245, -0.32340705394744873, -2.7284106307651145e+38)
(0.5759133100509644, 0.15636399388313293, -0.32544517517089844, -2.7284625537337e+38)
(0.596123218536377, 0.16401690244674683, -0.3294675946235657, -2.6885855110360563e+38)
(0.6338728666305542, 0.2012820690870285, -0.3778967261314392, -2.662000748296262e+38)
(0.6651895642280579, 0.23914699256420135, -0.41932034492492676, -2.635311936795201e+38)
(0.6445206999778748, 0.25071489810943604, -0.42310982942581177, -2.6086231252941398e+38)
(0.6535907983779907, 0.2741754651069641, -0.4123094081878662, -2.5819343137930787e+38)
(0.6023868918418884, 0.26051563024520874, -0.3752487897872925, -2.635311936795201e+38)
(0.601277232170105, 0.27501192688941956, -0.35443419218063354, -2.6219675310446703e+38)
(0.5722255706787109, 0.29172518849372864, -0.34716397523880005, -2.621966719748286e+38)
(0.5799849629402161, 0.2947482466697693, -0.33542221784591675, -2.595278313895417e+38)
(0.551353931427002, 0.3080746531486511, -0.32748275995254517, -2.595278111071321e+38)
(0.5819641351699829, 0.3162594735622406, -0.34249556064605713, -2.6219671253964782e+38)
(0.5585951805114746, 0.33570972084999084, -0.3427455425262451, -2.568589502394356e+38)
(0.6055099964141846, -0.37040793895721436, -0.3626111149787903, -2.7150650080700077e+38)
(0.6376996636390686, -0.3775951564311981, -0.372276246547699, -2.7150130851014224e+38)
(0.6072153449058533, -0.32768720388412476, -0.3542559742927551, -2.741649973633898e+38)
(0.6429936289787292, -0.35932856798171997, -0.37328630685806274, -2.7283055678833676e+38)
(0.6055300235748291, -0.2643583118915558, -0.3389434814453125, -2.741754022395165e+38)
(0.6527917981147766, -0.32229334115982056, -0.37501025199890137, -2.7949742538987627e+38)
(0.6097517013549805, -0.2482951134443283, -0.3401942253112793, -2.7150652108941037e+38)
(0.684887170791626, -0.2796271741390228, -0.39862489700317383, -2.755046099528918e+38)
(0.6349259614944458, -0.20775702595710754, -0.3596940040588379, -2.795131645397287e+38)
(0.658734917640686, -0.23980915546417236, -0.36589086055755615, -2.755046099528918e+38)
(0.6545565724372864, -0.17967288196086884, -0.3766336441040039, -2.7818912884080232e+38)
(0.7128707766532898, -0.20620989799499512, -0.4157336950302124, -2.7817870368226604e+38)
(0.655285120010376, -0.16049222648143768, -0.3749345541000366, -2.78183977108763e+38)
(0.6747714281082153, -0.1469491571187973, -0.36968713998794556, -2.7550984281456954e+38)
(0.6536254286766052, -0.10309130698442459, -0.3670996427536011, -2.7418069594842304e+38)
(0.6660467386245728, -0.12425103038549423, -0.3584117889404297, -2.768443239544418e+38)
(0.6517337560653687, -0.08418957889080048, -0.3635253310203552, -2.7683391907831513e+38)
(0.6708449125289917, -0.08769053220748901, -0.3604217767715454, -2.7816833937095858e+38)
(0.6029503345489502, -0.040398143231868744, -0.3069406747817993, -2.7950801280768937e+38)
(0.6215117573738098, -0.026337718591094017, -0.30573976039886475, -2.7684951625130033e+38)
(0.5979833602905273, 0.0061948541551828384, -0.30027997493743896, -2.7285663996708705e+38)
(0.6122223734855652, -0.009617997333407402, -0.29560065269470215, -2.7551507567624728e+38)
(0.5979171395301819, 0.03665454685688019, -0.3005244731903076, -2.675136650876067e+38)
(0.6137481927871704, 0.02182135544717312, -0.2970997095108032, -2.7284619452614117e+38)
(0.6053010821342468, 0.06863654404878616, -0.3099464774131775, -2.6219671253964782e+38)
(0.6175546646118164, 0.05393096059560776, -0.30184125900268555, -2.7285661968467745e+38)
(0.6343189477920532, 0.10848987102508545, -0.34464162588119507, -2.6752411052855258e+38)
(0.6634331941604614, 0.09658106416463852, -0.3519638776779175, -2.7019293083142987e+38)
(0.6500734090805054, 0.13121429085731506, -0.3639158010482788, -2.6752411052855258e+38)
(0.6627684831619263, 0.15261147916316986, -0.35583287477493286, -2.6218630766352115e+38)
(0.6242364645004272, 0.17531445622444153, -0.3406112790107727, -2.688689762621419e+38)
(0.6485878229141235, 0.16581790149211884, -0.3426225781440735, -2.6750845250833856e+38)
(0.6764382123947144, 0.24244825541973114, -0.4063507318496704, -2.6219675310446703e+38)
(0.6709505319595337, 0.2154466211795807, -0.37162667512893677, -2.7151181479831693e+38)
(0.6946429014205933, 0.2757888734340668, -0.43107372522354126, -2.5685379850739628e+38)
(0.7168493270874023, 0.2861756980419159, -0.42835360765457153, -2.5683816076959186e+38)
(0.6358972787857056, 0.278395414352417, -0.3694639205932617, -2.581830265031812e+38)
(0.6882181763648987, 0.3372155725955963, -0.40865689516067505, -2.608362901978925e+38)
(0.6243146657943726, 0.33202287554740906, -0.36820465326309204, -2.5951742651341504e+38)
(0.6642571687698364, 0.3408491313457489, -0.38588613271713257, -2.5549848733286107e+38)
(0.6282135248184204, 0.3579503297805786, -0.3778582811355591, -2.635207482385742e+38)
(0.631148099899292, 0.37878987193107605, -0.3618720769882202, -2.608362496330733e+38)
(0.5859034657478333, 0.3567727506160736, -0.33495253324508667, -2.581725810622353e+38)
(0.5942972898483276, 0.38310495018959045, -0.32808202505111694, -2.5684856564571854e+38)
(0.6675456762313843, -0.40427690744400024, -0.3811350464820862, -2.7150128822773263e+38)
(0.6689425706863403, -0.42630207538604736, -0.3621702194213867, -2.6484470280786217e+38)
(0.6850632429122925, -0.39660778641700745, -0.3952527642250061, -2.728357288027857e+38)
(0.711421012878418, -0.3907053768634796, -0.391018271446228, -2.7417016937783874e+38)
(0.6988463401794434, -0.3334920108318329, -0.3955819010734558, -2.781734505381787e+38)
(0.7206697463989258, -0.34684982895851135, -0.3910897970199585, -2.781734505381787e+38)
(0.7432127594947815, -0.3169970214366913, -0.43402713537216187, -2.7683900996312564e+38)
(0.7512964010238647, -0.34475889801979065, -0.41747331619262695, -2.7683900996312564e+38)
(0.7738065719604492, -0.28490540385246277, -0.45797067880630493, -2.7683903024553525e+38)
(0.8006695508956909, -0.3247147798538208, -0.45794522762298584, -2.781734505381787e+38)
(0.8514431715011597, -0.27171429991722107, -0.53044193983078, -2.768442428248034e+38)
(0.8694671392440796, -0.3070446848869324, -0.5170804858207703, -2.7550976168493112e+38)
(0.8307719230651855, -0.23360536992549896, -0.5060340166091919, -2.755046099528918e+38)
(0.7589075565338135, -0.17562097311019897, -0.4020150899887085, -2.7284615396132196e+38)
(0.6855612993240356, -0.12921391427516937, -0.3544408082962036, -2.7950275966360203e+38)
(0.7045331001281738, -0.11358540505170822, -0.3468167185783386, -2.7683905052794485e+38)
(0.6906998157501221, -0.0913291722536087, -0.3565419316291809, -2.7549941765603326e+38)
(0.711308479309082, -0.09510906785726547, -0.351820707321167, -2.741754022395165e+38)
(0.6839947700500488, -0.051392100751399994, -0.34780997037887573, -2.7550984281456954e+38)
(0.6911717653274536, -0.032658129930496216, -0.33032339811325073, -2.7550984281456954e+38)
(0.6401066780090332, -0.010990975424647331, -0.30324679613113403, -2.755202476906962e+38)
(0.6520161628723145, 0.005717932712286711, -0.29324865341186523, -2.7550986309697914e+38)
(0.635080099105835, 0.03899011015892029, -0.29842257499694824, -2.728513665405901e+38)
(0.6523950695991516, 0.02286125160753727, -0.29365336894989014, -2.7550988337938874e+38)
(0.6785204410552979, 0.07994997501373291, -0.34278303384780884, -2.7550984281456954e+38)
(0.6704611778259277, 0.0595482662320137, -0.3112552762031555, -2.7284100222928264e+38)
(0.7027420997619629, 0.12442099303007126, -0.36926013231277466, -2.728357693676049e+38)
(0.7200402617454529, 0.10688014328479767, -0.35941529273986816, -2.648343587789643e+38)
(0.6968835592269897, 0.14295342564582825, -0.36495697498321533, -2.7017729309362546e+38)
(0.7105028033256531, 0.1663740873336792, -0.35499024391174316, -2.648447839375006e+38)
(0.6742475628852844, 0.1943245679140091, -0.3481329679489136, -2.6353111254988167e+38)
(0.6936692595481873, 0.18048354983329773, -0.34094756841659546, -2.6219671253964782e+38)
(0.708476185798645, 0.25455936789512634, -0.3886881470680237, -2.621759230698041e+38)
(0.7208358645439148, 0.23582078516483307, -0.3717832565307617, -2.6219675310446703e+38)
(0.7510188817977905, 0.3294827938079834, -0.4401460886001587, -2.5682254331419705e+38)
(0.7775992155075073, 0.31661170721054077, -0.43337148427963257, -2.5682256359660666e+38)
(0.749096691608429, 0.35428154468536377, -0.44239872694015503, -2.6082588532176582e+38)
(0.7313939332962036, 0.36257028579711914, -0.3997045159339905, -2.5549852789768027e+38)
(0.6942906379699707, 0.36198052763938904, -0.39294230937957764, -2.555141453530751e+38)
(0.6988918781280518, 0.38633039593696594, -0.3757346272468567, -2.6349476647187193e+38)
(0.674087643623352, 0.3930599093437195, -0.38053447008132935, -2.5949144474671276e+38)
(0.6767195463180542, 0.41580867767333984, -0.3624822497367859, -2.634895538926038e+38)
(0.6423808336257935, 0.4094831943511963, -0.3555092215538025, -2.5684858592812814e+38)
(0.6331305503845215, 0.4181739091873169, -0.32642388343811035, -2.475127144820249e+38)
(0.6565525531768799, -0.4328317940235138, -0.3295241594314575, -2.67503158799432e+38)
(0.674809455871582, -0.44892972707748413, -0.32282555103302, -2.634946244950047e+38)
(0.6755727529525757, -0.42833635210990906, -0.343481183052063, -2.6617914338291523e+38)
(0.7018200159072876, -0.4247235953807831, -0.3381879925727844, -2.648342979317355e+38)
(0.7143310308456421, -0.41525211930274963, -0.37165212631225586, -2.6884802453302134e+38)
(0.7423107624053955, -0.4094310700893402, -0.36583107709884644, -2.6484470280786217e+38)
(0.7435064911842346, -0.3608745336532593, -0.38574373722076416, -2.7683900996312564e+38)
(0.752834141254425, -0.36407867074012756, -0.36651915311813354, -2.701720602319477e+38)
(0.7616742253303528, -0.34826916456222534, -0.3986414670944214, -2.7283568823796648e+38)
(0.7903510332107544, -0.3376379609107971, -0.39162057638168335, -2.728357288027857e+38)
(0.8128864765167236, -0.32852837443351746, -0.438224196434021, -2.7016680708786037e+38)
(0.860794186592102, -0.32475459575653076, -0.44511598348617554, -2.6883240707762652e+38)
(0.8840644359588623, -0.31108254194259644, -0.4958078861236572, -2.7150124766291342e+38)
(0.9160571098327637, -0.2926754951477051, -0.48531001806259155, -2.768182813405107e+38)
(0.9327335357666016, -0.268691748380661, -0.49625128507614136, -2.75488992497497e+38)
(0.8546701669692993, -0.20770540833473206, -0.42799073457717896, -2.6883240707762652e+38)
(0.747348427772522, -0.1466045081615448, -0.36221200227737427, -2.6352587968820393e+38)
(0.7470686435699463, -0.12290344387292862, -0.33447808027267456, -2.755202274082866e+38)
(0.7292603254318237, -0.07735314220190048, -0.3420584201812744, -2.715116525390401e+38)
(0.7446305751800537, -0.10068005323410034, -0.3311449885368347, -2.7417538195710688e+38)
(0.7342749238014221, -0.057395584881305695, -0.345589280128479, -2.7284609311409315e+38)
(0.7505888938903809, -0.03772520273923874, -0.3335045576095581, -2.7284094138205382e+38)
(0.7151956558227539, 0.005048845428973436, -0.3276401162147522, -2.741805539715558e+38)
(0.7534499168395996, -0.016647733747959137, -0.33545708656311035, -2.7150650080700077e+38)
(0.7071789503097534, 0.024582061916589737, -0.32067251205444336, -2.7284096166446343e+38)
(0.744845986366272, 0.046645067632198334, -0.32855552434921265, -2.6883761965689466e+38)
(0.7366569638252258, 0.08825278282165527, -0.3480975031852722, -2.675031993642512e+38)
(0.7427493333816528, 0.06740133464336395, -0.32733601331710815, -2.6616873850678855e+38)
(0.7461652755737305, 0.13317587971687317, -0.35877132415771484, -2.7017212107917653e+38)
(0.780119776725769, 0.14069193601608276, -0.36120474338531494, -2.648343587789643e+38)
(0.7495164275169373, 0.15617713332176208, -0.363275408744812, -2.715065616542296e+38)
(0.7726641893386841, 0.16169235110282898, -0.3565310835838318, -2.6349991820391126e+38)
(0.7327606678009033, 0.21662314236164093, -0.35434818267822266, -2.621654776288582e+38)
(0.7546906471252441, 0.2242320477962494, -0.34739840030670166, -2.6215507275273153e+38)
(0.7906262874603271, 0.29445451498031616, -0.41242116689682007, -2.6217073077294555e+38)
(0.8032232522964478, 0.2719428539276123, -0.3910936713218689, -2.6748245045922668e+38)
(0.804051399230957, 0.32910779118537903, -0.42819011211395264, -2.488419424778098e+38)
(0.799433708190918, 0.3499825894832611, -0.3976495862007141, -2.5282960618275496e+38)
(0.7856572866439819, 0.37213626503944397, -0.41901838779449463, -2.5151082362791592e+38)
(0.7966926097869873, 0.3758935034275055, -0.3991156220436096, -2.5815175102757236e+38)
(0.7371016144752502, 0.38889193534851074, -0.38184279203414917, -2.5948623216744463e+38)
(0.7411551475524902, 0.4147047996520996, -0.36250483989715576, -2.5949140418189356e+38)
(0.6959818601608276, 0.43037134408950806, -0.356128990650177, -2.6082588532176582e+38)
(0.7034798860549927, 0.4330613911151886, -0.3373301029205322, -2.528452844853786e+38)
(0.6778998374938965, 0.4377562701702118, -0.3432340621948242, -2.5416408732262722e+38)
(0.6847427487373352, 0.4401191771030426, -0.32469749450683594, -2.528453047677882e+38)
(0.7012348771095276, -0.44639694690704346, -0.3168869614601135, -2.6083097620657634e+38)
(0.7289687395095825, -0.4430646002292633, -0.30997031927108765, -2.6216022448477086e+38)
(0.7503457069396973, -0.41215550899505615, -0.34542369842529297, -2.60841381082703e+38)
(0.751247763633728, -0.4366814196109772, -0.3234686851501465, -2.594965356315233e+38)
(0.7924758195877075, -0.39113497734069824, -0.3722202777862549, -2.6616873850678855e+38)
(0.7962571382522583, -0.41896212100982666, -0.35049474239349365, -2.5950694050764995e+38)
(0.8133327960968018, -0.378089040517807, -0.38538599014282227, -2.6883240707762652e+38)
(0.8338820934295654, -0.36330747604370117, -0.3982985019683838, -2.7150128822773263e+38)
(0.8735085725784302, -0.3284895420074463, -0.4230484962463379, -2.6749796650257347e+38)
(0.9050958156585693, -0.374691903591156, -0.41819196939468384, -2.6749796650257347e+38)
(0.9122796058654785, -0.3188636600971222, -0.45065760612487793, -2.728357288027857e+38)
(0.9257943630218506, -0.32257917523384094, -0.4267921447753906, -2.6749796650257347e+38)
(0.9481672048568726, -0.2723012864589691, -0.47285377979278564, -2.714961567781029e+38)
(0.9580327272415161, -0.24168749153614044, -0.4421480894088745, -2.6749283505294374e+38)
(0.8813896179199219, -0.18722061812877655, -0.4156491160392761, -2.741649973633898e+38)
(0.8904627561569214, -0.16021385788917542, -0.38895606994628906, -2.714961162132837e+38)
(0.8549143075942993, -0.12552683055400848, -0.39170247316360474, -2.6883761965689466e+38)
(0.8930279016494751, -0.10551795363426208, -0.38808631896972656, -2.6883244764244573e+38)
(0.8023003339767456, -0.06583976000547409, -0.3489341735839844, -2.7017725252880625e+38)
(0.8325772285461426, -0.044916339218616486, -0.343018114566803, -2.6883763993930427e+38)
(0.8242640495300293, 0.003939574118703604, -0.36457061767578125, -2.7017727281121585e+38)
(0.835985541343689, -0.02066580392420292, -0.34505563974380493, -2.7017208051435732e+38)
(0.8245948553085327, 0.02819506824016571, -0.3648861050605774, -2.6751358395796828e+38)
(0.8515008687973022, 0.028907429426908493, -0.3560605049133301, -2.6883761965689466e+38)
(0.8716509342193604, 0.10922855883836746, -0.40285128355026245, -2.7017725252880625e+38)
(0.9070131778717041, 0.08621732145547867, -0.39677494764328003, -2.7150128822773263e+38)
(0.9121934175491333, 0.14332054555416107, -0.40249645709991455, -2.6883761965689466e+38)
(0.9038864374160767, 0.16975867748260498, -0.3978918790817261, -2.6749796650257347e+38)
(0.864090085029602, 0.18796998262405396, -0.40121203660964966, -2.6749281477053414e+38)
(0.8828220367431641, 0.21971337497234344, -0.3861215114593506, -2.648343587789643e+38)
(0.8438365459442139, 0.26180416345596313, -0.39189964532852173, -2.608362496330733e+38)
(0.8724020719528198, 0.2719579339027405, -0.38299649953842163, -2.581674090477864e+38)
(0.8447548151016235, 0.3178456723690033, -0.398343563079834, -2.5549327475359293e+38)
(0.8568761348724365, 0.321347713470459, -0.3769872188568115, -2.5816215590369904e+38)
(0.8105349540710449, 0.35358795523643494, -0.37744659185409546, -2.5415364188168134e+38)
(0.8394167423248291, 0.34000587463378906, -0.3669956922531128, -2.5549327475359293e+38)
(0.8176904916763306, 0.38299116492271423, -0.3573223948478699, -2.541484293024132e+38)
(0.8134356737136841, 0.40873873233795166, -0.3577970266342163, -2.568173104525193e+38)
(0.7837092876434326, 0.41842442750930786, -0.36701613664627075, -2.6215507275273153e+38)
(0.7871352434158325, 0.4458828568458557, -0.3454475998878479, -2.5284522363814977e+38)
(0.7234106063842773, 0.4482026696205139, -0.32913392782211304, -2.475127550468441e+38)
(0.7511875033378601, 0.44253289699554443, -0.32126176357269287, -2.4485423820804546e+38)
(0.7034304738044739, 0.4551101624965668, -0.31643128395080566, -2.44843873896738e+38)
(0.7018394470214844, 0.4760897755622864, -0.2946279048919678, -2.3683201786715153e+38)
(0.6811285018920898, 0.4799589216709137, -0.2820848822593689, -2.408197424193255e+38)
(0.7428271770477295, -0.48160603642463684, -0.299199640750885, -2.5949128248743594e+38)
(0.798222541809082, -0.4461047351360321, -0.3275286555290222, -2.6083103705380515e+38)
(0.8662111759185791, -0.44001147150993347, -0.3687185049057007, -2.6350504965354098e+38)
(0.9383046627044678, -0.4251880347728729, -0.4121275544166565, -2.634946042125951e+38)
(0.9751906394958496, -0.4101734757423401, -0.3982847332954407, -2.6216020420236125e+38)
(0.9515526294708252, -0.3624418079853058, -0.37964868545532227, -2.6216020420236125e+38)
(0.9388436079025269, -0.3261593282222748, -0.402082622051239, -2.6349979650945363e+38)
(0.9513747692108154, -0.32959023118019104, -0.37654757499694824, -2.634790273220195e+38)
(0.9557385444641113, -0.2700849175453186, -0.40816164016723633, -2.6482910563487696e+38)
(0.9870563745498657, -0.24780334532260895, -0.3916967511177063, -2.6614271617526707e+38)
(0.9217312335968018, -0.1672871708869934, -0.37898069620132446, -2.621654167816294e+38)
(0.9604530334472656, -0.20704308152198792, -0.37300193309783936, -2.6081535875118152e+38)
(0.9515988826751709, -0.14532844722270966, -0.3975921869277954, -2.6216024476718046e+38)
(0.9762948751449585, -0.11888804286718369, -0.378554105758667, -2.5949134333466475e+38)
(0.9146429300308228, -0.0804138109087944, -0.37064945697784424, -2.6215507275273153e+38)
(0.9523986577987671, -0.05564355105161667, -0.36214250326156616, -2.5814663986035224e+38)
(0.8790321350097656, 0.0034554735757410526, -0.3456171154975891, -2.6082059161285927e+38)
(0.9218041896820068, -0.024773767217993736, -0.3428211212158203, -2.6082067274249768e+38)
(0.9425649642944336, 0.06071501225233078, -0.388344943523407, -2.6216020420236125e+38)
(0.9574594497680664, 0.061410389840602875, -0.3650273084640503, -2.58146497883485e+38)
(0.9573919773101807, 0.0915856882929802, -0.3988295793533325, -2.608257636273082e+38)
(0.9725453853607178, 0.09269525110721588, -0.3749116063117981, -2.5947572587926993e+38)
(0.9182119369506836, 0.17192499339580536, -0.37585318088531494, -2.608257433448986e+38)
(0.9593838453292847, 0.15073756873607635, -0.3686126470565796, -2.634790476044291e+38)
(0.9132184982299805, 0.2282593846321106, -0.37587809562683105, -2.634947056246431e+38)
(0.9448573589324951, 0.23719216883182526, -0.3641403317451477, -2.6082063217767847e+38)
(0.9021674394607544, 0.28258010745048523, -0.3727431893348694, -2.581570041716597e+38)
(0.9331808090209961, 0.29369813203811646, -0.36103570461273193, -2.5948623216744463e+38)
(0.9034960269927979, 0.31300151348114014, -0.37623924016952515, -2.608258650393562e+38)
(0.9157214164733887, 0.34698614478111267, -0.35508525371551514, -2.6082067274249768e+38)
(0.8669873476028442, 0.35305601358413696, -0.35672181844711304, -2.5815175102757236e+38)
(0.8749783039093018, 0.38466644287109375, -0.33469057083129883, -2.48810667002201e+38)
(0.8228710889816284, 0.41199633479118347, -0.33563441038131714, -2.5548289015987586e+38)
(0.8318501710891724, 0.41507500410079956, -0.3128963112831116, -2.5681213843807038e+38)
(0.7953486442565918, 0.44877246022224426, -0.3233734369277954, -2.5151082362791592e+38)
(0.8260422945022583, 0.4404017925262451, -0.31256264448165894, -2.541484698672324e+38)
(0.7509595155715942, 0.46634459495544434, -0.2987672686576843, -2.4350937247445613e+38)
(0.7801674604415894, 0.4607836902141571, -0.28899550437927246, -2.4350943332168494e+38)
(0.7072966694831848, 0.47759750485420227, -0.274255633354187, -2.408093578256084e+38)
(0.7346858978271484, 0.4744255244731903, -0.2653427720069885, -2.3148391153804145e+38)
(0.6904358863830566, 0.4819527566432953, -0.2420186847448349, -2.3015466325984693e+38)
(1.0132516622543335, -0.4295975863933563, -0.38599759340286255, -2.5014506701243483e+38)
(1.0242812633514404, -0.396393358707428, -0.3527933955192566, -2.434469635001057e+38)
(0.9863842725753784, -0.34442299604415894, -0.3638315200805664, -2.581308804280902e+38)
(1.0210919380187988, -0.3241506516933441, -0.34575074911117554, -2.5278800696065787e+38)
(1.0007215738296509, -0.25067955255508423, -0.36506712436676025, -2.541484090200036e+38)
(1.0137337446212769, -0.2534162402153015, -0.337533175945282, -2.5013472298353697e+38)
(0.9486154317855835, -0.17166151106357574, -0.3315224051475525, -2.554880418919152e+38)
(0.9866851568222046, -0.21194733679294586, -0.3214144706726074, -2.4747624670955753e+38)
(0.9420895576477051, -0.14060015976428986, -0.32648611068725586, -2.5148989218120496e+38)
(0.9037827253341675, -0.13083626329898834, -0.27501797676086426, -2.488107075670202e+38)
(0.9484385251998901, -0.054735928773880005, -0.3276227116584778, -2.5148484186121365e+38)
(0.961632251739502, -0.05552554130554199, -0.3031502366065979, -2.488107075670202e+38)
(0.9732359647750854, 0.0025511514395475388, -0.34118980169296265, -2.528192215890379e+38)
(1.0274707078933716, 0.002027769573032856, -0.33704012632369995, -2.5014512785966364e+38)
(0.991002082824707, 0.06352510303258896, -0.3516613245010376, -2.5414317615832586e+38)
(1.006984829902649, 0.033264655619859695, -0.3263890743255615, -2.4481259842112917e+38)
(1.0223697423934937, 0.13014113903045654, -0.37089860439300537, -2.6347377417793215e+38)
(1.066493272781372, 0.10247442871332169, -0.35833144187927246, -2.46146998431363e+38)
(0.9931694269180298, 0.1565556675195694, -0.35521310567855835, -2.5814122445698807e+38)
(1.0398296117782593, 0.1981922686100006, -0.34733128547668457, -2.4083012701304256e+38)
(0.9777812957763672, 0.2465326189994812, -0.35079437494277954, -2.568173104525193e+38)
(1.0268462896347046, 0.22793887555599213, -0.3419186472892761, -2.4215414242955934e+38)
(0.9867081642150879, 0.31448206305503845, -0.3601832985877991, -2.5548291044228546e+38)
(1.0177273750305176, 0.2915995717048645, -0.34063929319381714, -2.501503607213414e+38)
(0.9674607515335083, 0.33853599429130554, -0.3513396382331848, -2.5548291044228546e+38)
(1.002846121788025, 0.38724905252456665, -0.33970212936401367, -2.4079891238466254e+38)
(0.9257024526596069, 0.3810790479183197, -0.33203113079071045, -2.48810667002201e+38)
(0.9333568811416626, 0.41504645347595215, -0.30725955963134766, -2.4079891238466254e+38)
(0.8807809352874756, 0.4159546196460724, -0.31107097864151, -2.5281394816254094e+38)
(0.8897227048873901, 0.4189058542251587, -0.28599971532821655, -2.4613667468487476e+38)
(0.8340592384338379, 0.44316160678863525, -0.2890501618385315, -2.4351454448890506e+38)
(0.834235429763794, 0.4703982472419739, -0.2641395926475525, -2.4216462843532442e+38)
(0.7867697477340698, 0.4629865884780884, -0.2665104866027832, -2.3553406534697545e+38)
(0.8091254234313965, 0.4793793559074402, -0.25306111574172974, -2.381821367448282e+38)
(0.739970326423645, 0.47593680024147034, -0.24392585456371307, -1.874631319935527e+38)
(0.7352038621902466, 0.4958173632621765, -0.22002123296260834, -2.68910676896287e+38)
(0.6982369422912598, 0.48322245478630066, -0.20121203362941742, -2.4489591855978097e+38)
(1.0618313550949097, -0.37668535113334656, -0.3330853581428528, -2.301234283490573e+38)
(1.0762215852737427, -0.27389708161354065, -0.3335323929786682, -2.354559780700014e+38)
(1.1166335344314575, -0.2864436209201813, -0.31470876932144165, -2.154811309255795e+38)
(1.0689576864242554, -0.2360953390598297, -0.32827210426330566, -2.354560186348206e+38)
(1.0487921237945557, -0.19463403522968292, -0.28199976682662964, -2.1281756376678954e+38)
(0.9485296010971069, -0.13991035521030426, -0.2676365375518799, -2.3145267662725183e+38)
(0.9975078105926514, -0.14989078044891357, -0.258567750453949, -2.154656148822327e+38)
(1.0338557958602905, -0.06197506934404373, -0.3062753677368164, -2.407832543644485e+38)
(1.0393205881118774, -0.0942322388291359, -0.2751324772834778, -2.1945327858717784e+38)
(1.1127492189407349, 0.0011786706745624542, -0.3433606028556824, -2.3944364177494653e+38)
(1.1514333486557007, -0.0358884334564209, -0.3226853013038635, -2.141154757221464e+38)
(1.0877457857131958, 0.035673197358846664, -0.3314976692199707, -2.367696088928011e+38)
(1.124859094619751, 0.07231185585260391, -0.3113693594932556, -2.1811350373839903e+38)
(1.105911374092102, 0.10644795745611191, -0.34095972776412964, -2.407781026324092e+38)
(1.1392321586608887, 0.1462312489748001, -0.3187652826309204, -2.7549442818327076e+38)
(1.0773694515228271, 0.2061435580253601, -0.330159068107605, -2.3412668922698766e+38)
(1.1026062965393066, 0.17561228573322296, -0.30377376079559326, -2.0744838401410127e+38)
(1.0722576379776, 0.27474555373191833, -0.33070802688598633, -2.3811958579361055e+38)
(1.1016370058059692, 0.24664288759231567, -0.3057466149330139, -2.194636226160757e+38)
(1.0796735286712646, 0.3131588399410248, -0.3361755609512329, -2.421229075187697e+38)
(1.0630617141723633, 0.37889230251312256, -0.3324499726295471, -2.4211777606914e+38)
(1.013827919960022, 0.42569631338119507, -0.313190758228302, -2.3678001376892777e+38)
(0.9970322847366333, 0.4486823081970215, -0.2734176516532898, -2.3277147946450047e+38)
(0.9386541843414307, 0.4486725330352783, -0.28098064661026, -2.447866572192461e+38)
(0.9938400983810425, 0.4824292063713074, -0.2746981978416443, -2.39438449478088e+38)
(1.1129393577575684, -0.13899904489517212, -0.2706921100616455, -1.994732391458974e+38)
(1.1886990070343018, -0.07573267072439194, -0.2988564968109131, -1.9946804684903888e+38)
(1.2293027639389038, 6.292946636676788e-05, -0.3140721321105957, -1.9946285455218034e+38)
(1.1705321073532104, 0.18827544152736664, -0.2935678958892822, -1.9280604602580424e+38)
