(0.3544882535934448, -0.07692312449216843, -0.2887706756591797, -2.8890639464019107e+38)
(0.3560329079627991, -0.07063427567481995, -0.2922315001487732, -2.8890639464019107e+38)
(0.3585047423839569, -0.0651375874876976, -0.3000965118408203, -2.8890639464019107e+38)
(0.3552444279193878, -0.05729329586029053, -0.3046914339065552, -2.8490828549430004e+38)
(0.3611210286617279, -0.051487646996974945, -0.3060096502304077, -2.995819192406155e+38)
(0.35744303464889526, -0.03583086282014847, -0.30754733085632324, -2.9157527579029718e+38)
(0.3622594177722931, -0.044425323605537415, -0.3086100220680237, -2.9691825066977753e+38)
(0.35898685455322266, -0.0214915182441473, -0.3113313317298889, -2.9691823038736793e+38)
(0.36383765935897827, -0.02203688956797123, -0.3101130723953247, -2.995819192406155e+38)
(0.35856059193611145, -0.013872597366571426, -0.3081619143486023, -2.9825788354168912e+38)
(0.3633861541748047, -0.014288770034909248, -0.3069949746131897, -2.9825788354168912e+38)
(0.3583524227142334, 0.0008787913247942924, -0.3057762384414673, -2.9960274927527845e+38)
(0.3633836507797241, 0.00814005732536316, -0.30537182092666626, -2.9693386812517235e+38)
(0.3585732877254486, 0.022814175114035606, -0.30702710151672363, -2.929201820887057e+38)
(0.3634639382362366, 0.015586452558636665, -0.3057941198348999, -2.9026170581472628e+38)
(0.3621913194656372, 0.030231615528464317, -0.3013726472854614, -2.9691829123459674e+38)
(0.3618716299533844, 0.03755773603916168, -0.300976037979126, -2.9290975693016944e+38)
(0.35709065198898315, 0.051860712468624115, -0.3049459457397461, -2.8356867290479806e+38)
(0.3624349534511566, 0.04527489095926285, -0.3047184348106384, -2.915752960727068e+38)
(0.35561540722846985, 0.06601211428642273, -0.3023478388786316, -2.7422758887942668e+38)
(0.36112961173057556, 0.05982477217912674, -0.30255478620529175, -2.795653511796389e+38)
(0.35368314385414124, 0.07975849509239197, -0.2987697720527649, -2.849031134798511e+38)
(0.3593261241912842, 0.07400798797607422, -0.2993583083152771, -2.8890643520501028e+38)
(0.3504577577114105, 0.09198330342769623, -0.2900320887565613, -2.82234232329745e+38)
(0.3570570945739746, 0.0877089872956276, -0.29518675804138184, -2.849031134798511e+38)
(0.3656424880027771, -0.08207322657108307, -0.29402345418930054, -2.8623751349008496e+38)
(0.36426568031311035, -0.067377969622612, -0.3030936121940613, -2.9557859751545634e+38)
(0.3674158453941345, -0.07546119391918182, -0.29774051904678345, -2.9024083521524412e+38)
(0.36592569947242737, -0.05251605808734894, -0.30444657802581787, -3.022508003907216e+38)
(0.37205469608306885, -0.05441633611917496, -0.3075219988822937, -3.0491968154082772e+38)
(0.3671330213546753, -0.04534747451543808, -0.3071129322052002, -2.9824747866556245e+38)
(0.37326931953430176, -0.03886087238788605, -0.3079705834388733, -2.995819192406155e+38)
(0.36997437477111816, -0.023022985085844994, -0.3135380744934082, -3.0091635981566856e+38)
(0.3751392364501953, -0.023603586480021477, -0.31208622455596924, -2.995819192406155e+38)
(0.3694758415222168, -0.015034770593047142, -0.31036728620529175, -2.995819192406155e+38)
(0.37517255544662476, -0.007703056558966637, -0.31029653549194336, -2.969130380905094e+38)
(0.36922913789749146, 0.0004335762932896614, -0.30801141262054443, -3.0358524096577467e+38)
(0.37436118721961975, 0.000262577086687088, -0.306685209274292, -3.022508003907216e+38)
(0.3683696985244751, 0.023272275924682617, -0.30475103855133057, -2.9026166524990707e+38)
(0.3735169768333435, 0.015787873417139053, -0.30331796407699585, -2.9292533382074504e+38)
(0.37209856510162354, 0.030959393829107285, -0.2988986372947693, -2.929201212414769e+38)
(0.3717435300350189, 0.03854570537805557, -0.29846352338790894, -2.9158568066642385e+38)
(0.3667221665382385, 0.05333355814218521, -0.30248868465423584, -2.888959897640644e+38)
(0.3723773956298828, 0.04653330147266388, -0.30211883783340454, -2.9024083521524412e+38)
(0.3650760352611542, 0.06795055419206619, -0.29971134662628174, -2.8890643520501028e+38)
(0.37092021107673645, 0.06157726049423218, -0.2997996211051941, -2.889116477842784e+38)
(0.3629198372364044, 0.08211950212717056, -0.29590219259262085, -2.8757199462995722e+38)
(0.3689059317111969, 0.07621461898088455, -0.2963915467262268, -2.9158052893438452e+38)
(0.36637306213378906, 0.09031917154788971, -0.29195916652679443, -2.835738854840662e+38)
(0.3649265170097351, 0.09713628143072128, -0.2893831729888916, -2.7690168260880093e+38)
(0.3788459599018097, -0.10725059360265732, -0.31049394607543945, -2.849031134798511e+38)
(0.3733925223350525, -0.09565407782793045, -0.30721867084503174, -2.7823087003976663e+38)
(0.3820095360279083, -0.09182468056678772, -0.3142157196998596, -2.849030729150319e+38)
(0.3752749264240265, -0.07101183384656906, -0.3040376901626587, -2.9824747866556245e+38)
(0.37983348965644836, -0.08066517114639282, -0.3030163645744324, -2.9157527579029718e+38)
(0.376936137676239, -0.06380005925893784, -0.3074219822883606, -2.995819192406155e+38)
(0.3837498426437378, -0.057522207498550415, -0.3085646629333496, -2.995819192406155e+38)
(0.37852635979652405, -0.04802031069993973, -0.308526873588562, -2.9824747866556245e+38)
(0.38382279872894287, -0.04902157932519913, -0.306635320186615, -2.969130380905094e+38)
(0.3808388411998749, -0.0325758159160614, -0.31336313486099243, -2.995819192406155e+38)
(0.38627710938453674, -0.03332787752151489, -0.3115922212600708, -2.9824747866556245e+38)
(0.38047727942466736, -0.00802057795226574, -0.3088141679763794, -2.9824747866556245e+38)
(0.3866632580757141, -0.01674349047243595, -0.3105231523513794, -2.9290971636535023e+38)
(0.3796244263648987, 8.720904588699341e-05, -0.3052436113357544, -2.995819192406155e+38)
(0.3850211203098297, -9.260419756174088e-05, -0.3036787509918213, -2.9157527579029718e+38)
(0.37867891788482666, 0.023754339665174484, -0.3020475506782532, -2.902512400913708e+38)
(0.38409319519996643, 0.015999777242541313, -0.3003859519958496, -2.9157008349343864e+38)
(0.3772435188293457, 0.03133731335401535, -0.2974955439567566, -2.875823589412647e+38)
(0.3768689036369324, 0.03905859589576721, -0.2970402240753174, -2.875823589412647e+38)
(0.37684327363967896, 0.05488073080778122, -0.29959172010421753, -2.902512400913708e+38)
(0.3828268349170685, 0.04785556346178055, -0.2990543246269226, -2.862583435247479e+38)
(0.3750033676624298, 0.06998330354690552, -0.296625018119812, -2.9024608835933147e+38)
(0.3811971843242645, 0.06341589242219925, -0.29657071828842163, -2.8491873093524593e+38)
(0.3725939393043518, 0.08458969742059708, -0.29257261753082275, -2.9158052893438452e+38)
(0.3789442181587219, 0.07852485775947571, -0.2929399013519287, -2.889220526604051e+38)
(0.36966150999069214, 0.09857580810785294, -0.28751105070114136, -2.7690168260880093e+38)
(0.37611350417137146, 0.09304453432559967, -0.2882344722747803, -2.8225506236440795e+38)
(0.3662604093551636, 0.11183515936136246, -0.2815302014350891, -2.782257588725465e+38)
(0.3727600574493408, 0.10685461759567261, -0.28254246711730957, -2.7423803432037256e+38)
(0.39863860607147217, -0.11089988797903061, -0.33191102743148804, -2.9024087578006333e+38)
(0.39948034286499023, -0.10147460550069809, -0.33087366819381714, -2.888959897640644e+38)
(0.39323925971984863, -0.0797867625951767, -0.3252564072608948, -2.995819192406155e+38)
(0.40016409754753113, -0.09204383939504623, -0.32963138818740845, -2.915648709141705e+38)
(0.39198046922683716, -0.06952755153179169, -0.3182451128959656, -3.0358524096577467e+38)
(0.3995208442211151, -0.06280927360057831, -0.3192718029022217, -2.9158568066642385e+38)
(0.39071667194366455, -0.05085667967796326, -0.3094416856765747, -2.9291492894461837e+38)
(0.39062678813934326, -0.04215192794799805, -0.3072914481163025, -2.9157527579029718e+38)
(0.3918456733226776, -0.034097820520401, -0.30968213081359863, -2.969130380905094e+38)
(0.3986561894416809, -0.026550697162747383, -0.3097571134567261, -2.9290971636535023e+38)
(0.3914894461631775, -0.008679691702127457, -0.3054655194282532, -2.9157527579029718e+38)
(0.39801257848739624, -0.017722049728035927, -0.30678683519363403, -2.995819192406155e+38)
(0.39055323600769043, -0.00027692876756191254, -0.3019822835922241, -2.822341917649258e+38)
(0.3962225914001465, -0.00046582240611314774, -0.30014532804489136, -2.7556198888966053e+38)
(0.38951945304870605, 0.0242612361907959, -0.29885584115982056, -2.969130380905094e+38)
(0.39520978927612305, 0.016222506761550903, -0.296933650970459, -2.8891679951631774e+38)
(0.38884928822517395, 0.0404987707734108, -0.2981523275375366, -2.822498092203206e+38)
(0.39443597197532654, 0.04105766862630844, -0.2963162064552307, -2.8624791836621163e+38)
(0.3874692916870117, 0.0565045028924942, -0.2961946129798889, -2.809205812245357e+38)
(0.3937980830669403, 0.0492435023188591, -0.2954605221748352, -2.902512400913708e+38)
(0.3854096531867981, 0.07211266458034515, -0.29302871227264404, -2.8759282466462017e+38)
(0.3919726312160492, 0.06534268707036972, -0.29280412197113037, -2.8892726523967323e+38)
(0.3839993178844452, 0.08813650906085968, -0.2930055260658264, -2.862583840895671e+38)
(0.39082086086273193, 0.08182919025421143, -0.2932323217391968, -2.83589502939461e+38)
(0.3824082612991333, 0.09550587087869644, -0.29041194915771484, -2.809206217893549e+38)
(0.38711750507354736, 0.10542357712984085, -0.2895187735557556, -2.7423799375555335e+38)
(0.3788165748119354, 0.10966312140226364, -0.28447288274765015, -2.742328014586948e+38)
(0.38300061225891113, 0.11949209868907928, -0.2828393578529358, -2.768964700295328e+38)
(0.38075774908065796, 0.12617161870002747, -0.2791627049446106, -2.7823091060458584e+38)
(0.4032973051071167, -0.12227431684732437, -0.32929933071136475, -2.8623755405490417e+38)
(0.40773123502731323, -0.1338052749633789, -0.3259516954421997, -2.795653106148197e+38)
(0.4063146114349365, -0.11470050364732742, -0.33461862802505493, -2.915753163551164e+38)
(0.4152737557888031, -0.10865616053342819, -0.336270272731781, -2.9556819263932967e+38)
(0.4104202389717102, -0.08701685816049576, -0.33683377504348755, -2.9957670666134737e+38)
(0.4187161326408386, -0.09015250951051712, -0.33968180418014526, -3.0224039551459494e+38)
(0.41076597571372986, -0.0771545022726059, -0.33506202697753906, -2.995819192406155e+38)
(0.4192434549331665, -0.06984211504459381, -0.33593279123306274, -2.9825788354168912e+38)
(0.40200483798980713, -0.04401513934135437, -0.3029000163078308, -2.87571954065138e+38)
(0.4114896059036255, -0.05588915944099426, -0.3121985197067261, -2.902512400913708e+38)
(0.40175896883010864, -0.03509226441383362, -0.3006964921951294, -2.9024083521524412e+38)
(0.40764594078063965, -0.035905733704566956, -0.29834407567977905, -2.8890639464019107e+38)
(0.40148261189460754, -0.00912482663989067, -0.29702210426330566, -2.9290971636535023e+38)
(0.40739548206329346, -0.009478682652115822, -0.29485225677490234, -3.022508003907216e+38)
(0.4020305871963501, -0.0006593344733119011, -0.29815852642059326, -2.9024083521524412e+38)
(0.407978355884552, -0.0008575022220611572, -0.2960120439529419, -3.0091635981566856e+38)
(0.40090659260749817, 0.02479366585612297, -0.29510754346847534, -2.902512400913708e+38)
(0.4068799614906311, 0.016456324607133865, -0.2928886413574219, -2.995819192406155e+38)
(0.4006337523460388, 0.03323247283697128, -0.29488688707351685, -2.875823589412647e+38)
(0.40015822649002075, 0.04163007438182831, -0.2943306565284729, -2.902512400913708e+38)
(0.39861178398132324, 0.058206528425216675, -0.2922293543815613, -2.9158568066642385e+38)
(0.4053017497062683, 0.0506984144449234, -0.2912653684616089, -2.9290971636535023e+38)
(0.39754989743232727, 0.06633957475423813, -0.29069727659225464, -2.9158052893438452e+38)
(0.40346330404281616, 0.07631222903728485, -0.2907957434654236, -2.862427666341723e+38)
(0.3961542248725891, 0.09188677370548248, -0.2928439974784851, -2.8490832605911925e+38)
(0.40348052978515625, 0.08532513678073883, -0.2928955554962158, -2.8757199462995722e+38)
(0.39581477642059326, 0.10070676356554031, -0.2944607734680176, -2.7957056375890703e+38)
(0.4008144736289978, 0.11120201647281647, -0.2930706739425659, -2.7422758887942668e+38)
(0.3985251486301422, 0.1187063604593277, -0.28957104682922363, -2.768860651534061e+38)
(0.39609020948410034, 0.12595206499099731, -0.2858232855796814, -2.7556202945447973e+38)
(0.38839849829673767, 0.13103528320789337, -0.28488844633102417, -2.7823091060458584e+38)
(0.3950062394142151, 0.13453452289104462, -0.28623145818710327, -2.7556724203374787e+38)
(0.41407710313796997, -0.14800295233726501, -0.32803791761398315, -2.7956005747073234e+38)
(0.41701626777648926, -0.12845869362354279, -0.3277687430381775, -2.9023558207115678e+38)
(0.4230177402496338, -0.13053274154663086, -0.323619544506073, -2.8756670092105067e+38)
(0.4214547276496887, -0.1105446070432663, -0.3326348066329956, -2.9023043033911745e+38)
(0.4277356266975403, -0.11246077716350555, -0.32877761125564575, -2.8756154918901134e+38)
(0.42512357234954834, -0.09182461351156235, -0.3363138437271118, -2.9823707378943578e+38)
(0.430970698595047, -0.10397669672966003, -0.33392077684402466, -2.9157527579029718e+38)
(0.4279414117336273, -0.07245702296495438, -0.33869558572769165, -3.0092676469179523e+38)
(0.43445125222206116, -0.08450555056333542, -0.33719325065612793, -2.969130380905094e+38)
(0.41958245635032654, -0.05799476057291031, -0.31450963020324707, -2.9425456181652996e+38)
(0.4238637685775757, -0.048524074256420135, -0.3045673966407776, -2.9290971636535023e+38)
(0.4132320284843445, -0.02758723311126232, -0.2935292720794678, -2.969130380905094e+38)
(0.4198131263256073, -0.03758653998374939, -0.2931020259857178, -2.969130380905094e+38)
(0.4125993549823761, -0.01853173039853573, -0.2909756898880005, -3.0091635981566856e+38)
(0.419636607170105, -0.010211221873760223, -0.28999102115631104, -2.9824747866556245e+38)
(0.41276898980140686, 0.007810498587787151, -0.29015403985977173, -2.969130380905094e+38)
(0.4202955961227417, -0.001267882063984871, -0.29119765758514404, -3.022508003907216e+38)
(0.4128507077693939, 0.025352122262120247, -0.29072582721710205, -2.9823707378943578e+38)
(0.419111430644989, 0.016701385378837585, -0.2881699800491333, -2.9556819263932967e+38)
(0.4125458598136902, 0.03410723805427551, -0.2904757857322693, -2.942337520642766e+38)
(0.4120127856731415, 0.04281576722860336, -0.2898715138435364, -2.9289931148922356e+38)
(0.41191616654396057, 0.06061658263206482, -0.29191309213638306, -2.9023043033911745e+38)
(0.4180208444595337, 0.061548344790935516, -0.28930842876434326, -2.862271086139583e+38)
(0.41070687770843506, 0.06913407891988754, -0.2902536392211914, -2.8890643520501028e+38)
(0.4167393147945404, 0.07021129131317139, -0.2875972390174866, -2.888959897640644e+38)
(0.41094857454299927, 0.0876425951719284, -0.29468244314193726, -2.8623755405490417e+38)
(0.41695040464401245, 0.08901900798082352, -0.29182589054107666, -2.8355822746385218e+38)
(0.40809059143066406, 0.11424977332353592, -0.29463857412338257, -2.7155870772932057e+38)
(0.41630178689956665, 0.10794892907142639, -0.29491591453552246, -2.7288270286342774e+38)
(0.4063382148742676, 0.13256269693374634, -0.2962607741355896, -2.7422756859701707e+38)
(0.41564130783081055, 0.13796553015708923, -0.30237680673599243, -2.7422754831460747e+38)
(0.40561115741729736, 0.1526271253824234, -0.3018357753753662, -2.8089975118987274e+38)
(0.414425253868103, 0.14743739366531372, -0.30280542373657227, -2.7556198888966053e+38)
(0.43472957611083984, -0.1705125868320465, -0.3257380723953247, -2.755619483248413e+38)
(0.4367905855178833, -0.16028903424739838, -0.3262755274772644, -2.7823082947494743e+38)
(0.4315145015716553, -0.13494153320789337, -0.32528233528137207, -2.862322603459976e+38)
(0.4377664029598236, -0.13709235191345215, -0.32058238983154297, -2.8489781977094456e+38)
(0.4329129457473755, -0.12470614165067673, -0.3251022696495056, -2.9021996461576197e+38)
(0.4431397318840027, -0.11838371306657791, -0.32631105184555054, -2.9157004292861944e+38)
(0.44076043367385864, -0.09690053761005402, -0.33489227294921875, -2.9157527579029718e+38)
(0.45027652382850647, -0.1004105806350708, -0.33687645196914673, -2.87571954065138e+38)
(0.44125431776046753, -0.08611933141946793, -0.3334752321243286, -2.9290971636535023e+38)
(0.4510822892189026, -0.07817386835813522, -0.33383071422576904, -2.9157527579029718e+38)
(0.4391690492630005, -0.06352578103542328, -0.32417047023773193, -2.9290971636535023e+38)
(0.4435717761516571, -0.05324458330869675, -0.3132186532020569, -2.8623751349008496e+38)
(0.4260920286178589, -0.038453660905361176, -0.29019033908843994, -3.0091635981566856e+38)
(0.43407192826271057, -0.0302241463214159, -0.28948843479156494, -2.9157527579029718e+38)
(0.42596468329429626, -0.01058988831937313, -0.2872772812843323, -3.0091635981566856e+38)
(0.43337172269821167, -0.02054307796061039, -0.28707295656204224, -2.942441569404033e+38)
(0.4271050691604614, 0.0076982732862234116, -0.289359450340271, -2.969130380905094e+38)
(0.43717265129089355, -0.0020023025572299957, -0.2944672107696533, -2.942441569404033e+38)
(0.4271959662437439, 0.026138538494706154, -0.28991997241973877, -2.862271086139583e+38)
(0.4377327561378479, 0.026871589943766594, -0.29588258266448975, -2.7823087003976663e+38)
(0.4268468916416168, 0.035339005291461945, -0.28962814807891846, -2.862271086139583e+38)
(0.4346751570701599, 0.04558318853378296, -0.2903707027435303, -2.795653106148197e+38)
(0.42537251114845276, 0.05354904383420944, -0.28791606426239014, -2.9289931148922356e+38)
(0.4325419068336487, 0.06415224075317383, -0.2877945303916931, -2.849030729150319e+38)
(0.424716055393219, 0.0720905140042305, -0.2890475392341614, -2.862271086139583e+38)
(0.43108057975769043, 0.0732262134552002, -0.28594815731048584, -2.862271086139583e+38)
(0.4228143095970154, 0.1000232994556427, -0.29033511877059937, -2.79554905738693e+38)
(0.43125075101852417, 0.09291545301675797, -0.2899067997932434, -2.8222378688879912e+38)
(0.42550793290138245, 0.12219351530075073, -0.3020772933959961, -2.7555158401353385e+38)
(0.4338451623916626, 0.12565071880817413, -0.30319470167160034, -2.7555158401353385e+38)
(0.4235222339630127, 0.14182761311531067, -0.3035329580307007, -2.7422754831460747e+38)
(0.4317135512828827, 0.14582528173923492, -0.3044847846031189, -2.728931077395544e+38)
(0.4227871000766754, 0.16339588165283203, -0.30919337272644043, -2.7556198888966053e+38)
(0.4325225353240967, 0.15793663263320923, -0.3099730610847473, -2.7422754831460747e+38)
(0.4170496463775635, 0.1684078872203827, -0.2986801862716675, -2.7556198888966053e+38)
(0.42270439863204956, 0.1706899106502533, -0.29416173696517944, -2.7556198888966053e+38)
(0.45670995116233826, -0.20019790530204773, -0.34088099002838135, -2.782152120195526e+38)
(0.4435752034187317, -0.1760982722043991, -0.32668787240982056, -2.808788805903906e+38)
(0.44971829652786255, -0.17849597334861755, -0.3206601142883301, -2.7954444001533753e+38)
(0.4449656009674072, -0.1522257775068283, -0.3213809132575989, -2.808788805903906e+38)
(0.4561801254749298, -0.14652091264724731, -0.3225994110107422, -2.835477617404967e+38)
(0.45254838466644287, -0.12251683324575424, -0.3277239203453064, -2.942337114994574e+38)
(0.45790812373161316, -0.13560952246189117, -0.32278692722320557, -2.8755108346565586e+38)
(0.45649051666259766, -0.11349478363990784, -0.33335036039352417, -2.9157527579029718e+38)
(0.4675038456916809, -0.10595568269491196, -0.333861768245697, -2.862271086139583e+38)
(0.4607752561569214, -0.0925825759768486, -0.33732283115386963, -2.8623751349008496e+38)
(0.46815192699432373, -0.09432880580425262, -0.33269864320755005, -2.862271086139583e+38)
(0.4583635926246643, -0.06846116483211517, -0.32788366079330444, -2.849030729150319e+38)
(0.46558207273483276, -0.05847328156232834, -0.3216336965560913, -2.888959897640644e+38)
(0.4569302499294281, -0.03510574996471405, -0.3205125331878662, -2.8623751349008496e+38)
(0.46706870198249817, -0.036613285541534424, -0.3220483064651489, -2.8756674148586988e+38)
(0.44871532917022705, -0.02280971221625805, -0.30225932598114014, -2.9290971636535023e+38)
(0.4619901180267334, -0.013906003907322884, -0.3103027939796448, -2.8890639464019107e+38)
(0.44889676570892334, 0.007482214365154505, -0.3014099597930908, -2.835738246368374e+38)
(0.45791757106781006, -0.0029691001400351524, -0.3017537593841553, -2.8623751349008496e+38)
(0.4512607157230377, 0.027888990938663483, -0.306735098361969, -2.7690683434084025e+38)
(0.4611204266548157, 0.017918985337018967, -0.3080328702926636, -2.83573844919247e+38)
(0.44854992628097534, 0.03770741820335388, -0.30155855417251587, -2.782412749158933e+38)
(0.4572819471359253, 0.048926763236522675, -0.3019309639930725, -2.8223938406178433e+38)
(0.4454401135444641, 0.0673464760184288, -0.29795873165130615, -2.8356863233997885e+38)
(0.4547228515148163, 0.0691927820444107, -0.29898303747177124, -2.8089975118987274e+38)
(0.44192200899124146, 0.0863313153386116, -0.29358428716659546, -2.8222378688879912e+38)
(0.4529772996902466, 0.07907555252313614, -0.2968944311141968, -2.808945588930142e+38)
(0.4461010694503784, 0.10966717451810837, -0.306735098361969, -2.7822046516363996e+38)
(0.4556557536125183, 0.10186146199703217, -0.30597198009490967, -2.7556198888966053e+38)
(0.4472217261791229, 0.13268500566482544, -0.31445491313934326, -2.7422233573533933e+38)
(0.45998188853263855, 0.12714111804962158, -0.31961697340011597, -2.728931077395544e+38)
(0.44257187843322754, 0.15201379358768463, -0.31047171354293823, -2.702242265894483e+38)
(0.4515748620033264, 0.15638840198516846, -0.31104016304016113, -2.715482622883747e+38)
(0.43702220916748047, 0.1703314483165741, -0.3052369952201843, -2.7422754831460747e+38)
(0.44562724232673645, 0.17513538897037506, -0.3055039048194885, -2.715482622883747e+38)
(0.4284694194793701, 0.18487441539764404, -0.29368579387664795, -2.782256574604985e+38)
(0.43647831678390503, 0.18990983068943024, -0.29354989528656006, -2.768860245885869e+38)
(0.4740765690803528, -0.2155570685863495, -0.35734647512435913, -2.7555150288389544e+38)
(0.461555540561676, -0.17353160679340363, -0.32193392515182495, -2.7820999944028448e+38)
(0.4722414016723633, -0.19408494234085083, -0.327950119972229, -2.7554111829017837e+38)
(0.46594542264938354, -0.15149681270122528, -0.3232259154319763, -2.808788805903906e+38)
(0.4727576971054077, -0.15381671488285065, -0.31714314222335815, -2.7954444001533753e+38)
(0.4780782461166382, -0.145115926861763, -0.32394641637802124, -2.7954444001533753e+38)
(0.4797953963279724, -0.13344961404800415, -0.3240531086921692, -2.8221332116544364e+38)
(0.4780924320220947, -0.10980729758739471, -0.33504319190979004, -2.8489266803890523e+38)
(0.48912888765335083, -0.11380968987941742, -0.3359476327896118, -2.7555158401353385e+38)
(0.47918781638145447, -0.08579804748296738, -0.33249521255493164, -2.8222378688879912e+38)
(0.48698127269744873, -0.08745551109313965, -0.3273624777793884, -2.8088934631374607e+38)
(0.4904152452945709, -0.07663017511367798, -0.3317549228668213, -2.8355822746385218e+38)
(0.4901804029941559, -0.06427502632141113, -0.32965922355651855, -2.8489266803890523e+38)
(0.477649450302124, -0.03818129748106003, -0.32334792613983154, -2.862271086139583e+38)
(0.48868709802627563, -0.03981191664934158, -0.3243846297264099, -2.8756154918901134e+38)
(0.47647005319595337, -0.02653605304658413, -0.32019203901290894, -2.8756154918901134e+38)
(0.49054569005966187, -0.028338676318526268, -0.32683777809143066, -2.862271086139583e+38)
(0.4704738259315491, -0.003583955578505993, -0.30773359537124634, -2.8089975118987274e+38)
(0.4874950647354126, 0.00710334163159132, -0.3200709819793701, -2.8356863233997885e+38)
(0.4738190472126007, 0.029360933229327202, -0.3142573833465576, -2.8089975118987274e+38)
(0.4816995859146118, 0.029729265719652176, -0.3099818825721741, -2.822341917649258e+38)
(0.46800774335861206, 0.039554957300424576, -0.3037461042404175, -2.8089975118987274e+38)
(0.47835347056388855, 0.04053262621164322, -0.3044642210006714, -2.822341917649258e+38)
(0.46343934535980225, 0.06005091965198517, -0.296756386756897, -2.822341917649258e+38)
(0.4744485914707184, 0.07309684157371521, -0.30029094219207764, -2.8088934631374607e+38)
(0.4706597328186035, 0.09591509401798248, -0.3150034546852112, -2.7422754831460747e+38)
(0.4778746962547302, 0.08567824214696884, -0.30797380208969116, -2.79554905738693e+38)
(0.47049885988235474, 0.1192360520362854, -0.3189229369163513, -2.7422235601774894e+38)
(0.48119279742240906, 0.11074714362621307, -0.31772512197494507, -2.742171434384808e+38)
(0.46628668904304504, 0.14056386053562164, -0.31586790084838867, -2.715482622883747e+38)
(0.47638529539108276, 0.14471744000911713, -0.3161563277244568, -2.7420671827994452e+38)
(0.46369779109954834, 0.16323046386241913, -0.3169390559196472, -2.728774902841596e+38)
(0.47062042355537415, 0.16559724509716034, -0.311346173286438, -2.7420671827994452e+38)
(0.4592134952545166, 0.17189346253871918, -0.31134623289108276, -2.7421193085921266e+38)
(0.46589112281799316, 0.1743089109659195, -0.30565160512924194, -2.7554115885499758e+38)
(0.4499496817588806, 0.20092931389808655, -0.3040562868118286, -2.768860245885869e+38)
(0.45604759454727173, 0.20344413816928864, -0.29786890745162964, -2.7555158401353385e+38)
(0.4842950403690338, -0.23279957473278046, -0.34055519104003906, -2.7288781403064786e+38)
(0.49175572395324707, -0.22561690211296082, -0.34985363483428955, -2.7689111547339742e+38)
(0.48645225167274475, -0.20458073914051056, -0.33513325452804565, -2.742222546057009e+38)
(0.4922294616699219, -0.19140839576721191, -0.3213295340538025, -2.7287223714007226e+38)
(0.4830661118030548, -0.15902139246463776, -0.31706100702285767, -2.715533734555948e+38)
(0.49376511573791504, -0.16441111266613007, -0.3166412115097046, -2.742066777151253e+38)
(0.4980143904685974, -0.14333327114582062, -0.3375564217567444, -2.7822038403400155e+38)
(0.4998743534088135, -0.1553351730108261, -0.32386332750320435, -2.7554111829017837e+38)
(0.4994804263114929, -0.13069218397140503, -0.3372116684913635, -2.782256574604985e+38)
(0.5297938585281372, -0.1320662796497345, -0.3656688332557678, -2.7555673574557318e+38)
(0.4978146553039551, -0.10330091416835785, -0.32917338609695435, -2.7555158401353385e+38)
(0.510165810585022, -0.0941319391131401, -0.32821714878082275, -2.7822046516363996e+38)
(0.5017828941345215, -0.06680194288492203, -0.3304097652435303, -2.79554905738693e+38)
(0.5101778507232666, -0.06817317754030228, -0.32475823163986206, -2.7422758887942668e+38)
(0.5011732578277588, -0.054101794958114624, -0.327958345413208, -2.86216683455422e+38)
(0.512189507484436, -0.04326935112476349, -0.3255525231361389, -2.7155870772932057e+38)
(0.5037596225738525, -0.017596067860722542, -0.329679012298584, -2.808945588930142e+38)
(0.5124175548553467, -0.018114205449819565, -0.324380099773407, -2.7155870772932057e+38)
(0.5015205144882202, -0.005160941742360592, -0.3254240155220032, -2.795653106148197e+38)
(0.5108363032341003, 0.006902323104441166, -0.3212208151817322, -2.782256980253177e+38)
(0.49598461389541626, 0.018866462633013725, -0.31583529710769653, -2.7823087003976663e+38)
(0.5009791851043701, 0.030777450650930405, -0.3055528402328491, -2.822185540271214e+38)
(0.48912596702575684, 0.041547685861587524, -0.3048962354660034, -2.795653106148197e+38)
(0.5003359913825989, 0.04260119050741196, -0.30501294136047363, -2.782256168956793e+38)
(0.4908093512058258, 0.07703385502099991, -0.31071436405181885, -2.835478023053159e+38)
(0.5040982365608215, 0.06754294782876968, -0.31285762786865234, -2.7822052601086877e+38)
(0.49847522377967834, 0.10444328188896179, -0.3272196650505066, -2.782100400051037e+38)
(0.5097134709358215, 0.09442946314811707, -0.3247690200805664, -2.7288270286342774e+38)
(0.4986213445663452, 0.1172642782330513, -0.3294866681098938, -2.7554115885499758e+38)
(0.506827175617218, 0.11913416534662247, -0.3236923813819885, -2.715482622883747e+38)
(0.49110469222068787, 0.1388518214225769, -0.32096922397613525, -2.7420671827994452e+38)
(0.4977583885192871, 0.15347205102443695, -0.3157641887664795, -2.715378371298384e+38)
(0.48551928997039795, 0.16105496883392334, -0.3166327476501465, -2.74201525983086e+38)
(0.49109959602355957, 0.17544424533843994, -0.310377299785614, -2.688689559797323e+38)
(0.4733482599258423, 0.19051282107830048, -0.3045603632926941, -2.715378371298384e+38)
(0.4865567684173584, 0.19900602102279663, -0.30941152572631836, -2.715378371298384e+38)
(0.47083336114883423, 0.20151714980602264, -0.30370813608169556, -2.7287227770489147e+38)
(0.47438594698905945, 0.21489709615707397, -0.2955908179283142, -2.715378371298384e+38)
(0.4621037244796753, 0.21946576237678528, -0.29550957679748535, -2.7554115885499758e+38)
(0.5064365863800049, -0.2485107034444809, -0.33920204639434814, -2.702085888516439e+38)
(0.5130471587181091, -0.2511003017425537, -0.3295731544494629, -2.7153254342093186e+38)
(0.50880366563797, -0.2185579389333725, -0.33395475149154663, -2.7419631340381785e+38)
(0.5342220067977905, -0.22231170535087585, -0.3502649664878845, -2.7418588824528157e+38)
(0.5149626731872559, -0.19318635761737823, -0.33611810207366943, -2.755307539788709e+38)
(0.5349503755569458, -0.1903712898492813, -0.34362733364105225, -2.7686519455392396e+38)
(0.5409998893737793, -0.16658806800842285, -0.36804908514022827, -2.7554111829017837e+38)
(0.5424816608428955, -0.18015159666538239, -0.35181760787963867, -2.7686519455392396e+38)
(0.5529054403305054, -0.15831254422664642, -0.38401269912719727, -2.7421189029439345e+38)
(0.5808354616165161, -0.1548982560634613, -0.40087568759918213, -2.7687555886523142e+38)
(0.5441774725914001, -0.12224370986223221, -0.36457616090774536, -2.768860043061773e+38)
(0.5588122010231018, -0.11159519106149673, -0.3627714514732361, -2.782100400051037e+38)
(0.5267273187637329, -0.08580707758665085, -0.3329320549964905, -2.768860651534061e+38)
(0.5353401899337769, -0.0736062154173851, -0.3243001699447632, -2.8087376942317047e+38)
(0.524681031703949, -0.045100294053554535, -0.32561975717544556, -2.7422237630015854e+38)
(0.5347061157226562, -0.0598057359457016, -0.3220214247703552, -2.782256371780889e+38)
(0.5269787311553955, -0.03243199735879898, -0.32828813791275024, -2.7422237630015854e+38)
(0.5360540747642517, -0.03321404010057449, -0.32202988862991333, -2.768860043061773e+38)
(0.5224721431732178, -0.00597742386162281, -0.3202720880508423, -2.7289314830437362e+38)
(0.5314475893974304, -0.006276488304138184, -0.3142489790916443, -2.7956007775314195e+38)
(0.5163363814353943, 0.019340991973876953, -0.3106980323791504, -2.7954448058015674e+38)
(0.5285177230834961, 0.03253202885389328, -0.3101310729980469, -2.8087884002557138e+38)
(0.5142003297805786, 0.05647749453783035, -0.3089243173599243, -2.7820999944028448e+38)
(0.5277423858642578, 0.04534605145454407, -0.30950021743774414, -2.8087881974316177e+38)
(0.5195374488830566, 0.07037271559238434, -0.3181687593460083, -2.768704274156017e+38)
(0.533629298210144, 0.08626045286655426, -0.3210708498954773, -2.78199635128977e+38)
(0.5219449996948242, 0.09727947413921356, -0.32461100816726685, -2.715378371298384e+38)
(0.5307153463363647, 0.09883817285299301, -0.3182041645050049, -2.755307539788709e+38)
(0.5188130140304565, 0.12276536226272583, -0.3233584761619568, -2.7287227770489147e+38)
(0.5268687605857849, 0.13831482827663422, -0.318183958530426, -2.701929916786587e+38)
(0.5127438902854919, 0.1604696363210678, -0.32097333669662476, -2.7020339655478536e+38)
(0.5259900689125061, 0.15187843143939972, -0.31924325227737427, -2.6752411052855258e+38)
(0.515038788318634, 0.17617246508598328, -0.32761913537979126, -2.688689559797323e+38)
(0.5358080863952637, 0.1875939667224884, -0.3398924469947815, -2.3550794160340594e+38)
(0.5032519102096558, 0.19583271443843842, -0.31491565704345703, -2.7287227770489147e+38)
(0.5199727416038513, 0.22145886719226837, -0.3256833553314209, -2.635311936795201e+38)
(0.49412691593170166, 0.21655528247356415, -0.3071010112762451, -2.715378371298384e+38)
(0.5169278383255005, 0.23435303568840027, -0.3247864246368408, -2.662000748296262e+38)
(0.480609655380249, 0.2316901832818985, -0.29223668575286865, -2.581830265031812e+38)
(0.4901019334793091, 0.2530476152896881, -0.29405033588409424, -2.595382971128972e+38)
(0.5359558463096619, -0.27165499329566956, -0.34510642290115356, -2.728513462581805e+38)
(0.5662813186645508, -0.28007984161376953, -0.36363816261291504, -2.741805336891462e+38)
(0.5438661575317383, -0.2441701740026474, -0.34791529178619385, -2.7683389879590552e+38)
(0.5474355220794678, -0.23010167479515076, -0.34903210401535034, -2.7683391907831513e+38)
(0.5481887459754944, -0.19711312651634216, -0.34245848655700684, -2.741911008245497e+38)
(0.5530292987823486, -0.21395350992679596, -0.33189380168914795, -2.7285657911985824e+38)
(0.5758435726165771, -0.18316853046417236, -0.3761014938354492, -2.7684961766334835e+38)
(0.5647836923599243, -0.18937881290912628, -0.3413957953453064, -2.7152743225371174e+38)
(0.5900031328201294, -0.17453332245349884, -0.3933807611465454, -2.7950805337250858e+38)
(0.607805073261261, -0.16370269656181335, -0.3912484049797058, -2.7817876452949485e+38)
(0.5977914333343506, -0.14357218146324158, -0.398815393447876, -2.7685474911297808e+38)
(0.5954475402832031, -0.12301667779684067, -0.3696349263191223, -2.7686515398910475e+38)
(0.5631987452507019, -0.09617693722248077, -0.3454788327217102, -2.7554115885499758e+38)
(0.5673792362213135, -0.08099187165498734, -0.32856589555740356, -2.7422229517052013e+38)
(0.5480129718780518, -0.06220608949661255, -0.32118403911590576, -2.7954446029774713e+38)
(0.5606197714805603, -0.05003288388252258, -0.3171914219856262, -2.7554115885499758e+38)
(0.5494715571403503, -0.03470832109451294, -0.3212621808052063, -2.7820999944028448e+38)
(0.5588836669921875, -0.03551927208900452, -0.31405574083328247, -2.78199635128977e+38)
(0.544554591178894, -0.0068352241069078445, -0.3134082555770874, -2.7954444001533753e+38)
(0.5581675171852112, -0.007414637133479118, -0.3121076822280884, -2.808528988236883e+38)
(0.5457123517990112, 0.020142260938882828, -0.31490153074264526, -2.7422229517052013e+38)
(0.5593942999839783, 0.020491693168878555, -0.3136087656021118, -2.755307539788709e+38)
(0.5431374311447144, 0.060428082942962646, -0.3128439784049988, -2.8084760511478175e+38)
(0.5566002726554871, 0.0621478408575058, -0.3114347457885742, -2.7951845824863525e+38)
(0.5467920303344727, 0.08885587006807327, -0.32010817527770996, -2.7552554139960276e+38)
(0.55446457862854, 0.07571406662464142, -0.30955660343170166, -2.7683395964313433e+38)
(0.5484468340873718, 0.11783646047115326, -0.3255668878555298, -2.7286708540803293e+38)
(0.5615776181221008, 0.1064789891242981, -0.32159602642059326, -2.781840582384014e+38)
(0.5441818237304688, 0.1304287612438202, -0.32144951820373535, -2.7019818397551722e+38)
(0.5575798749923706, 0.13446705043315887, -0.3198011517524719, -2.702085888516439e+38)
(0.5826241374015808, 0.19882242381572723, -0.384307324886322, -2.635311936795201e+38)
(0.6060225963592529, 0.1917731910943985, -0.39026474952697754, -2.6088310199925772e+38)
(0.5796009302139282, 0.23227332532405853, -0.3869052529335022, -2.635311936795201e+38)
(0.60218346118927, 0.245060533285141, -0.39515185356140137, -2.662000748296262e+38)
(0.5544978976249695, 0.2304278016090393, -0.3536309599876404, -2.6486563425457314e+38)
(0.5713236331939697, 0.25799787044525146, -0.3597298264503479, -2.6486563425457314e+38)
(0.5347148180007935, 0.26388198137283325, -0.3361624479293823, -2.662000748296262e+38)
(0.5564815998077393, 0.26288190484046936, -0.34270745515823364, -2.6219675310446703e+38)
(0.5268381237983704, 0.2904384434223175, -0.33333396911621094, -2.635311936795201e+38)
(0.5336301326751709, 0.2932296395301819, -0.32284438610076904, -2.635207888033934e+38)
(0.6035577058792114, -0.35101786255836487, -0.37873005867004395, -2.6619476083831004e+38)
(0.5920817255973816, -0.3220692276954651, -0.3819712996482849, -2.7684945540407152e+38)
(0.6128875613212585, -0.31671661138534546, -0.38053035736083984, -2.7683905052794485e+38)
(0.6007750630378723, -0.2842923402786255, -0.3601153492927551, -2.768337973838575e+38)
(0.5901912450790405, -0.25530382990837097, -0.34231501817703247, -2.7550982253215993e+38)
(0.5727694034576416, -0.22631260752677917, -0.33767175674438477, -2.701981028458788e+38)
(0.5909994840621948, -0.21889697015285492, -0.33592647314071655, -2.7417538195710688e+38)
(0.5944250226020813, -0.18872401118278503, -0.35601484775543213, -2.6752409024614297e+38)
(0.6009286642074585, -0.2077789604663849, -0.34497660398483276, -2.7150650080700077e+38)
(0.6254337430000305, -0.17017024755477905, -0.3902340531349182, -2.7284621480855077e+38)
(0.634724497795105, -0.19133515655994415, -0.38038909435272217, -2.715117336686785e+38)
(0.6259322762489319, -0.15185879170894623, -0.3882308006286621, -2.7284621480855077e+38)
(0.6442829966545105, -0.13894939422607422, -0.3842209577560425, -2.7550988337938874e+38)
(0.5993906259536743, -0.10595577955245972, -0.35024601221084595, -2.755150959586569e+38)
(0.6351197957992554, -0.09904047846794128, -0.3694770336151123, -2.7550988337938874e+38)
(0.5812558531761169, -0.06860073655843735, -0.3244321942329407, -2.7419631340381785e+38)
(0.618094801902771, -0.06014655530452728, -0.34664809703826904, -2.781840176735822e+38)
(0.5730513334274292, -0.0370890349149704, -0.3122456669807434, -2.7818923025285034e+38)
(0.5902151465415955, -0.023940859362483025, -0.3122071623802185, -2.7817361279745553e+38)
(0.5732752084732056, 0.0063865212723612785, -0.31136298179626465, -2.7817882537672366e+38)
(0.5919870734214783, -0.008943747729063034, -0.31390905380249023, -2.808372813682935e+38)
(0.5732409954071045, 0.03531450405716896, -0.31165188550949097, -2.7419631340381785e+38)
(0.5879222750663757, 0.03618757426738739, -0.3092847466468811, -2.7019820425792682e+38)
(0.5722274780273438, 0.049696482717990875, -0.31088578701019287, -2.7419631340381785e+38)
(0.5850245356559753, 0.06577266752719879, -0.30706316232681274, -2.7151181479831693e+38)
(0.5794990658760071, 0.09572757035493851, -0.32285577058792114, -2.7417033163711557e+38)
(0.5874729156494141, 0.0813952311873436, -0.31089138984680176, -2.7549951906808128e+38)
(0.5807631015777588, 0.11144614964723587, -0.325883686542511, -2.6884297421303003e+38)
(0.607008695602417, 0.11865495890378952, -0.3367529511451721, -2.754995799153101e+38)
(0.5815672874450684, 0.1431073546409607, -0.3305097222328186, -2.6886372311805456e+38)
(0.6078991889953613, 0.1697542369365692, -0.3437373638153076, -2.6486559368975393e+38)
(0.6626758575439453, 0.24113312363624573, -0.4430902600288391, -2.5952787195436092e+38)
(0.6571650505065918, 0.21387240290641785, -0.4062981605529785, -2.6219673282205743e+38)
(0.6714892387390137, 0.26852381229400635, -0.45837849378585815, -2.5952787195436092e+38)
(0.6819064617156982, 0.294198215007782, -0.44762223958969116, -2.6085720136219386e+38)
(0.6094300746917725, 0.26598867774009705, -0.3846179246902466, -2.6219675310446703e+38)
(0.608284592628479, 0.28079208731651306, -0.3633338212966919, -2.6486559368975393e+38)
(0.5824867486953735, 0.2822222411632538, -0.35676485300064087, -2.621915405251989e+38)
(0.5933327674865723, 0.3074180781841278, -0.35273170471191406, -2.6086223139977556e+38)
(0.5698451995849609, 0.3283868432044983, -0.3534514307975769, -2.5951746707823425e+38)
(0.6198435425758362, 0.3546777069568634, -0.3921830654144287, -2.621914999603797e+38)
(0.5790079832077026, 0.3595746159553528, -0.3717859387397766, -2.5950706220210758e+38)
(0.610573410987854, 0.3904208838939667, -0.39098817110061646, -2.608362901978925e+38)
(0.6301977634429932, -0.37492305040359497, -0.38834869861602783, -2.6886364198841615e+38)
(0.6322047710418701, -0.3957354724407196, -0.3712289333343506, -2.6884798396820213e+38)
(0.6454524993896484, -0.3671480715274811, -0.4019165635108948, -2.6885323711228947e+38)
(0.6535838842391968, -0.37010371685028076, -0.3857406973838806, -2.688584496915576e+38)
(0.6346015930175781, -0.31055593490600586, -0.37845367193222046, -2.795026785339636e+38)
(0.6297405958175659, -0.2806638777256012, -0.34438592195510864, -2.7284094138205382e+38)
(0.6097517013549805, -0.2482951134443283, -0.3401942253112793, -2.7417538195710688e+38)
(0.6259243488311768, -0.257209450006485, -0.3362630009651184, -2.7284094138205382e+38)
(0.6349259614944458, -0.20775702595710754, -0.3596940040588379, -2.795131442573191e+38)
(0.6499786972999573, -0.23403365910053253, -0.356192409992218, -2.701720602319477e+38)
(0.7115310430526733, -0.20852436125278473, -0.4420772194862366, -2.80842372253104e+38)
(0.761020302772522, -0.2554159462451935, -0.47133368253707886, -2.76844263107213e+38)
(0.7005456686019897, -0.18105414509773254, -0.42661720514297485, -2.80842372253104e+38)
(0.6925265192985535, -0.15400806069374084, -0.38872480392456055, -2.7950795196046056e+38)
(0.6627337336540222, -0.12493113428354263, -0.3791102170944214, -2.7950282051083084e+38)
(0.6811385750770569, -0.10977263003587723, -0.3727906346321106, -2.768338785134959e+38)
(0.6592321991920471, -0.08608952909708023, -0.37193936109542847, -2.7550986309697914e+38)
(0.6759023666381836, -0.0698789656162262, -0.3645898699760437, -2.781734911029979e+38)
(0.6529796123504639, -0.04820547252893448, -0.36279308795928955, -2.7817872396467565e+38)
(0.6603769063949585, -0.030473066493868828, -0.3466338515281677, -2.7818391626153418e+38)
(0.6141877770423889, 0.006000943947583437, -0.31831371784210205, -2.7420144485344757e+38)
(0.6306715607643127, 0.005860378034412861, -0.31482774019241333, -2.7286177141671678e+38)
(0.6145234107971191, 0.022011078894138336, -0.31874293088912964, -2.6753451540467925e+38)
(0.6250671744346619, 0.02222227305173874, -0.3089936375617981, -2.7153258398575107e+38)
(0.616469144821167, 0.07064961642026901, -0.32242751121520996, -2.648603405456666e+38)
(0.6232597231864929, 0.054673440754413605, -0.30784857273101807, -2.7151692596553705e+38)
(0.6624646186828613, 0.11631353199481964, -0.3762763738632202, -2.7151177423349772e+38)
(0.6709100604057312, 0.09826937317848206, -0.3598722815513611, -2.7551501482901847e+38)
(0.6849749088287354, 0.14084604382514954, -0.37770724296569824, -2.7151177423349772e+38)
(0.6785656213760376, 0.1584971845149994, -0.372730553150177, -2.661740119332855e+38)
(0.6378342509269714, 0.1818445771932602, -0.35618317127227783, -2.715377965650192e+38)
(0.6482904553413391, 0.18445372581481934, -0.34451228380203247, -2.7019295111383948e+38)
(0.6857555508613586, 0.24791143834590912, -0.4171608090400696, -2.6086223139977556e+38)
(0.6795282363891602, 0.2199542075395584, -0.38095635175704956, -2.6486555312493473e+38)
(0.7161785960197449, 0.289593368768692, -0.45624667406082153, -2.595278313895417e+38)
(0.726908802986145, 0.3171573877334595, -0.4434364438056946, -2.5552455022920176e+38)
(0.6440343856811523, 0.2845318913459778, -0.3791366219520569, -2.595278111071321e+38)
(0.6681356430053711, 0.32111799716949463, -0.3859158158302307, -2.5686410197147493e+38)
(0.6416301727294922, 0.34821733832359314, -0.38941705226898193, -2.5819335024966945e+38)
(0.645843505859375, 0.3249948024749756, -0.36482590436935425, -2.5285558794945724e+38)
(0.6466667652130127, 0.37638968229293823, -0.40072309970855713, -2.6085707966773624e+38)
(0.6502527594566345, 0.3988543450832367, -0.38447630405426025, -2.5684854536330893e+38)
(0.6256267428398132, 0.3962327837944031, -0.36055314540863037, -2.635051713479986e+38)
(0.6559100151062012, -0.3918386697769165, -0.36808258295059204, -2.715116525390401e+38)
(0.6689425706863403, -0.42630207538604736, -0.3621702194213867, -2.6483944966377483e+38)
(0.6899745464324951, -0.3756698966026306, -0.39546775817871094, -2.7284609311409315e+38)
(0.7063134908676147, -0.4124944508075714, -0.3908422589302063, -2.7017721196398704e+38)
(0.6828567981719971, -0.34432297945022583, -0.3828848600387573, -2.741805336891462e+38)
(0.7206697463989258, -0.34684982895851135, -0.3910897970199585, -2.7417538195710688e+38)
(0.6704453825950623, -0.2876250445842743, -0.3611234426498413, -2.76844263107213e+38)
(0.7162412405014038, -0.29411500692367554, -0.37856346368789673, -2.7817870368226604e+38)
(0.7467659711837769, -0.2687565088272095, -0.4299572706222534, -2.7417538195710688e+38)
(0.7566934823989868, -0.2964445650577545, -0.414739727973938, -2.795131442573191e+38)
(0.8694671392440796, -0.3070446848869324, -0.5170804858207703, -2.741805742539654e+38)
(0.8950234651565552, -0.22837845981121063, -0.5315108299255371, -2.701824245432552e+38)
(0.7033888101577759, -0.13533340394496918, -0.37237727642059326, -2.7950791139564135e+38)
(0.7231714129447937, -0.11901118606328964, -0.36439621448516846, -2.7684420225998418e+38)
(0.6877381801605225, -0.07120685279369354, -0.35243427753448486, -2.781578330827839e+38)
(0.70243239402771, -0.09294598549604416, -0.34347736835479736, -2.755045693880726e+38)
(0.6839947700500488, -0.051392100751399994, -0.34780997037887573, -2.7417012881301953e+38)
(0.6992713212966919, -0.03349844366312027, -0.33788615465164185, -2.755045693880726e+38)
(0.6818056702613831, -0.013421649113297462, -0.34456825256347656, -2.768494148392523e+38)
(0.6950243711471558, 0.005222889129072428, -0.3333473205566406, -2.7683903024553525e+38)
(0.6411945819854736, 0.039489321410655975, -0.30448436737060547, -2.7151690568312744e+38)
(0.6583425998687744, 0.040511421859264374, -0.2994605302810669, -2.7150128822773263e+38)
(0.6785204410552979, 0.07994997501373291, -0.34278303384780884, -2.741805336891462e+38)
(0.6776711344718933, 0.06046319007873535, -0.3179923892021179, -2.7150650080700077e+38)
(0.7027420997619629, 0.12442099303007126, -0.36926013231277466, -2.7016171620304985e+38)
(0.7111081480979919, 0.1049136221408844, -0.35103172063827515, -2.635102622328091e+38)
(0.6968835592269897, 0.14295342564582825, -0.36495697498321533, -2.715065616542296e+38)
(0.7294572591781616, 0.17325903475284576, -0.372979998588562, -2.6485516853121766e+38)
(0.682572066783905, 0.1779790222644806, -0.35434895753860474, -2.6483957135823245e+38)
(0.7114586234092712, 0.18781501054763794, -0.35791462659835815, -2.621914796779701e+38)
(0.708476185798645, 0.25455936789512634, -0.3886881470680237, -2.6219675310446703e+38)
(0.7420735359191895, 0.24669994413852692, -0.3922765254974365, -2.6483961192305166e+38)
(0.7510188817977905, 0.3294827938079834, -0.4401460886001587, -2.5017644390009168e+38)
(0.7775992155075073, 0.31661170721054077, -0.43337148427963257, -2.5282968731239337e+38)
(0.7362504005432129, 0.34485337138175964, -0.4288157820701599, -2.5684864677535695e+38)
(0.7193880677223206, 0.35319289565086365, -0.38764792680740356, -2.5549339644805055e+38)
(0.6927286386489868, 0.35624054074287415, -0.36498916149139404, -2.554881230215536e+38)
(0.6772447824478149, 0.3668828010559082, -0.35354793071746826, -2.581570041716597e+38)
(0.6636379957199097, 0.38290271162986755, -0.3690229654312134, -2.5950184962283944e+38)
(0.6717544198036194, 0.3859587013721466, -0.35243529081344604, -2.621655181936774e+38)
(0.6396951675415039, 0.40143847465515137, -0.3284061551094055, -2.581674090477864e+38)
(0.6238042116165161, 0.40739378333091736, -0.31638723611831665, -2.5416408732262722e+38)
(0.6822416186332703, -0.4630425274372101, -0.3556615114212036, -2.6483944966377483e+38)
(0.7026647925376892, -0.4813089668750763, -0.34938377141952515, -2.621705685136687e+38)
(0.708520770072937, -0.4367433786392212, -0.37108200788497925, -2.7017721196398704e+38)
(0.709250807762146, -0.4601820111274719, -0.35020339488983154, -2.6483944966377483e+38)
(0.7143310308456421, -0.41525211930274963, -0.37165212631225586, -2.68842771388934e+38)
(0.7423107624053955, -0.4094310700893402, -0.36583107709884644, -2.648343182141451e+38)
(0.7577986717224121, -0.37231042981147766, -0.39929085969924927, -2.7150650080700077e+38)
(0.7626506686210632, -0.3994627892971039, -0.37959975004196167, -2.675031993642512e+38)
(0.7616742253303528, -0.34826916456222534, -0.3986414670944214, -2.7284094138205382e+38)
(0.7868894338607788, -0.36279362440109253, -0.39253008365631104, -2.7150128822773263e+38)
(0.824795126914978, -0.33223214745521545, -0.41777634620666504, -2.728357288027857e+38)
(0.8429745435714722, -0.31448379158973694, -0.4298146367073059, -2.6883240707762652e+38)
(0.8649816513061523, -0.3009393811225891, -0.47845178842544556, -2.7284094138205382e+38)
(0.9160571098327637, -0.2926754951477051, -0.48531001806259155, -2.781422764746179e+38)
(0.8919531106948853, -0.22441954910755157, -0.49337905645370483, -2.7017725252880625e+38)
(0.9781589508056641, -0.28808659315109253, -0.5345167517662048, -2.768026233202967e+38)
(0.7352073192596436, -0.12097189575433731, -0.3497934937477112, -2.6884802453302134e+38)
(0.7485782504081726, -0.1452840119600296, -0.33728736639022827, -2.7949233450506575e+38)
(0.734869122505188, -0.09835478663444519, -0.32306188344955444, -2.755046099528918e+38)
(0.7317720651626587, -0.07687496393918991, -0.31945133209228516, -2.7417012881301953e+38)
(0.7197607159614563, -0.03509443253278732, -0.3322080969810486, -2.755045693880726e+38)
(0.7409436702728271, -0.0367470309138298, -0.3255704641342163, -2.7283568823796648e+38)
(0.7224065661430359, -0.01517716608941555, -0.33412855863571167, -2.755045693880726e+38)
(0.7360350489616394, 0.004868767689913511, -0.32098108530044556, -2.7150126794532303e+38)
(0.7242684364318848, 0.02516542375087738, -0.3356454372406006, -2.7417016937783874e+38)
(0.735561728477478, 0.04591316729784012, -0.3209228515625, -2.7016684765267958e+38)
(0.7045931816101074, 0.06325379014015198, -0.3191763758659363, -2.7550982253215993e+38)
(0.7161264419555664, 0.06409893184900284, -0.30542004108428955, -2.675031790818416e+38)
(0.7444180846214294, 0.10994590073823929, -0.3304026126861572, -2.635102622328091e+38)
(0.7484043836593628, 0.13240401446819305, -0.3348996043205261, -2.5952251739822556e+38)
(0.7495164275169373, 0.15617713332176208, -0.363275408744812, -2.6352589997061353e+38)
(0.7641071081161499, 0.18187490105628967, -0.35113757848739624, -2.608518670884681e+38)
(0.7655054926872253, 0.2315666526556015, -0.3838520050048828, -2.6218634822834036e+38)
(0.7888892889022827, 0.2149842083454132, -0.3739384412765503, -2.581830265031812e+38)
(0.8046388626098633, 0.30226051807403564, -0.4252097010612488, -2.6349476647187193e+38)
(0.847556471824646, 0.2941376268863678, -0.42877310514450073, -2.6215511331755073e+38)
(0.819271445274353, 0.33837562799453735, -0.442182719707489, -2.554881635863728e+38)
(0.8317502737045288, 0.3422304391860962, -0.4219454526901245, -2.5680181469158212e+38)
(0.768146276473999, 0.38674551248550415, -0.4068666696548462, -2.6216036646163808e+38)
(0.8121218681335449, 0.3868197202682495, -0.4126344919204712, -2.6080505528710287e+38)
(0.7371016144752502, 0.38889193534851074, -0.38184279203414917, -2.6082067274249768e+38)
(0.7411551475524902, 0.4147047996520996, -0.36250483989715576, -2.5949146502912237e+38)
(0.6904686689376831, 0.39918139576911926, -0.34595948457717896, -2.6215511331755073e+38)
(0.6916241645812988, 0.4212174117565155, -0.3263856768608093, -2.5284526420296898e+38)
(0.6562559008598328, 0.4144883453845978, -0.32164812088012695, -2.554881230215536e+38)
(0.6553991436958313, 0.4336695969104767, -0.30189281702041626, -2.4618346620383038e+38)
(0.7440962791442871, -0.43439197540283203, -0.34462136030197144, -2.6083097620657634e+38)
(0.7737135887145996, -0.4286707639694214, -0.33699727058410645, -2.62165437064039e+38)
(0.7714399695396423, -0.4024759531021118, -0.35887598991394043, -2.6349987763909205e+38)
(0.7924758195877075, -0.39113497734069824, -0.3722202777862549, -2.6749796650257347e+38)
(0.8338820934295654, -0.36330747604370117, -0.3982985019683838, -2.6883240707762652e+38)
(0.8410884141921997, -0.3942195177078247, -0.3771257996559143, -2.661635259275204e+38)
(0.8539879322052002, -0.34677428007125854, -0.4108797311782837, -2.6749796650257347e+38)
(0.865516185760498, -0.350334107875824, -0.3883192539215088, -2.6883240707762652e+38)
(0.8909096717834473, -0.2776671350002289, -0.43052273988723755, -2.7682345335495964e+38)
(0.905382513999939, -0.3120672404766083, -0.4116082191467285, -2.7150128822773263e+38)
(0.8855067491531372, -0.21699468791484833, -0.42102527618408203, -2.781578939300127e+38)
(0.9416433572769165, -0.26679617166519165, -0.43266355991363525, -2.7282013162980048e+38)
(0.7600719928741455, -0.1474355310201645, -0.3209879398345947, -2.7949233450506575e+38)
(0.79439377784729, -0.15703654289245605, -0.3207922577857971, -2.7148569105474742e+38)
(0.7737593650817871, -0.08396246284246445, -0.32777708768844604, -2.7282011134739087e+38)
(0.8136265277862549, -0.11456237733364105, -0.33195024728775024, -2.688272350631776e+38)
(0.7628152370452881, -0.03845687210559845, -0.31790274381637573, -2.7682343307255004e+38)
(0.7964003086090088, -0.04132099449634552, -0.3170517086982727, -2.6749279448812454e+38)
(0.7674986720085144, 0.004571661818772554, -0.32095640897750854, -2.7149088335160596e+38)
(0.7996331453323364, -0.018660759553313255, -0.3189900517463684, -2.688272350631776e+38)
(0.767867922782898, 0.02629980444908142, -0.3212950825691223, -2.6883240707762652e+38)
(0.8007333278656006, 0.05022771656513214, -0.3199429512023926, -2.7282011134739087e+38)
(0.7547915577888489, 0.06828363239765167, -0.3119971752166748, -2.7016684765267958e+38)
(0.794327974319458, 0.09541668742895126, -0.31653887033462524, -2.7415455192244393e+38)
(0.760284423828125, 0.13420292735099792, -0.31900864839553833, -2.648342979317355e+38)
(0.8003213405609131, 0.11972831934690475, -0.3217862844467163, -2.7148567077233782e+38)
(0.7874678373336792, 0.18829064071178436, -0.3432403802871704, -2.621810545194338e+38)
(0.8627897500991821, 0.18583302199840546, -0.36970168352127075, -2.6616873850678855e+38)
(0.8757262229919434, 0.2760458290576935, -0.41709643602371216, -2.5684854536330893e+38)
(0.8865238428115845, 0.24938635528087616, -0.39097464084625244, -2.6083620906825408e+38)
(0.878575325012207, 0.3362811207771301, -0.42540836334228516, -2.6080505528710287e+38)
(0.9090781211853027, 0.3185674548149109, -0.4128391742706299, -2.6214458674696644e+38)
(0.84223473072052, 0.37411755323410034, -0.4032019376754761, -2.568017538443533e+38)
(0.8728725910186768, 0.35974186658859253, -0.39214932918548584, -2.5813617413699676e+38)
(0.8035752773284912, 0.4053111672401428, -0.37935978174209595, -2.5948093845853807e+38)
(0.8337384462356567, 0.39412346482276917, -0.3695867657661438, -2.5947572587926993e+38)
(0.7837092876434326, 0.41842442750930786, -0.36701613664627075, -2.6215505247032192e+38)
(0.79282546043396, 0.4216552972793579, -0.34576696157455444, -2.5949128248743594e+38)
(0.7106293439865112, 0.4355715215206146, -0.3181016445159912, -2.461730613277037e+38)
(0.7511875033378601, 0.44253289699554443, -0.32126176357269287, -2.5284001105888163e+38)
(0.691239595413208, 0.4422951638698578, -0.3057778477668762, -2.4351458505372427e+38)
(0.6973757147789001, 0.4442828595638275, -0.2865009903907776, -2.381664584422046e+38)
(0.6641881465911865, 0.4647865295410156, -0.291238009929657, -2.4215935500882747e+38)
(0.8102542161941528, -0.4878530204296112, -0.34080302715301514, -2.5949130276984554e+38)
(0.8874807357788086, -0.4563393294811249, -0.3840414881706238, -2.6615829306584267e+38)
(0.8909193277359009, -0.42600828409194946, -0.3824083209037781, -2.688168099046413e+38)
(0.9261704683303833, -0.4134489595890045, -0.36984896659851074, -2.6480308330335548e+38)
(0.8766006231307983, -0.35374391078948975, -0.3650486469268799, -2.6615314133380334e+38)
(0.9090590476989746, -0.3388749361038208, -0.3522341847419739, -2.634790476044291e+38)
(0.9180158376693726, -0.3155324161052704, -0.38767731189727783, -2.661583539130715e+38)
(0.9502917528152466, -0.2969595193862915, -0.3731486201286316, -2.6613750359599893e+38)
(0.9557385444641113, -0.2700849175453186, -0.40816164016723633, -2.6749275392330533e+38)
(0.9693187475204468, -0.2732499837875366, -0.38275808095932007, -2.648082553178044e+38)
(0.8876967430114746, -0.15788468718528748, -0.3560386300086975, -2.6615314133380334e+38)
(0.9048165082931519, -0.18929679691791534, -0.33812129497528076, -2.6347383502516096e+38)
(0.8982421159744263, -0.13298799097537994, -0.3617461323738098, -2.6215505247032192e+38)
(0.9116506576538086, -0.1348343789577484, -0.33952194452285767, -2.60810166454323e+38)
(0.8827669620513916, -0.07587262243032455, -0.3493407964706421, -2.621654776288582e+38)
(0.9178035259246826, -0.052266158163547516, -0.34075242280960083, -2.634790476044291e+38)
(0.8257231712341309, 0.004037883132696152, -0.3100900650024414, -2.648187007587503e+38)
(0.8487042188644409, -0.020813118666410446, -0.2976697087287903, -2.634790476044291e+38)
(0.8385041952133179, 0.028307994827628136, -0.318662166595459, -2.6480306302094588e+38)
(0.851090669631958, 0.028560059145092964, -0.2990407943725586, -2.5947570559686033e+38)
(0.8429667949676514, 0.10263615846633911, -0.3231202960014343, -2.67471944171052e+38)
(0.8738493919372559, 0.08091018348932266, -0.31384360790252686, -2.608101461719134e+38)
(0.8856756687164307, 0.16367000341415405, -0.35395950078964233, -2.6348943219814617e+38)
(0.9073686599731445, 0.13996239006519318, -0.33628714084625244, -2.634790070396099e+38)
(0.9311654567718506, 0.23444539308547974, -0.38805055618286133, -2.6348945248055577e+38)
(0.9577903747558594, 0.21087217330932617, -0.37046337127685547, -2.6481346789707255e+38)
(0.9599099159240723, 0.30787789821624756, -0.4123115539550781, -2.5948093845853807e+38)
(0.973599910736084, 0.31125345826148987, -0.38669347763061523, -2.621394350149271e+38)
(0.9230821132659912, 0.35386478900909424, -0.392692506313324, -2.634790476044291e+38)
(0.9550365209579468, 0.33521369099617004, -0.37749719619750977, -2.6214460702937604e+38)
(0.9147213697433472, 0.3777359127998352, -0.3573988676071167, -2.581413055866265e+38)
(0.8933109045028687, 0.3962107002735138, -0.34665465354919434, -2.5146391041450268e+38)
(0.8395638465881348, 0.4243573248386383, -0.3476030230522156, -2.5813609300735835e+38)
(0.8488146066665649, 0.42752736806869507, -0.3241627812385559, -2.5548282931264705e+38)
(0.7953486442565918, 0.44877246022224426, -0.3233734369277954, -2.5814651816589462e+38)
(0.8260422945022583, 0.4404017925262451, -0.31256264448165894, -2.5548282931264705e+38)
(0.736974835395813, 0.4527938961982727, -0.28830409049987793, -2.4482302357966544e+38)
(0.7801674604415894, 0.4607836902141571, -0.28899550437927246, -2.4215937529123708e+38)
(0.6946395635604858, 0.4637466073036194, -0.26454412937164307, -2.394957472852183e+38)
(0.7123619318008423, 0.4789101481437683, -0.25361692905426025, -2.2215842468565528e+38)
(0.6904358863830566, 0.4819527566432953, -0.2420186847448349, -2.2883058699610135e+38)
(0.9962412118911743, -0.45207926630973816, -0.3436260223388672, -2.4743466776987005e+38)
(0.9174776077270508, -0.3721793293952942, -0.3285793662071228, -2.5545678669871596e+38)
(0.9513977766036987, -0.3565973937511444, -0.31299740076065063, -2.4478140407515875e+38)
(0.9625970125198364, -0.30008283257484436, -0.3472387194633484, -2.5415356075204293e+38)
(0.9742813110351562, -0.3030441701412201, -0.3205259442329407, -2.4879509011162538e+38)
(1.0007215738296509, -0.25067955255508423, -0.36506712436676025, -2.514846796019368e+38)
(1.0137337446212769, -0.2534162402153015, -0.337533175945282, -2.434781375636665e+38)
(0.9350051879882812, -0.19725307822227478, -0.32517290115356445, -2.5281912017698987e+38)
(1.0082839727401733, -0.2187308520078659, -0.3328762650489807, -2.4214369698861345e+38)
(0.9708549976348877, -0.11685927957296371, -0.341902494430542, -2.528243530386676e+38)
(1.1132665872573853, -0.1781330704689026, -0.3853771686553955, -2.4615223129304076e+38)
(0.9792494773864746, -0.0879744216799736, -0.3458341956138611, -2.501554718885615e+38)
(0.903353214263916, -0.0235044714063406, -0.3015475273132324, -2.5415879361372067e+38)
(0.9870313405990601, 0.00245908135548234, -0.3159058094024658, -2.488002824084839e+38)
(0.9363832473754883, 0.059413328766822815, -0.32052934169769287, -2.5548800132709598e+38)
(0.968731164932251, 0.03204047679901123, -0.30639421939849854, -2.4347294526680797e+38)
(0.9444947242736816, 0.11753826588392258, -0.326368510723114, -2.5949132305225514e+38)
(1.0434160232543945, 0.09976105391979218, -0.3462446331977844, -2.4213323126525797e+38)
(0.9637788534164429, 0.18061989545822144, -0.33956754207611084, -2.5680682444675422e+38)
(1.0176059007644653, 0.1926879584789276, -0.335604727268219, -2.448177095883493e+38)
(1.0210508108139038, 0.2612000107765198, -0.375870943069458, -2.594705741472306e+38)
(1.05003023147583, 0.23470421135425568, -0.3541964888572693, -2.4348328929570584e+38)
(1.004629373550415, 0.28866931796073914, -0.3683848977088928, -2.594705944296402e+38)
(1.0728533267974854, 0.3490575850009918, -0.3723953366279602, -2.4481259842112917e+38)
(0.9674607515335083, 0.33853599429130554, -0.3513396382331848, -2.5813615385458716e+38)
(1.002846121788025, 0.38724905252456665, -0.33970212936401367, -2.408093172607892e+38)
(0.9257024526596069, 0.3810790479183197, -0.33203113079071045, -2.5013466213630816e+38)
(0.9333568811416626, 0.41504645347595215, -0.30725955963134766, -2.421229278011793e+38)
(0.8575644493103027, 0.4305046796798706, -0.30015790462493896, -2.541484293024132e+38)
(0.8897227048873901, 0.4189058542251587, -0.28599971532821655, -2.501243181074103e+38)
(0.8104149103164673, 0.45396947860717773, -0.27781379222869873, -2.4482304386207505e+38)
(0.8415687084197998, 0.44572126865386963, -0.26506179571151733, -2.488107075670202e+38)
(0.7632501125335693, 0.470282644033432, -0.2551971673965454, -2.0749000351860796e+38)
(0.7929091453552246, 0.4649941325187683, -0.2436627894639969, -2.4082497528100323e+38)
(0.717031717300415, 0.48003578186035156, -0.23274357616901398, -1.9683526838802727e+38)
(0.7448368072509766, 0.47726374864578247, -0.2222544401884079, -2.3421004993045867e+38)
(0.6982369422912598, 0.48322245478630066, -0.20121203362941742, -2.449011108566395e+38)
(1.1726891994476318, -0.22910302877426147, -0.3767854571342468, -2.367956515067322e+38)
(1.1870847940444946, -0.23144423961639404, -0.34236854314804077, -2.1547593862872096e+38)
(1.1889969110488892, -0.19383247196674347, -0.38318389654159546, -2.3279750179602195e+38)
(1.2182544469833374, -0.15879078209400177, -0.3534836769104004, -2.1148308262691728e+38)
(1.0395220518112183, 0.47762030363082886, -0.328998327255249, -2.4208654115835036e+38)
(0.928329348564148, 0.509549081325531, -0.2819179892539978, -2.4078844666130705e+38)
(1.2347502708435059, -0.2426958829164505, -0.32038992643356323, -1.9549062576094358e+38)
(1.168747067451477, -0.14898210763931274, -0.2924199104309082, -1.9681472230709877e+38)
