(0.3544882535934448, -0.07692312449216843, -0.2887706756591797, -2.9155444575563423e+38)
(0.3560329079627991, -0.07063427567481995, -0.2922315001487732, -2.875563366097432e+38)
(0.35748153924942017, -0.06415828317403793, -0.2954866290092468, -2.888959897640644e+38)
(0.35543370246887207, -0.049696460366249084, -0.30276983976364136, -2.8891679951631774e+38)
(0.3598676323890686, -0.05839601159095764, -0.30316847562789917, -2.9023043033911745e+38)
(0.3564944863319397, -0.04282987862825394, -0.3052788972854614, -2.9425456181652996e+38)
(0.35744303464889526, -0.03583086282014847, -0.30754733085632324, -2.9157527579029718e+38)
(0.35898685455322266, -0.0214915182441473, -0.3113313317298889, -2.969130380905094e+38)
(0.36383765935897827, -0.02203688956797123, -0.3101130723953247, -2.9691825066977753e+38)
(0.35957515239715576, -0.014180894941091537, -0.3128337860107422, -2.9824747866556245e+38)
(0.3649549186229706, -0.0070914458483457565, -0.31291693449020386, -3.0225601296998975e+38)
(0.36709827184677124, -0.00013933703303337097, -0.34589052200317383, -3.022508003907216e+38)
(0.3689609467983246, 0.008015651255846024, -0.3293825387954712, -3.009215723949367e+38)
(0.36058932542800903, 0.023142963647842407, -0.3162801265716553, -2.9557863808027555e+38)
(0.3656083047389984, 0.015729980543255806, -0.31502771377563477, -2.9291494922702797e+38)
(0.36008068919181824, 0.03812171518802643, -0.31573164463043213, -2.9290975693016944e+38)
(0.3639400005340576, 0.03825394809246063, -0.3099339008331299, -2.9424938980208103e+38)
(0.35905808210372925, 0.05292903631925583, -0.31409645080566406, -2.8222382745361833e+38)
(0.36454135179519653, 0.0461762472987175, -0.31387436389923096, -2.9024087578006333e+38)
(0.35561540722846985, 0.06601211428642273, -0.3023478388786316, -2.7823091060458584e+38)
(0.36112961173057556, 0.05982477217912674, -0.30255478620529175, -2.782413357631221e+38)
(0.35368314385414124, 0.07975849509239197, -0.2987697720527649, -2.849031134798511e+38)
(0.3593261241912842, 0.07400798797607422, -0.2993583083152771, -2.835738854840662e+38)
(0.3513272702693939, 0.0929950624704361, -0.29427284002304077, -2.8089979175469195e+38)
(0.3570570945739746, 0.0877089872956276, -0.29518675804138184, -2.849031134798511e+38)
(0.36101797223091125, -0.08065071702003479, -0.29605281352996826, -2.915648709141705e+38)
(0.3668067753314972, -0.08332497626543045, -0.2987494468688965, -2.888959897640644e+38)
(0.3631531596183777, -0.0663563683629036, -0.29838430881500244, -2.9289931148922356e+38)
(0.3674158453941345, -0.07546119391918182, -0.29774051904678345, -2.9024083521524412e+38)
(0.36592569947242737, -0.05251605808734894, -0.30444657802581787, -2.995819192406155e+38)
(0.3708423674106598, -0.05356799066066742, -0.3027660846710205, -3.0491968154082772e+38)
(0.3671330213546753, -0.04534747451543808, -0.3071129322052002, -2.995819192406155e+38)
(0.3682135045528412, -0.03803209960460663, -0.30952274799346924, -2.9557859751545634e+38)
(0.36997437477111816, -0.023022985085844994, -0.3135380744934082, -2.9959232411674218e+38)
(0.3751392364501953, -0.023603586480021477, -0.31208622455596924, -2.9692344296663607e+38)
(0.3694758415222168, -0.015034770593047142, -0.31036728620529175, -2.942597743957981e+38)
(0.37517255544662476, -0.007703056558966637, -0.31029653549194336, -2.9159610582496013e+38)
(0.3715575933456421, 0.0001839352771639824, -0.31744784116744995, -2.9827871357635207e+38)
(0.37582606077194214, 0.008023491129279137, -0.31205713748931885, -2.955994275501193e+38)
(0.370636910200119, 0.023612789809703827, -0.31394487619400024, -2.942441569404033e+38)
(0.37591952085494995, 0.01593657210469246, -0.3124876022338867, -2.942597743957981e+38)
(0.36928486824035645, 0.031111769378185272, -0.30913829803466797, -2.942441569404033e+38)
(0.3689364790916443, 0.03875396028161049, -0.30869972705841064, -2.9425456181652996e+38)
(0.37473732233047485, 0.047466591000556946, -0.3112061619758606, -2.8893241697171255e+38)
(0.3740603029727936, 0.05522264540195465, -0.3101472854614258, -2.8094660355605718e+38)
(0.3650760352611542, 0.06795055419206619, -0.29971134662628174, -2.83589502939461e+38)
(0.37092021107673645, 0.06157726049423218, -0.2997996211051941, -2.862583840895671e+38)
(0.3629198372364044, 0.08211950212717056, -0.29590219259262085, -2.8490832605911925e+38)
(0.3689059317111969, 0.07621461898088455, -0.2963915467262268, -2.889116477842784e+38)
(0.3602929711341858, 0.09572640061378479, -0.29112952947616577, -2.8356867290479806e+38)
(0.36637306213378906, 0.09031917154788971, -0.29195916652679443, -2.8623755405490417e+38)
(0.3588172495365143, 0.10228753834962845, -0.28840672969818115, -2.8356867290479806e+38)
(0.37753456830978394, -0.10033992677927017, -0.32322126626968384, -2.8222378688879912e+38)
(0.3850216865539551, -0.09483139216899872, -0.325076699256897, -2.8356863233997885e+38)
(0.3752749264240265, -0.07101183384656906, -0.3040376901626587, -2.969130380905094e+38)
(0.3812260031700134, -0.08192980289459229, -0.3079906105995178, -2.9024083521524412e+38)
(0.376936137676239, -0.06380005925893784, -0.3074219822883606, -2.9959232411674218e+38)
(0.3835299611091614, -0.06606590002775192, -0.3102828860282898, -2.9959232411674218e+38)
(0.379757285118103, -0.04037106782197952, -0.31108665466308594, -2.929305464000132e+38)
(0.3852251172065735, -0.04981877654790878, -0.3115009665489197, -2.9159610582496013e+38)
(0.3817656636238098, -0.024652494117617607, -0.3153473138809204, -2.929305464000132e+38)
(0.38870418071746826, -0.02574458159506321, -0.3185642957687378, -2.9159610582496013e+38)
(0.3817901313304901, -0.008256033062934875, -0.3135494589805603, -2.9425456181652996e+38)
(0.38871991634368896, -0.008831828832626343, -0.3167596459388733, -2.95589002391583e+38)
(0.3824923634529114, 0.007961584255099297, -0.31535619497299194, -2.9559421497085115e+38)
(0.38804805278778076, 0.007924509234726429, -0.31376463174819946, -2.9158568066642385e+38)
(0.3812103867530823, 0.0241071917116642, -0.3111712336540222, -2.9290971636535023e+38)
(0.3881564736366272, 0.016233978793025017, -0.31420379877090454, -2.8892201209558588e+38)
(0.38098013401031494, 0.03215721249580383, -0.31098657846450806, -2.9157527579029718e+38)
(0.38882505893707275, 0.04152578115463257, -0.31840407848358154, -2.8624791836621163e+38)
(0.38265153765678406, 0.0491359606385231, -0.3192214369773865, -2.875979763966595e+38)
(0.3793134093284607, 0.056025490164756775, -0.3086004853248596, -2.8228104413111023e+38)
(0.37599706649780273, 0.06248566508293152, -0.2982482314109802, -2.8492394351451406e+38)
(0.3826925754547119, 0.07258782535791397, -0.3037562370300293, -2.9026170581472628e+38)
(0.37386712431907654, 0.07735666632652283, -0.29473012685775757, -2.9291496950943758e+38)
(0.38007235527038574, 0.08778984844684601, -0.299446165561676, -2.889116477842784e+38)
(0.3711898624897003, 0.09166738390922546, -0.29016268253326416, -2.849031134798511e+38)
(0.37688732147216797, 0.10232137888669968, -0.29407835006713867, -2.768964700295328e+38)
(0.36911311745643616, 0.10649030655622482, -0.28884589672088623, -2.7155870772932057e+38)
(0.3673342168331146, 0.11310283094644547, -0.28570204973220825, -2.768964700295328e+38)
(0.40145355463027954, -0.12452826648950577, -0.3452645540237427, -2.888959897640644e+38)
(0.40241697430610657, -0.11475029587745667, -0.34418874979019165, -2.915648709141705e+38)
(0.40322327613830566, -0.10496672987937927, -0.3429179787635803, -2.8623755405490417e+38)
(0.3961641788482666, -0.0919359102845192, -0.33828699588775635, -2.9158052893438452e+38)
(0.40434572100639343, -0.0854291021823883, -0.3397541642189026, -2.9958717238470285e+38)
(0.39706066250801086, -0.06365269422531128, -0.3325187563896179, -2.955994478325289e+38)
(0.4047898054122925, -0.06601899862289429, -0.33570945262908936, -2.9026170581472628e+38)
(0.3953896462917328, -0.053425244987010956, -0.3247644305229187, -2.902668778291752e+38)
(0.40453559160232544, -0.046855002641677856, -0.33073991537094116, -2.875980169614787e+38)
(0.39812296628952026, -0.03657277673482895, -0.3300711512565613, -2.9027209040844335e+38)
(0.4053069055080414, -0.028599372133612633, -0.3301233649253845, -2.9026170581472628e+38)
(0.39444148540496826, -0.009174300357699394, -0.31497299671173096, -2.929201212414769e+38)
(0.4028331935405731, -0.018854442983865738, -0.32150799036026, -2.929305869648324e+38)
(0.39493808150291443, -0.0006845397874712944, -0.3160855770111084, -2.87571954065138e+38)
(0.4011598825454712, 0.007819131948053837, -0.31496942043304443, -2.7424839863168003e+38)
(0.39682328701019287, 0.02521231397986412, -0.3223610520362854, -2.942441569404033e+38)
(0.4012846052646637, 0.016550607979297638, -0.31541675329208374, -2.8891679951631774e+38)
(0.4025351405143738, 0.03432915359735489, -0.32018405199050903, -2.902512400913708e+38)
(0.4036889970302582, 0.043568916618824005, -0.32460957765579224, -2.875823589412647e+38)
(0.3945937752723694, 0.059587426483631134, -0.31938356161117554, -2.7961216298100412e+38)
(0.402985543012619, 0.052411824464797974, -0.32364189624786377, -2.875823589412647e+38)
(0.3920888304710388, 0.06720944494009018, -0.3129640817642212, -2.8758761208535203e+38)
(0.3981167674064636, 0.07739139348268509, -0.31379175186157227, -2.9024083521524412e+38)
(0.3894828259944916, 0.09225635230541229, -0.3112807273864746, -2.8890641492260067e+38)
(0.39667123556137085, 0.08562114834785461, -0.31154197454452515, -2.8890639464019107e+38)
(0.3877999186515808, 0.10000765323638916, -0.3085237741470337, -2.822342120473354e+38)
(0.3928239047527313, 0.11050701886415482, -0.30779755115509033, -2.7556198888966053e+38)
(0.3840038478374481, 0.11489483714103699, -0.3022196888923645, -2.7556202945447973e+38)
(0.38847142457962036, 0.12530773878097534, -0.30070918798446655, -2.7823091060458584e+38)
(0.38610154390335083, 0.13233287632465363, -0.296811044216156, -2.7823091060458584e+38)
(0.4040554165840149, -0.13403339684009552, -0.33599865436553955, -2.8355822746385218e+38)
(0.40980297327041626, -0.13613775372505188, -0.33210790157318115, -2.8355822746385218e+38)
(0.40832602977752686, -0.11668624728918076, -0.3408006429672241, -2.942337520642766e+38)
(0.4174257516860962, -0.11054377257823944, -0.3424724340438843, -2.9289935205404277e+38)
(0.41192740201950073, -0.09857459366321564, -0.3445069193840027, -2.9024087578006333e+38)
(0.4208837151527405, -0.09171751886606216, -0.3458273410797119, -2.995819598054347e+38)
(0.4147864580154419, -0.07983411848545074, -0.3470116853713989, -2.9958717238470285e+38)
(0.4212151765823364, -0.08136235177516937, -0.3439497947692871, -3.0091640038048777e+38)
(0.4128285050392151, -0.05855301022529602, -0.3364430069923401, -2.7024509718893047e+38)
(0.421017587184906, -0.050623081624507904, -0.33681273460388184, -2.9291496950943758e+38)
(0.41340819001197815, -0.02985803596675396, -0.3332575559616089, -2.9024608835933147e+38)
(0.42054831981658936, -0.04054586589336395, -0.3339184522628784, -2.8890643520501028e+38)
(0.408003032207489, -0.010151328518986702, -0.31584131717681885, -2.9291496950943758e+38)
(0.41522055864334106, -0.019922487437725067, -0.31697869300842285, -2.9958717238470285e+38)
(0.414837121963501, -0.001439390704035759, -0.3147488832473755, -2.9691829123459674e+38)
(0.41521114110946655, 0.007707009091973305, -0.31557410955429077, -2.982527318096498e+38)
(0.40896904468536377, 0.02578015625476837, -0.31836044788360596, -2.929201212414769e+38)
(0.4153536856174469, 0.016887512058019638, -0.3160289525985718, -2.995819192406155e+38)
(0.4131702184677124, 0.034908585250377655, -0.31097084283828735, -2.9157527579029718e+38)
(0.41620421409606934, 0.04482044279575348, -0.3201392889022827, -2.9690782551124126e+38)
(0.406472384929657, 0.06140127032995224, -0.31514811515808105, -2.9424934923726182e+38)
(0.4154152274131775, 0.053983308374881744, -0.3191004991531372, -2.942441569404033e+38)
(0.4053281247615814, 0.07006753981113434, -0.31347930431365967, -2.9024083521524412e+38)
(0.41140827536582947, 0.07115355134010315, -0.3110562562942505, -2.942441569404033e+38)
(0.41184866428375244, 0.09042982757091522, -0.3163771629333496, -2.9024083521524412e+38)
(0.4117679297924042, 0.10016771405935287, -0.31863075494766235, -2.849030729150319e+38)
(0.4037514626979828, 0.10692282021045685, -0.3183131217956543, -2.795653106148197e+38)
(0.4091964364051819, 0.11822329461574554, -0.31712228059768677, -2.7689642946471358e+38)
(0.4009767770767212, 0.12436432391405106, -0.3164021968841553, -2.7823091060458584e+38)
(0.40412023663520813, 0.13397254049777985, -0.30930137634277344, -2.7556202945447973e+38)
(0.3958883285522461, 0.1393982470035553, -0.30827635526657104, -2.768964700295328e+38)
(0.40136221051216125, 0.14141708612442017, -0.30501270294189453, -2.768964700295328e+38)
(0.41190028190612793, -0.14543768763542175, -0.321841835975647, -2.795652700500005e+38)
(0.41346266865730286, -0.13589759171009064, -0.3219069838523865, -2.8089971062505354e+38)
(0.4230177402496338, -0.13053274154663086, -0.323619544506073, -2.8356859177515964e+38)
(0.4204360246658325, -0.12064368277788162, -0.333401083946228, -2.929044835036725e+38)
(0.4300873279571533, -0.11441013216972351, -0.33486437797546387, -2.862270883315487e+38)
(0.42680928111076355, -0.10392902046442032, -0.34388571977615356, -2.9556823320414887e+38)
(0.43337056040763855, -0.10578849166631699, -0.3400809168815613, -2.915648709141705e+38)
(0.4300772547721863, -0.08437005430459976, -0.3468351364135742, -2.995819598054347e+38)
(0.43686264753341675, -0.08598104119300842, -0.343294620513916, -2.9557859751545634e+38)
(0.43939781188964844, -0.06557096540927887, -0.34510207176208496, -2.9425456181652996e+38)
(0.4390764832496643, -0.05471263825893402, -0.3424414396286011, -2.875823589412647e+38)
(0.4286033511161804, -0.03192376345396042, -0.3335784077644348, -2.9557863808027555e+38)
(0.43620309233665466, -0.043164998292922974, -0.3337451219558716, -2.942441569404033e+38)
(0.42358607053756714, -0.02089577540755272, -0.3195260763168335, -2.995819598054347e+38)
(0.43233466148376465, -0.021909082308411598, -0.32194554805755615, -2.96913058372919e+38)
(0.42357009649276733, 0.007632376626133919, -0.31811946630477905, -2.96913058372919e+38)
(0.4298217296600342, -0.0020329775288701057, -0.3146095871925354, -2.995819395230251e+38)
(0.4236237406730652, 0.026597047224640846, -0.31864768266677856, -2.9690263321438272e+38)
(0.43247348070144653, 0.01734507456421852, -0.320997953414917, -2.9823186121016764e+38)
(0.42463231086730957, 0.04595272243022919, -0.3227050304412842, -2.9289931148922356e+38)
(0.42993977665901184, 0.03654814511537552, -0.315660297870636, -2.928888863306873e+38)
(0.4304487407207489, 0.056249819695949554, -0.3188326358795166, -2.9289409890995542e+38)
(0.4272870123386383, 0.06500909477472305, -0.3123299479484558, -2.888959897640644e+38)
(0.4278881549835205, 0.07512053102254868, -0.31541627645492554, -2.8890643520501028e+38)
(0.43032723665237427, 0.08638449758291245, -0.3233943581581116, -2.8757199462995722e+38)
(0.4218957722187042, 0.09413343667984009, -0.3237984776496887, -2.87571954065138e+38)
(0.4304945766925812, 0.09683385491371155, -0.32598793506622314, -2.82234232329745e+38)
(0.4190617501735687, 0.12317892909049988, -0.3244657516479492, -2.728931077395544e+38)
(0.42799025774002075, 0.11634848266839981, -0.3248027563095093, -2.7155870772932057e+38)
(0.4163811206817627, 0.13151125609874725, -0.32046401500701904, -2.7556202945447973e+38)
(0.42152076959609985, 0.1435122936964035, -0.3178068995475769, -2.7556202945447973e+38)
(0.4087025821208954, 0.14533543586730957, -0.3065298795700073, -2.768964700295328e+38)
(0.4130265712738037, 0.15683409571647644, -0.30299705266952515, -2.7422758887942668e+38)
(0.40777653455734253, 0.1617746502161026, -0.2929898500442505, -2.768964700295328e+38)
(0.43416038155555725, -0.15743239223957062, -0.31990307569503784, -2.7823082947494743e+38)
(0.425136923789978, -0.14014148712158203, -0.31313908100128174, -2.8089971062505354e+38)
(0.43524789810180664, -0.13474425673484802, -0.3146091103553772, -2.8089971062505354e+38)
(0.4329129457473755, -0.12470614165067673, -0.3251022696495056, -2.8623747292526575e+38)
(0.4431397318840027, -0.11838371306657791, -0.32631105184555054, -2.9157004292861944e+38)
(0.44003963470458984, -0.10767623037099838, -0.33603912591934204, -2.942337520642766e+38)
(0.45027652382850647, -0.1004105806350708, -0.33687645196914673, -2.9023043033911745e+38)
(0.4463694095611572, -0.08916831016540527, -0.3457534909248352, -2.9024083521524412e+38)
(0.4535127580165863, -0.0908619835972786, -0.3416699767112732, -2.8890639464019107e+38)
(0.4461943805217743, -0.05587763339281082, -0.33903074264526367, -2.8891679951631774e+38)
(0.4564383327960968, -0.06949497014284134, -0.3438749313354492, -2.8891679951631774e+38)
(0.4432207942008972, -0.04413466900587082, -0.33049851655960083, -2.995819192406155e+38)
(0.4503820836544037, -0.04512399435043335, -0.327018141746521, -2.9290971636535023e+38)
(0.44148194789886475, -0.022964058443903923, -0.3242189288139343, -2.942441569404033e+38)
(0.44251957535743713, -0.012925134971737862, -0.3259386420249939, -2.995819192406155e+38)
(0.4437341094017029, 0.007438081316649914, -0.3281283378601074, -2.9557859751545634e+38)
(0.4529648721218109, -0.0032082563266158104, -0.3294399380683899, -2.942441569404033e+38)
(0.44150614738464355, 0.027707504108548164, -0.3233165144920349, -2.875563366097432e+38)
(0.45106035470962524, 0.028297150507569313, -0.3254120945930481, -2.8088934631374607e+38)
(0.44266003370285034, 0.0483584851026535, -0.3274274468421936, -2.9422853948500847e+38)
(0.44825416803359985, 0.0383235365152359, -0.319755494594574, -2.8222378688879912e+38)
(0.44167089462280273, 0.05843152850866318, -0.3262050747871399, -2.9289409890995542e+38)
(0.4429200291633606, 0.06783647835254669, -0.31102120876312256, -2.88896010046474e+38)
(0.43886733055114746, 0.07816211879253387, -0.3225538730621338, -2.8356867290479806e+38)
(0.4462677836418152, 0.09028182923793793, -0.32191169261932373, -2.82234232329745e+38)
(0.43711820244789124, 0.1090397760272026, -0.32478266954421997, -2.7556202945447973e+38)
(0.4464195966720581, 0.10123101621866226, -0.32435697317123413, -2.82234232329745e+38)
(0.4339377284049988, 0.12869326770305634, -0.32268285751342773, -2.7289314830437362e+38)
(0.44353318214416504, 0.12160930782556534, -0.32275694608688354, -2.7556202945447973e+38)
(0.42983508110046387, 0.1476260870695114, -0.3192415237426758, -2.7556202945447973e+38)
(0.4361616373062134, 0.14980754256248474, -0.3149834871292114, -2.7289314830437362e+38)
(0.4263875484466553, 0.15569433569908142, -0.31433987617492676, -2.7556202945447973e+38)
(0.4309328496456146, 0.16799362003803253, -0.3100360631942749, -2.7556202945447973e+38)
(0.4170496463775635, 0.1684078872203827, -0.2986801862716675, -2.7823091060458584e+38)
(0.424787700176239, 0.17303575575351715, -0.29923856258392334, -2.7823091060458584e+38)
(0.44294309616088867, -0.1626112163066864, -0.32083362340927124, -2.80878860307981e+38)
(0.4520716667175293, -0.16797567903995514, -0.3215180039405823, -2.808840120400203e+38)
(0.439609557390213, -0.14695866405963898, -0.30920612812042236, -2.808788805903906e+38)
(0.45046573877334595, -0.1414441615343094, -0.3103974461555481, -2.8488733376517947e+38)
(0.4498007297515869, -0.1204066351056099, -0.32165175676345825, -2.9157002264620983e+38)
(0.45654383301734924, -0.12245095521211624, -0.3167220950126648, -2.8755104290083665e+38)
(0.45368409156799316, -0.11153105646371841, -0.3271973133087158, -2.942337520642766e+38)
(0.46452566981315613, -0.10411392897367477, -0.3277076482772827, -2.8489266803890523e+38)
(0.4607752561569214, -0.0925825759768486, -0.33732283115386963, -2.8623751349008496e+38)
(0.47150593996047974, -0.08416327089071274, -0.3373202681541443, -2.8489266803890523e+38)
(0.458161860704422, -0.057260043919086456, -0.32574671506881714, -2.875823589412647e+38)
(0.46859797835350037, -0.0710783526301384, -0.3294253945350647, -2.888959897640644e+38)
(0.4576844573020935, -0.046132586896419525, -0.3232903480529785, -2.8890639464019107e+38)
(0.46706870198249817, -0.036613285541534424, -0.3220483064651489, -2.9023043033911745e+38)
(0.46103641390800476, -0.025205766782164574, -0.3282473087310791, -2.9024083521524412e+38)
(0.4622325897216797, -0.014489756897091866, -0.3300730586051941, -2.9290971636535023e+38)
(0.46362733840942383, 0.007262621074914932, -0.3323727250099182, -2.8623751349008496e+38)
(0.47368794679641724, -0.004118661396205425, -0.3332517743110657, -2.8623751349008496e+38)
(0.46366745233535767, 0.029184933751821518, -0.3328390121459961, -2.8089975118987274e+38)
(0.47147443890571594, 0.02954983152449131, -0.3290178179740906, -2.8489786033576377e+38)
(0.46502795815467834, 0.0515657514333725, -0.33711785078048706, -2.8089975118987274e+38)
(0.4737588167190552, 0.04113331809639931, -0.33415108919143677, -2.849030729150319e+38)
(0.46885985136032104, 0.06267347186803818, -0.3262034058570862, -2.8489786033576377e+38)
(0.46463894844055176, 0.0725521594285965, -0.3189932107925415, -2.8222901975047687e+38)
(0.4533729553222656, 0.09172935783863068, -0.3181367516517639, -2.7823091060458584e+38)
(0.46060609817504883, 0.09320230782032013, -0.314100444316864, -2.7822050572845917e+38)
(0.45085522532463074, 0.11251982301473618, -0.3170485496520996, -2.7556202945447973e+38)
(0.45789647102355957, 0.11430156975984573, -0.31279265880584717, -2.7555158401353385e+38)
(0.4496800899505615, 0.13448859751224518, -0.31986576318740845, -2.7289314830437362e+38)
(0.4565685987472534, 0.13655436038970947, -0.31529247760772705, -2.6888978601439525e+38)
(0.44499140977859497, 0.15412738919258118, -0.3158901333808899, -2.702242671542675e+38)
(0.4515748620033264, 0.15638840198516846, -0.31104016304016113, -2.7288270286342774e+38)
(0.44109004735946655, 0.16243286430835724, -0.31068867444992065, -2.742171434384808e+38)
(0.44562724232673645, 0.17513538897037506, -0.3055039048194885, -2.7288270286342774e+38)
(0.4330012798309326, 0.19021224975585938, -0.30428624153137207, -2.7690683434084025e+38)
(0.4388660788536072, 0.19265513122081757, -0.2988471984863281, -2.7556198888966053e+38)
(0.46304425597190857, -0.20273524522781372, -0.33398616313934326, -2.7422227488811052e+38)
(0.4590453505516052, -0.18432211875915527, -0.32096296548843384, -2.7687555886523142e+38)
(0.47852909564971924, -0.18633130192756653, -0.3360421657562256, -2.755411994198168e+38)
(0.4638606607913971, -0.16258631646633148, -0.3226947784423828, -2.7954957146496725e+38)
(0.46594542264938354, -0.15149681270122528, -0.3232259154319763, -2.808840120400203e+38)
(0.46470382809638977, -0.1378025859594345, -0.3173009157180786, -2.8221845261507336e+38)
(0.4663311541080475, -0.12669254839420319, -0.31742262840270996, -2.8221847289748297e+38)
(0.47179970145225525, -0.10600142925977707, -0.32269734144210815, -2.8088934631374607e+38)
(0.4779810905456543, -0.11954667419195175, -0.3177672028541565, -2.8088934631374607e+38)
(0.4756367802619934, -0.09609916806221008, -0.3277835249900818, -2.8355822746385218e+38)
(0.48698127269744873, -0.08745551109313965, -0.3273624777793884, -2.8088934631374607e+38)
(0.47604721784591675, -0.060759857296943665, -0.322842538356781, -2.8355822746385218e+38)
(0.4871366024017334, -0.0752803310751915, -0.325750470161438, -2.8355822746385218e+38)
(0.4747597575187683, -0.03747686743736267, -0.31783682107925415, -2.888959897640644e+38)
(0.48337745666503906, -0.05014941096305847, -0.3158893585205078, -2.862271086139583e+38)
(0.49054569005966187, -0.028338676318526268, -0.32683777809143066, -2.8489266803890523e+38)
(0.4920077323913574, -0.016679566353559494, -0.32880735397338867, -2.862271086139583e+38)
(0.48475128412246704, -0.004602176137268543, -0.33481836318969727, -2.8222378688879912e+38)
(0.4930633306503296, -0.004879143089056015, -0.3302823305130005, -2.8489266803890523e+38)
(0.482366144657135, 0.030214715749025345, -0.3304792642593384, -2.8222378688879912e+38)
(0.49717414379119873, 0.01909685507416725, -0.33756405115127563, -2.862271086139583e+38)
(0.48692330718040466, 0.054450199007987976, -0.34052491188049316, -2.8222378688879912e+38)
(0.4963465929031372, 0.04330231249332428, -0.3369450569152832, -2.8355822746385218e+38)
(0.47953808307647705, 0.06444341689348221, -0.3275038003921509, -2.8088934631374607e+38)
(0.48580604791641235, 0.0767822340130806, -0.3209611773490906, -2.808894274433845e+38)
(0.47299879789352417, 0.08539119362831116, -0.31777137517929077, -2.7822054629327838e+38)
(0.48071813583374023, 0.08676574379205704, -0.31316959857940674, -2.7955498686833143e+38)
(0.47073641419410706, 0.10756302624940872, -0.3171394467353821, -2.7555162457835306e+38)
(0.4779619574546814, 0.12112096697092056, -0.3139539361000061, -2.7288270286342774e+38)
(0.46628668904304504, 0.14056386053562164, -0.31586790084838867, -2.702242265894483e+38)
(0.4773315191268921, 0.13294243812561035, -0.3152272701263428, -2.715482622883747e+38)
(0.46512967348098755, 0.15194009244441986, -0.31655746698379517, -2.715482622883747e+38)
(0.47062042355537415, 0.16559724509716034, -0.311346173286438, -2.7552556168201237e+38)
(0.4545462131500244, 0.18009793758392334, -0.30549556016921997, -2.7687559943005063e+38)
(0.46589112281799316, 0.1743089109659195, -0.30565160512924194, -2.7818923025285034e+38)
(0.4473138153553009, 0.19796806573867798, -0.2985091805458069, -2.75556796592802e+38)
(0.4533185362815857, 0.20044542849063873, -0.29242056608200073, -2.7422237630015854e+38)
(0.49175572395324707, -0.22561690211296082, -0.34985363483428955, -2.728930671747352e+38)
(0.49975553154945374, -0.24586428701877594, -0.348472535610199, -2.72877368589702e+38)
(0.49913305044174194, -0.21776080131530762, -0.3590102195739746, -2.728879154426959e+38)
(0.504763662815094, -0.2033034861087799, -0.3434727191925049, -2.7288270286342774e+38)
(0.4918540120124817, -0.1805392950773239, -0.3368494510650635, -2.71553414020414e+38)
(0.505682110786438, -0.17413422465324402, -0.3372814655303955, -2.7554111829017837e+38)
(0.48876792192459106, -0.15013371407985687, -0.3240739107131958, -2.7820999944028448e+38)
(0.5018530488014221, -0.14297594130039215, -0.3241569399833679, -2.795391868712502e+38)
(0.49215731024742126, -0.1259978711605072, -0.32417190074920654, -2.7954969315942488e+38)
(0.5086596608161926, -0.12004654854536057, -0.33019590377807617, -2.782151714547334e+38)
(0.494303435087204, -0.10147447139024734, -0.32300299406051636, -2.768860245885869e+38)
(0.5064601302146912, -0.0924554243683815, -0.3220699429512024, -2.7689638889989437e+38)
(0.4985136389732361, -0.07815475761890411, -0.3263774514198303, -2.8088934631374607e+38)
(0.506716787815094, -0.07969830930233002, -0.32065850496292114, -2.7556198888966053e+38)
(0.4968807101249695, -0.0407317578792572, -0.3194277286529541, -2.8355822746385218e+38)
(0.5026804208755493, -0.05329708009958267, -0.3111118674278259, -2.7556202945447973e+38)
(0.5107551217079163, -0.030388543382287025, -0.322324275970459, -2.795653511796389e+38)
(0.5124175548553467, -0.018114205449819565, -0.324380099773407, -2.7289314830437362e+38)
(0.5055762529373169, 0.006913771852850914, -0.33218055963516235, -2.8222378688879912e+38)
(0.5172247886657715, -0.005924582481384277, -0.3317752480506897, -2.7155870772932057e+38)
(0.5090655088424683, 0.03195870667695999, -0.33851945400238037, -2.862271086139583e+38)
(0.5219294428825378, 0.01974121294915676, -0.3392949104309082, -2.7956003718832274e+38)
(0.5107954144477844, 0.05757498741149902, -0.34285807609558105, -2.8088934631374607e+38)
(0.5197224617004395, 0.05846639722585678, -0.3373621106147766, -2.7954448058015674e+38)
(0.5056883692741394, 0.06908708810806274, -0.3351306915283203, -2.8222378688879912e+38)
(0.5122671723365784, 0.08243518322706223, -0.3274719715118408, -2.742171840033e+38)
(0.497955322265625, 0.09168325364589691, -0.3245631456375122, -2.7688610571822532e+38)
(0.5067427158355713, 0.10612273961305618, -0.3215886950492859, -2.715483028531939e+38)
(0.49206966161727905, 0.1140497624874115, -0.3180062770843506, -2.742171840033e+38)
(0.5033770203590393, 0.11747417598962784, -0.31795352697372437, -2.7553600712295825e+38)
(0.48687314987182617, 0.14901892840862274, -0.3161311149597168, -2.7021382171332163e+38)
(0.4944092035293579, 0.15126541256904602, -0.310083270072937, -2.7019828538756524e+38)
(0.4823620319366455, 0.15873441100120544, -0.3109450936317444, -2.7286708540803293e+38)
(0.4896475076675415, 0.16106419265270233, -0.304807186126709, -2.715327056802087e+38)
(0.47034353017807007, 0.1877075880765915, -0.29899436235427856, -2.7420671827994452e+38)
(0.482469379901886, 0.18179462850093842, -0.29872453212738037, -2.742015665479052e+38)
(0.4649089276790619, 0.19557151198387146, -0.29261547327041626, -2.7420671827994452e+38)
(0.46826398372650146, 0.20844410359859467, -0.284593403339386, -2.715483028531939e+38)
(0.45637404918670654, 0.2128751575946808, -0.2845252752304077, -2.7021386227814084e+38)
(0.4621933102607727, 0.21532267332077026, -0.27765387296676636, -2.6754498112803473e+38)
(0.5113739967346191, -0.25414758920669556, -0.347767174243927, -2.7287215601043384e+38)
(0.5272694826126099, -0.24946610629558563, -0.3480393886566162, -2.76844263107213e+38)
(0.5183636546134949, -0.22810764610767365, -0.3501477837562561, -2.7287225742248186e+38)
(0.5308732986450195, -0.2359895557165146, -0.34925246238708496, -2.7552546026996435e+38)
(0.5243777632713318, -0.2013281136751175, -0.3517342805862427, -2.7420148541826678e+38)
(0.5400511622428894, -0.19438010454177856, -0.3515745997428894, -2.7152739168889253e+38)
(0.5359904170036316, -0.16319872438907623, -0.35995620489120483, -2.8219766314522962e+38)
(0.5424816608428955, -0.18015159666538239, -0.35181760787963867, -2.755150959586569e+38)
(0.5375075340270996, -0.14881601929664612, -0.3593217134475708, -2.795391868712502e+38)
(0.5578147768974304, -0.14227980375289917, -0.3660981059074402, -2.7420142457103797e+38)
(0.5218513011932373, -0.11106755584478378, -0.329235315322876, -2.768859840237677e+38)
(0.5310322046279907, -0.09947982430458069, -0.3212854862213135, -2.7820999944028448e+38)
(0.5187948942184448, -0.08272682875394821, -0.3205048441886902, -2.75556796592802e+38)
(0.5312402248382568, -0.07226374745368958, -0.3182322382926941, -2.768860245885869e+38)
(0.5219069123268127, -0.05749291181564331, -0.3224320411682129, -2.7689123716785505e+38)
(0.5336217880249023, -0.04610372334718704, -0.3193248510360718, -2.7822042459882075e+38)
(0.5249344110488892, -0.01908304914832115, -0.3244798183441162, -2.755568168752116e+38)
(0.5360540747642517, -0.03321404010057449, -0.32202988862991333, -2.755567560279828e+38)
(0.5393375158309937, -0.006787214428186417, -0.3257914185523987, -2.795548854562834e+38)
(0.540164053440094, 0.006633428391069174, -0.326824426651001, -2.782256371780889e+38)
(0.5308575630187988, 0.03315278887748718, -0.3333820104598999, -2.7956005747073234e+38)
(0.5404378175735474, 0.020111966878175735, -0.32728350162506104, -2.7555158401353385e+38)
(0.5300744771957397, 0.04632016271352768, -0.3327142596244812, -2.7954444001533753e+38)
(0.5420312881469727, 0.06108154356479645, -0.33121418952941895, -2.7820999944028448e+38)
(0.5400902032852173, 0.07439295202493668, -0.329368531703949, -2.795392071536598e+38)
(0.5376264452934265, 0.08746230602264404, -0.32697558403015137, -2.728879357251055e+38)
(0.5219449996948242, 0.09727947413921356, -0.32461100816726685, -2.688794217030878e+38)
(0.5312157273292542, 0.11266414821147919, -0.3206273317337036, -2.715483028531939e+38)
(0.5151241421699524, 0.12102352827787399, -0.31753575801849365, -2.742015665479052e+38)
(0.5230013728141785, 0.13630467653274536, -0.31235963106155396, -2.7019824482274603e+38)
(0.5090484023094177, 0.15808047354221344, -0.31502586603164673, -2.7019828538756524e+38)
(0.5169283151626587, 0.16042159497737885, -0.3080518841743469, -2.448439144615572e+38)
(0.503853976726532, 0.16826477646827698, -0.3094779849052429, -2.7019826510515563e+38)
(0.5093107223510742, 0.18312744796276093, -0.3020981550216675, -2.3683723044641967e+38)
(0.4926592707633972, 0.18701550364494324, -0.29743069410324097, -2.715326853977991e+38)
(0.49684053659439087, 0.20107527077198029, -0.2891222834587097, -2.635311936795201e+38)
(0.48061615228652954, 0.20352225005626678, -0.28434181213378906, -2.688689559797323e+38)
(0.49031078815460205, 0.20914867520332336, -0.28227758407592773, -2.6487082655143168e+38)
(0.4709893465042114, 0.22105899453163147, -0.2756519913673401, -2.475283725022389e+38)
(0.47304242849349976, 0.23331305384635925, -0.2658224105834961, -2.5954344884493653e+38)
(0.5359558463096619, -0.27165499329566956, -0.34510642290115356, -2.7417538195710688e+38)
(0.559630274772644, -0.2733405828475952, -0.35394471883773804, -2.7550982253215993e+38)
(0.5474355220794678, -0.23010167479515076, -0.34903210401535034, -2.728669839959849e+38)
(0.5513218641281128, -0.2469472736120224, -0.3374067544937134, -2.7285655883744864e+38)
(0.564652144908905, -0.2234872281551361, -0.34830427169799805, -2.688688748500939e+38)
(0.5678054690361023, -0.208566814661026, -0.34902316331863403, -2.688688748500939e+38)
(0.5618928670883179, -0.1906791627407074, -0.3591175675392151, -2.7420142457103797e+38)
(0.570589005947113, -0.193443164229393, -0.3494478464126587, -2.7020331542514694e+38)
(0.5714917182922363, -0.1635141521692276, -0.36668986082077026, -2.7153254342093186e+38)
(0.6010210514068604, -0.16010786592960358, -0.3820421099662781, -2.7553586514609102e+38)
(0.5734986066818237, -0.13183268904685974, -0.3642314672470093, -2.7420142457103797e+38)
(0.5894210338592529, -0.12047544866800308, -0.3615491986274719, -2.7687030572114408e+38)
(0.5488660931587219, -0.09080333262681961, -0.32528156042099, -2.742066777151253e+38)
(0.5625354647636414, -0.07945819944143295, -0.32212454080581665, -2.795391868712502e+38)
(0.5437154769897461, -0.06104831397533417, -0.31517457962036133, -2.7954444001533753e+38)
(0.5561268329620361, -0.04907169193029404, -0.31125468015670776, -2.7820995887546527e+38)
(0.5472521185874939, -0.020645253360271454, -0.3175482749938965, -2.7687555886523142e+38)
(0.5566315054893494, -0.021206507459282875, -0.3104761242866516, -2.7953405542162046e+38)
(0.5487050414085388, -0.007099343463778496, -0.31916606426239014, -2.7554111829017837e+38)
(0.5590906739234924, 0.006507121957838535, -0.3131539225578308, -2.7819442254970887e+38)
(0.5495691299438477, 0.03402714431285858, -0.320536732673645, -2.7288270286342774e+38)
(0.5593942999839783, 0.020491693168878555, -0.3136087656021118, -2.7287223714007226e+38)
(0.5514564514160156, 0.06202234327793121, -0.324428915977478, -2.7554107772535916e+38)
(0.5625461339950562, 0.04898649454116821, -0.3185436725616455, -2.7684957709852914e+38)
(0.5494004487991333, 0.07556674629449844, -0.32254600524902344, -2.7687030572114408e+38)
(0.551064133644104, 0.09011855721473694, -0.3260922431945801, -2.728879154426959e+38)
(0.547868549823761, 0.10330171883106232, -0.3230624198913574, -2.715482825707843e+38)
(0.5615776181221008, 0.1064789891242981, -0.32159602642059326, -2.728514273878189e+38)
(0.5441818237304688, 0.1304287612438202, -0.32144951820373535, -2.6619490281517726e+38)
(0.5575798749923706, 0.13446705043315887, -0.3198011517524719, -2.701930119610683e+38)
(0.5370850563049316, 0.17040826380252838, -0.31841063499450684, -2.5687470967169764e+38)
(0.5608271956443787, 0.1665746122598648, -0.32873332500457764, -2.648604825225338e+38)
(0.5330283641815186, 0.19772124290466309, -0.3184293508529663, -2.582090893995219e+38)
(0.557505190372467, 0.19619780778884888, -0.32974839210510254, -2.6087277825276946e+38)
(0.521955668926239, 0.20429567992687225, -0.30535298585891724, -2.5954350969216534e+38)
(0.5545028448104858, 0.24367865920066833, -0.3358643651008606, -2.6487080626902207e+38)
(0.5077076554298401, 0.22183236479759216, -0.29102277755737305, -2.648760594131094e+38)
(0.5313953161239624, 0.2399369478225708, -0.3067489266395569, -2.6220192511891596e+38)
(0.49283567070961, 0.23673015832901, -0.2759144902229309, -2.6354161883805636e+38)
(0.5102676153182983, 0.26714059710502625, -0.28816908597946167, -2.6485518881362726e+38)
(0.5015435814857483, 0.27333590388298035, -0.27953583002090454, -2.6218630766352115e+38)
(0.5948551297187805, -0.34130775928497314, -0.36710190773010254, -2.6884800425061173e+38)
(0.5765286684036255, -0.3055199980735779, -0.3602639436721802, -2.7550984281456954e+38)
(0.5810024738311768, -0.29005900025367737, -0.36155015230178833, -2.7550982253215993e+38)
(0.5781272649765015, -0.2677854299545288, -0.3530135154724121, -2.7285655883744864e+38)
(0.5931564569473267, -0.2773027718067169, -0.3502894639968872, -2.7683909109276406e+38)
(0.5824968814849854, -0.21607187390327454, -0.34698355197906494, -2.675448391511675e+38)
(0.587336540222168, -0.23428946733474731, -0.33486032485961914, -2.7151181479831693e+38)
(0.6010894179344177, -0.19293606281280518, -0.3646968603134155, -2.6753964685430897e+38)
(0.6151429414749146, -0.2174246609210968, -0.36263006925582886, -2.7151177423349772e+38)
(0.6181365251541138, -0.1663641780614853, -0.3808581233024597, -2.7153254342093186e+38)
(0.634724497795105, -0.19133515655994415, -0.38038909435272217, -2.7420142457103797e+38)
(0.6259322762489319, -0.15185879170894623, -0.3882308006286621, -2.6886366227082575e+38)
(0.6442829966545105, -0.13894939422607422, -0.3842209577560425, -2.7420142457103797e+38)
(0.5820963382720947, -0.08416171371936798, -0.32681339979171753, -2.728669839959849e+38)
(0.6351197957992554, -0.09904047846794128, -0.3694770336151123, -2.728669839959849e+38)
(0.571280837059021, -0.0659981518983841, -0.31191498041152954, -2.7686519455392396e+38)
(0.58970046043396, -0.05425543338060379, -0.3130339980125427, -2.7684959738093875e+38)
(0.5753665566444397, -0.022802958264946938, -0.31452226638793945, -2.8084764567960096e+38)
(0.5851843357086182, -0.023390432819724083, -0.30627477169036865, -2.8084762539719136e+38)
(0.5732752084732056, 0.0063865212723612785, -0.31136298179626465, -2.8084762539719136e+38)
(0.5869357585906982, -0.00863703340291977, -0.307958722114563, -2.808372002386551e+38)
(0.5732409954071045, 0.03531450405716896, -0.31165188550949097, -2.78183977108763e+38)
(0.5830396413803101, 0.035772331058979034, -0.30353063344955444, -2.7683389879590552e+38)
(0.570561408996582, 0.06392904371023178, -0.3095221519470215, -2.7817876452949485e+38)
(0.5819663405418396, 0.05041065812110901, -0.3027483820915222, -2.755047316473494e+38)
(0.5794990658760071, 0.09572757035493851, -0.32285577058792114, -2.768443239544418e+38)
(0.582542896270752, 0.08025048673152924, -0.3050471544265747, -2.7418065538360383e+38)
(0.5807631015777588, 0.11144614964723587, -0.325883686542511, -2.7550988337938874e+38)
(0.6013206243515015, 0.11676498502492905, -0.3299630284309387, -2.7284100222928264e+38)
(0.5759133100509644, 0.15636399388313293, -0.32544517517089844, -2.6885859166842484e+38)
(0.596123218536377, 0.16401690244674683, -0.3294675946235657, -2.6750853363797697e+38)
(0.5913193225860596, 0.18084678053855896, -0.34769123792648315, -2.6352082936821262e+38)
(0.6055254936218262, 0.20365314185619354, -0.3460671305656433, -2.6085709995014584e+38)
(0.5982961654663086, 0.23853938281536102, -0.3660814166069031, -2.6219673282205743e+38)
(0.6238390207290649, 0.23362718522548676, -0.37173008918762207, -2.6085707966773624e+38)
(0.5891804099082947, 0.2502533495426178, -0.35768115520477295, -2.66200034264807e+38)
(0.601277232170105, 0.27501192688941956, -0.35443419218063354, -2.6750845250833856e+38)
(0.5701271295547485, 0.2710992991924286, -0.33999741077423096, -2.6086227196459477e+38)
(0.5603007078170776, 0.280228853225708, -0.330810010433197, -2.6086231252941398e+38)
(0.5397778749465942, 0.27761921286582947, -0.30679386854171753, -2.5951746707823425e+38)
(0.5523973107337952, 0.30455926060676575, -0.3080739974975586, -2.608519076532873e+38)
(0.5416685342788696, 0.311125785112381, -0.2983180284500122, -2.5951746707823425e+38)
(0.6250990033149719, -0.3933006823062897, -0.38765841722488403, -2.701875762752945e+38)
(0.6376996636390686, -0.3775951564311981, -0.372276246547699, -2.661790622532768e+38)
(0.6350969076156616, -0.3564610481262207, -0.3890088200569153, -2.7017723224639665e+38)
(0.6535838842391968, -0.37010371685028076, -0.3857406973838806, -2.715116322566305e+38)
(0.6580260992050171, -0.3086022138595581, -0.4022461771965027, -2.755047113649398e+38)
(0.673913836479187, -0.3411208391189575, -0.39929497241973877, -2.7417012881301953e+38)
(0.6615205407142639, -0.2888457477092743, -0.4020172953605652, -2.741754428043357e+38)
(0.6927006244659424, -0.30879083275794983, -0.4115210771560669, -2.741649973633898e+38)
(0.6692962050437927, -0.22884416580200195, -0.39971649646759033, -2.7817872396467565e+38)
(0.709425687789917, -0.2732442021369934, -0.4220365285873413, -2.7283053650592715e+38)
(0.6810572147369385, -0.19309261441230774, -0.4070734977722168, -2.8085800999090843e+38)
(0.7749301791191101, -0.2630910873413086, -0.4865134358406067, -2.781734911029979e+38)
(0.6906518936157227, -0.17655940353870392, -0.415319561958313, -2.7818912884080232e+38)
(0.7020090818405151, -0.1577780395746231, -0.39889228343963623, -2.7817874424708525e+38)
(0.6693451404571533, -0.10784944146871567, -0.3847999572753906, -2.7418067566601343e+38)
(0.6897543668746948, -0.11234515905380249, -0.3819488286972046, -2.7284102251169224e+38)
(0.6670365333557129, -0.088066965341568, -0.3806965947151184, -2.755047316473494e+38)
(0.684039294719696, -0.07152070850133896, -0.3731849193572998, -2.741754428043357e+38)
(0.626179575920105, -0.04402317851781845, -0.3328735828399658, -2.795132051045479e+38)
(0.6464803218841553, -0.02899443916976452, -0.332011878490448, -2.7817872396467565e+38)
(0.6032078862190247, 0.006132334936410189, -0.30609428882598877, -2.768442833896226e+38)
(0.6247159242630005, 0.005930683109909296, -0.30857062339782715, -2.76844263107213e+38)
(0.6031230688095093, 0.03709101676940918, -0.3063232898712158, -2.7151179451590732e+38)
(0.6193134188652039, 0.02201847732067108, -0.30294764041900635, -2.768443036720322e+38)
(0.6053010821342468, 0.06863654404878616, -0.3099464774131775, -2.661896293886803e+38)
(0.6232597231864929, 0.054673440754413605, -0.30784857273101807, -2.7284619452614117e+38)
(0.6550145149230957, 0.11424263566732407, -0.3679027557373047, -2.6618966995349952e+38)
(0.6709100604057312, 0.09826937317848206, -0.3598722815513611, -2.6885849025637682e+38)
(0.6650562286376953, 0.13612179458141327, -0.3808193802833557, -2.6885855110360563e+38)
(0.6591050624847412, 0.15319247543811798, -0.3759773373603821, -2.6885855110360563e+38)
(0.6379650235176086, 0.1634155958890915, -0.3540470600128174, -2.6752411052855258e+38)
(0.6482904553413391, 0.18445372581481934, -0.34451228380203247, -2.6752406996373337e+38)
(0.6285167932510376, 0.21434994041919708, -0.3507518768310547, -2.6086227196459477e+38)
(0.6473172307014465, 0.2030271738767624, -0.34592127799987793, -2.6353115311470088e+38)
(0.6468696594238281, 0.2656707465648651, -0.3787158727645874, -2.608518670884681e+38)
(0.6678557991981506, 0.2552020251750946, -0.374301552772522, -2.5551410478825588e+38)
(0.6358972787857056, 0.278395414352417, -0.3694639205932617, -2.6483957135823245e+38)
(0.6415133476257324, 0.2997783124446869, -0.3557693362236023, -2.608362496330733e+38)
(0.5988401770591736, 0.2884041666984558, -0.33284157514572144, -2.581830265031812e+38)
(0.6213605403900146, 0.30391472578048706, -0.3368239998817444, -2.5417970477802203e+38)
(0.58269202709198, 0.3124632239341736, -0.32145434617996216, -2.6218634822834036e+38)
(0.5983954668045044, 0.34439176321029663, -0.32311975955963135, -2.555141453530751e+38)
(0.6023730039596558, 0.3926916718482971, -0.3378891348838806, -2.5818821880003973e+38)
(0.6505722999572754, -0.431202232837677, -0.34794360399246216, -2.648497734102631e+38)
(0.6675456762313843, -0.40427690744400024, -0.3811350464820862, -2.7017717139916784e+38)
(0.6689425706863403, -0.42630207538604736, -0.3621702194213867, -2.661790622532768e+38)
(0.6899745464324951, -0.3756698966026306, -0.39546775817871094, -2.7283568823796648e+38)
(0.6931437253952026, -0.3994426727294922, -0.3771124482154846, -2.715116525390401e+38)
(0.6945873498916626, -0.35464024543762207, -0.3955945372581482, -2.7683905052794485e+38)
(0.7206697463989258, -0.34684982895851135, -0.3910897970199585, -2.755045693880726e+38)
(0.7301499247550964, -0.3077755570411682, -0.42027580738067627, -2.7816831908854897e+38)
(0.7408857345581055, -0.31129539012908936, -0.4029776453971863, -2.808423114058752e+38)
(0.7587598562240601, -0.3016495108604431, -0.44621527194976807, -2.781734911029979e+38)
(0.7738065719604492, -0.28490540385246277, -0.45797067880630493, -2.7950793167805096e+38)
(0.8514431715011597, -0.27171429991722107, -0.53044193983078, -2.7683907081035445e+38)
(0.8694671392440796, -0.3070446848869324, -0.5170804858207703, -2.781734099733595e+38)
(0.8655239343643188, -0.24897612631320953, -0.5413452386856079, -2.741649973633898e+38)
(0.8762341737747192, -0.22109587490558624, -0.5136353969573975, -2.7284094138205382e+38)
(0.7228360772132874, -0.1420089155435562, -0.39194345474243164, -2.7950799252527977e+38)
(0.7331115007400513, -0.12190482765436172, -0.37377166748046875, -2.7417538195710688e+38)
(0.6961192488670349, -0.07287606596946716, -0.36078035831451416, -2.741754428043357e+38)
(0.711308479309082, -0.09510906785726547, -0.351820707321167, -2.741754022395165e+38)
(0.6921224594116211, -0.05262720584869385, -0.35588568449020386, -2.741754428043357e+38)
(0.6911717653274536, -0.032658129930496216, -0.33032339811325073, -2.7151692596553705e+38)
(0.6598197221755981, -0.012140067294239998, -0.32278138399124146, -2.7550984281456954e+38)
(0.6796271204948425, 0.005400118418037891, -0.3189917206764221, -2.755202476906962e+38)
(0.6411945819854736, 0.039489321410655975, -0.30448436737060547, -2.7151692596553705e+38)
(0.672714114189148, 0.023563001304864883, -0.31260061264038086, -2.728513462581805e+38)
(0.6863019466400146, 0.08131581544876099, -0.35052281618118286, -2.6886366227082575e+38)
(0.6929224133491516, 0.062398530542850494, -0.33224356174468994, -2.70182485390484e+38)
(0.7111081480979919, 0.1049136221408844, -0.35103172063827515, -2.6217069020812634e+38)
(0.7148658037185669, 0.12625856697559357, -0.35583221912384033, -2.6883768050412347e+38)
(0.6968835592269897, 0.14295342564582825, -0.36495697498321533, -2.6619478112071964e+38)
(0.7105028033256531, 0.1663740873336792, -0.35499024391174316, -2.6617920423014404e+38)
(0.6744439601898193, 0.17458747327327728, -0.34611231088638306, -2.648603405456666e+38)
(0.6936692595481873, 0.18048354983329773, -0.34094756841659546, -2.6485518881362726e+38)
(0.6802842617034912, 0.23846842348575592, -0.35958749055862427, -2.5952263909268318e+38)
(0.6924405097961426, 0.22127510607242584, -0.34438323974609375, -2.6483961192305166e+38)
(0.694348156452179, 0.2910441756248474, -0.3807409405708313, -2.5550895305621655e+38)
(0.728466272354126, 0.28633683919906616, -0.385287880897522, -2.5284526420296898e+38)
(0.7125856876373291, 0.32748526334762573, -0.40379393100738525, -2.568434544784984e+38)
(0.7080138921737671, 0.34430888295173645, -0.37622565031051636, -2.4886279279488237e+38)
(0.6496460437774658, 0.3463382124900818, -0.3490583896636963, -2.541744921987539e+38)
(0.6927286386489868, 0.35624054074287415, -0.36498916149139404, -2.568433327840408e+38)
(0.6482025384902954, 0.3915042281150818, -0.3568791151046753, -2.6216032589681887e+38)
(0.6717544198036194, 0.3859587013721466, -0.35243529081344604, -2.634895133277846e+38)
(0.6525151133537292, 0.42065510153770447, -0.36695027351379395, -2.5950706220210758e+38)
(0.6534286737442017, 0.44163596630096436, -0.34826791286468506, -2.528347984796135e+38)
(0.674809455871582, -0.44892972707748413, -0.32282555103302, -2.6482904478764815e+38)
(0.6755727529525757, -0.42833635210990906, -0.343481183052063, -2.6883751824484664e+38)
(0.7018200159072876, -0.4247235953807831, -0.3381879925727844, -2.6351541396484845e+38)
(0.7220012545585632, -0.4178314805030823, -0.3520064949989319, -2.608569782556882e+38)
(0.7423107624053955, -0.4094310700893402, -0.36583107709884644, -2.621810342370242e+38)
(0.7388916015625, -0.38375550508499146, -0.3858083486557007, -2.728357085203761e+38)
(0.7626506686210632, -0.3994627892971039, -0.37959975004196167, -2.675031790818416e+38)
(0.7616742253303528, -0.34826916456222534, -0.3986414670944214, -2.7549943793844286e+38)
(0.8060567378997803, -0.34833621978759766, -0.4053218960762024, -2.781578736476031e+38)
(0.8085476160049438, -0.32202574610710144, -0.4037184715270996, -2.75488992497497e+38)
(0.8429745435714722, -0.31448379158973694, -0.4298146367073059, -2.701564022117337e+38)
(0.8649816513061523, -0.3009393811225891, -0.47845178842544556, -2.7283564767314727e+38)
(0.8771189451217651, -0.27414628863334656, -0.4523189663887024, -2.754890127799066e+38)
(0.8738001585006714, -0.21746574342250824, -0.477153480052948, -2.7283051622351755e+38)
(0.9121496677398682, -0.2599032521247864, -0.478911817073822, -2.75488992497497e+38)
(0.7454187870025635, -0.12390994280576706, -0.3588426113128662, -2.728357288027857e+38)
(0.7824074029922485, -0.15649481117725372, -0.36550766229629517, -2.781578736476031e+38)
(0.734869122505188, -0.09835478663444519, -0.32306188344955444, -2.7551497426419926e+38)
(0.7412530183792114, -0.07869813591241837, -0.3272802233695984, -2.7285649799021983e+38)
(0.7160007357597351, -0.05468445271253586, -0.32953107357025146, -2.6883761965689466e+38)
(0.7227872610092163, -0.034905679523944855, -0.3106350302696228, -2.781578330827839e+38)
(0.7068129181861877, 0.005144215188920498, -0.32029664516448975, -2.755046099528918e+38)
(0.7344570755958557, -0.015578735619783401, -0.31984972953796387, -2.808162890743537e+38)
(0.7234698534011841, 0.045348428189754486, -0.3352324962615967, -2.7417538195710688e+38)
(0.744845986366272, 0.046645067632198334, -0.32855552434921265, -2.7150124766291342e+38)
(0.7273755669593811, 0.08666232973337173, -0.3399331569671631, -2.675031790818416e+38)
(0.7394529581069946, 0.08786585181951523, -0.32534706592559814, -2.6749796650257347e+38)
(0.7268704175949097, 0.12807755172252655, -0.34170299768447876, -2.6751885738446523e+38)
(0.7387131452560425, 0.12987148761749268, -0.32686156034469604, -2.6086227196459477e+38)
(0.7296930551528931, 0.15000541508197784, -0.34567463397979736, -2.688428930833916e+38)
(0.7414625883102417, 0.1520853042602539, -0.3305564522743225, -2.608518670884681e+38)
(0.7228155136108398, 0.21208453178405762, -0.34538733959198, -2.621654776288582e+38)
(0.7440961599349976, 0.19694121181964874, -0.3363058567047119, -2.648343587789643e+38)
(0.7305691242218018, 0.2609984576702118, -0.35761022567749023, -2.635051307831794e+38)
(0.7539608478546143, 0.24728049337863922, -0.34922492504119873, -2.6615314133380334e+38)
(0.7740812301635742, 0.33704251050949097, -0.40425944328308105, -2.5416408732262722e+38)
(0.8161815404891968, 0.33285588026046753, -0.4085269570350647, -2.581413461514457e+38)
(0.771416425704956, 0.3619372844696045, -0.4057078957557678, -2.5284526420296898e+38)
(0.7784543037414551, 0.3903774619102478, -0.387154757976532, -2.6346868329312163e+38)
(0.7246187925338745, 0.3785448968410492, -0.3699514865875244, -2.5816732791814797e+38)
(0.7411551475524902, 0.4147047996520996, -0.36250483989715576, -2.581518524396204e+38)
(0.6843314170837402, 0.4185980260372162, -0.3446536660194397, -2.621498196086442e+38)
(0.6916241645812988, 0.4212174117565155, -0.3263856768608093, -2.5151607677200327e+38)
(0.6667687296867371, 0.425790011882782, -0.33213281631469727, -2.5682767476382678e+38)
(0.6661847829818726, 0.44584211707115173, -0.31210649013519287, -2.44843873896738e+38)
(0.7155888080596924, -0.46194911003112793, -0.3295116424560547, -2.621654167816294e+38)
(0.7605968117713928, -0.4749811589717865, -0.3355823755264282, -2.634946447774143e+38)
(0.7503457069396973, -0.41215550899505615, -0.34542369842529297, -2.5819335024966945e+38)
(0.7737135887145996, -0.4286707639694214, -0.33699727058410645, -2.6349991820391126e+38)
(0.7924758195877075, -0.39113497734069824, -0.3722202777862549, -2.635051105007698e+38)
(0.7962571382522583, -0.41896212100982666, -0.35049474239349365, -2.56827715328646e+38)
(0.8338820934295654, -0.36330747604370117, -0.3982985019683838, -2.688272350631776e+38)
(0.8410884141921997, -0.3942195177078247, -0.3771257996559143, -2.6349476647187193e+38)
(0.8363549709320068, -0.33581408858299255, -0.3966107964515686, -2.6749275392330533e+38)
(0.8858219385147095, -0.33209651708602905, -0.4002014994621277, -2.648343182141451e+38)
(0.8558613061904907, -0.28951916098594666, -0.4056627154350281, -2.728252833618398e+38)
(0.8857488632202148, -0.27242791652679443, -0.39415156841278076, -2.7017208051435732e+38)
(0.888664722442627, -0.247161403298378, -0.4259713292121887, -2.7415457220485353e+38)
(0.8855067491531372, -0.21699468791484833, -0.42102527618408203, -2.7282013162980048e+38)
(0.794736385345459, -0.15880343317985535, -0.3480357527732849, -2.7682345335495964e+38)
(0.8627872467041016, -0.17924562096595764, -0.3705712556838989, -2.701668679350892e+38)
(0.8135635852813721, -0.11577906459569931, -0.35967403650283813, -2.714961162132837e+38)
(0.8687834739685059, -0.12743744254112244, -0.3718017339706421, -2.6484472309027178e+38)
(0.8023003339767456, -0.06583976000547409, -0.3489341735839844, -2.701720602319477e+38)
(0.8199703693389893, -0.04366344213485718, -0.3339694142341614, -2.6484472309027178e+38)
(0.7887246608734131, 0.004335308447480202, -0.33726489543914795, -2.7415970365448326e+38)
(0.8233175277709961, -0.01996709033846855, -0.3359723687171936, -2.675031993642512e+38)
(0.8003920316696167, 0.027386445552110672, -0.3462878465652466, -2.7016684765267958e+38)
(0.8243685960769653, 0.052053600549697876, -0.33689749240875244, -2.6883240707762652e+38)
(0.7856659889221191, 0.07207367569208145, -0.3357710838317871, -2.7016684765267958e+38)
(0.8057091236114502, 0.09730680286884308, -0.32472938299179077, -2.7016684765267958e+38)
(0.7769163250923157, 0.11582821607589722, -0.3307234048843384, -2.661635259275204e+38)
(0.8120815753936768, 0.122208371758461, -0.3302706480026245, -2.6883761965689466e+38)
(0.7760393619537354, 0.18427540361881256, -0.3343033194541931, -2.661740119332855e+38)
(0.8780145645141602, 0.19042649865150452, -0.3807600140571594, -2.6217584194016567e+38)
(0.8019794225692749, 0.24311119318008423, -0.35882747173309326, -2.608362901978925e+38)
(0.8865238428115845, 0.24938635528087616, -0.39097464084625244, -2.608362496330733e+38)
(0.878575325012207, 0.3362811207771301, -0.42540836334228516, -2.568173104525193e+38)
(0.9103039503097534, 0.3501833379268646, -0.4168662428855896, -2.56827715328646e+38)
(0.8607639074325562, 0.3560231328010559, -0.4145488142967224, -2.541484293024132e+38)
(0.8712797164916992, 0.3891293406486511, -0.39446187019348145, -2.541484293024132e+38)
(0.8231269121170044, 0.39054709672927856, -0.3914465308189392, -2.6080501472228366e+38)
(0.8298428058624268, 0.42100289463996887, -0.370450496673584, -2.5681737129974812e+38)
(0.7691397666931152, 0.40661102533340454, -0.35485005378723145, -2.581674496126056e+38)
(0.7720361948013306, 0.4329051971435547, -0.3335666060447693, -2.5017642361768208e+38)
(0.7301401495933533, 0.4274202585220337, -0.33042657375335693, -2.4486470393140095e+38)
(0.7106293439865112, 0.4355715215206146, -0.3181016445159912, -2.4353545565320643e+38)
(0.6720559597015381, 0.4476560950279236, -0.2935064435005188, -2.3951651647265245e+38)
(0.6973757147789001, 0.4442828595638275, -0.2865009903907776, -2.3683201786715153e+38)
(0.6580817699432373, 0.45295751094818115, -0.2627981901168823, -2.381664584422046e+38)
(0.8102542161941528, -0.4878530204296112, -0.34080302715301514, -2.5949132305225514e+38)
(0.8277878761291504, -0.4105154275894165, -0.3410375714302063, -2.6482391333801843e+38)
(0.8753842115402222, -0.44305408000946045, -0.3436935544013977, -2.5815171046275316e+38)
(0.8702523708343506, -0.41125839948654175, -0.36765843629837036, -2.6482391333801843e+38)
(0.9043287038803101, -0.39913561940193176, -0.355535626411438, -2.5948623216744463e+38)
(0.9070694446563721, -0.36900094151496887, -0.35400480031967163, -2.608206930249073e+38)
(0.929620623588562, -0.3502783477306366, -0.3654993772506714, -2.5815177130998197e+38)
(0.9180158376693726, -0.3155324161052704, -0.38767731189727783, -2.6482389305560883e+38)
(0.9502917528152466, -0.2969595193862915, -0.3731486201286316, -2.595017076459722e+38)
(0.9350597858428955, -0.2615137994289398, -0.3940308690071106, -2.6482391333801843e+38)
(0.9654392004013062, -0.23992136120796204, -0.37808239459991455, -2.6083095592416673e+38)
(0.9217312335968018, -0.1672871708869934, -0.37898069620132446, -2.6482910563487696e+38)
(0.9408481121063232, -0.20078973472118378, -0.36071085929870605, -2.6083093564175713e+38)
(0.9423007965087891, -0.11365700513124466, -0.39011049270629883, -2.6349985735668244e+38)
(0.9661694765090942, -0.14733527600765228, -0.37345296144485474, -2.5682767476382678e+38)
(0.9318728446960449, -0.08286844193935394, -0.38216733932495117, -2.594965761963425e+38)
(0.9845831394195557, -0.0895165503025055, -0.38274186849594116, -2.5548297128951427e+38)
(0.8919706344604492, -0.023444125428795815, -0.3544185757637024, -2.634895538926038e+38)
(0.8925291299819946, 0.0033653955906629562, -0.3245733380317688, -2.634790476044291e+38)
(0.8514913320541382, 0.028733715415000916, -0.32731854915618896, -2.608257839097178e+38)
(0.8782819509506226, 0.029443761333823204, -0.31583112478256226, -2.5815171046275316e+38)
(0.8473798036575317, 0.0783357247710228, -0.3253524899482727, -2.608257636273082e+38)
(0.8738493919372559, 0.08091018348932266, -0.31384360790252686, -2.5816211533887983e+38)
(0.9182119369506836, 0.17192499339580536, -0.37585318088531494, -2.6083620906825408e+38)
(0.9411084651947021, 0.14695174992084503, -0.357255220413208, -2.6481348817948215e+38)
(0.9311654567718506, 0.23444539308547974, -0.38805055618286133, -2.594965964787521e+38)
(0.97758948802948, 0.21673990786075592, -0.3828508257865906, -2.6082059161285927e+38)
(0.9394961595535278, 0.29893437027931213, -0.3983229398727417, -2.5683296847273333e+38)
(0.973599910736084, 0.31125345826148987, -0.38669347763061523, -2.581570041716597e+38)
(0.9230821132659912, 0.35386478900909424, -0.392692506313324, -2.6082067274249768e+38)
(0.9550365209579468, 0.33521369099617004, -0.37749719619750977, -2.5948623216744463e+38)
(0.8825407028198242, 0.39275556802749634, -0.37091064453125, -2.5415883417853987e+38)
(0.9147213697433472, 0.3777359127998352, -0.3573988676071167, -2.5813613357217755e+38)
(0.8395638465881348, 0.4243573248386383, -0.3476030230522156, -2.5548282931264705e+38)
(0.8712884187698364, 0.41280531883239746, -0.33555084466934204, -2.5016587676468818e+38)
(0.7953486442565918, 0.44877246022224426, -0.3233734369277954, -2.5416925933707615e+38)
(0.8260422945022583, 0.4404017925262451, -0.31256264448165894, -2.4618342563901117e+38)
(0.7801674604415894, 0.4607836902141571, -0.28899550437927246, -2.4483868159987946e+38)
(0.7573206424713135, 0.46841078996658325, -0.27715206146240234, -2.328183521130945e+38)
(0.7031387090682983, 0.4460830092430115, -0.2668946385383606, -2.394645123744287e+38)
(0.6827267408370972, 0.450710266828537, -0.25540369749069214, -2.4083018786027137e+38)
(0.6782990097999573, 0.4679967761039734, -0.23327703773975372, -2.2884620445149616e+38)
(0.9332650899887085, -0.44841140508651733, -0.3446919322013855, -2.514795684347167e+38)
(0.9962412118911743, -0.45207926630973816, -0.3436260223388672, -2.447866775016557e+38)
(0.9390273094177246, -0.38509872555732727, -0.3414987325668335, -2.5014001669244352e+38)
(0.974073052406311, -0.3689785599708557, -0.3253785967826843, -2.4345738865864197e+38)
(0.9417257308959961, -0.3220158815383911, -0.3374409079551697, -2.5281400900976975e+38)
(0.9742813110351562, -0.3030441701412201, -0.3205259442329407, -2.4613667468487476e+38)
(0.9823224544525146, -0.2762775123119354, -0.3564732074737549, -2.5016070475023925e+38)
(0.9946886301040649, -0.2791535258293152, -0.32933300733566284, -2.4481263898594837e+38)
(0.9882539510726929, -0.1824311912059784, -0.3543541431427002, -2.528243733210772e+38)
(1.0312323570251465, -0.22593821585178375, -0.3450542092323303, -2.4349896759832946e+38)
(1.0117164850234985, -0.1243625357747078, -0.3652949333190918, -2.4883149703686393e+38)
(1.086238145828247, -0.17203064262866974, -0.37113821506500244, -2.4482819559411437e+38)
(1.0273432731628418, -0.06237756460905075, -0.3726235628128052, -2.501504012861606e+38)
(1.0824476480484009, -0.10160224884748459, -0.36705464124679565, -2.4214367670620385e+38)
(1.0319935083389282, -0.030418725684285164, -0.374838650226593, -2.541484293024132e+38)
(1.1493667364120483, -0.03638193756341934, -0.4009431004524231, -2.4748139844159686e+38)
(0.9552916288375854, 0.03177134692668915, -0.3310267925262451, -2.5281394816254094e+38)
(0.9812697172164917, 0.12348973006010056, -0.34739696979522705, -2.60810166454323e+38)
(0.9931694269180298, 0.1565556675195694, -0.35521310567855835, -2.5946532100314326e+38)
(1.0210508108139038, 0.2612000107765198, -0.375870943069458, -2.5814653844830423e+38)
(1.004629373550415, 0.28866931796073914, -0.3683848977088928, -2.568173104525193e+38)
(0.9674607515335083, 0.33853599429130554, -0.3513396382331848, -2.568017335619437e+38)
(1.0274953842163086, 0.40011337399482727, -0.35311388969421387, -2.4080406411670187e+38)
(0.9257024526596069, 0.3810790479183197, -0.33203113079071045, -2.527931586926972e+38)
(0.9035494327545166, 0.3994828164577484, -0.3217197060585022, -2.488002418436647e+38)
(0.8807809352874756, 0.4159546196460724, -0.31107097864151, -2.5015027959170297e+38)
(0.8843730688095093, 0.4467138350009918, -0.2860662341117859, -2.4483344873820172e+38)
(0.8340592384338379, 0.44316160678863525, -0.2890501618385315, -2.5016076559746806e+38)
(0.8104149103164673, 0.45396947860717773, -0.27781379222869873, -2.435042207424168e+38)
(0.7632501125335693, 0.470282644033432, -0.2551971673965454, -2.008178412081619e+38)
(0.7929091453552246, 0.4649941325187683, -0.2436627894639969, -2.4216982073218296e+38)
(0.717031717300415, 0.48003578186035156, -0.23274357616901398, -1.9815938521659206e+38)
(0.7448368072509766, 0.47726374864578247, -0.2222544401884079, -2.368789513629744e+38)
(0.6982369422912598, 0.48322245478630066, -0.20121203362941742, -2.4091348771651357e+38)
(1.0328491926193237, -0.32712751626968384, -0.31641799211502075, -2.3411113261882166e+38)
(1.07045316696167, -0.34175169467926025, -0.29815173149108887, -2.20792830329451e+38)
(1.0943340063095093, -0.31517037749290466, -0.306723952293396, -2.1812914147620344e+38)
(1.1166335344314575, -0.2864436209201813, -0.31470876932144165, -2.1680520718932508e+38)
(1.123796820640564, -0.2532010078430176, -0.35481536388397217, -2.3145271719207104e+38)
(1.1371301412582397, -0.25569212436676025, -0.3220336437225342, -2.1680003517487615e+38)
(1.1280816793441772, -0.18017293512821198, -0.35391348600387573, -2.3145273747448064e+38)
(1.1419905424118042, -0.18208761513233185, -0.32142817974090576, -2.1680009602210496e+38)
(1.1235294342041016, -0.10651690512895584, -0.3497278094291687, -2.3278194518785595e+38)
(1.1458733081817627, -0.07215558737516403, -0.3206644058227539, -2.141259414455019e+38)
(1.1960092782974243, -0.03853774070739746, -0.3832398056983948, -2.381248389376979e+38)
(0.7148363590240479, 0.4985105097293854, -0.1879711151123047, -2.99639156200517e+38)
(1.1589754819869995, -0.2996843755245209, -0.29362183809280396, -1.9948358317479527e+38)
(1.1386991739273071, -0.21727383136749268, -0.2827652096748352, -1.954802817320457e+38)
(1.1608200073242188, -0.26011529564857483, -0.2537725567817688, -1.8482564801351304e+38)
(1.1129393577575684, -0.13899904489517212, -0.2706921100616455, -1.9681478315432758e+38)
(1.1379895210266113, -0.17915363609790802, -0.2436414211988449, -1.874893368667606e+38)
(1.123592734336853, -0.10514698177576065, -0.2741260528564453, -1.9681478315432758e+38)
(1.1437036991119385, -0.07107526063919067, -0.24367596209049225, -1.9281667400843656e+38)
(1.1945834159851074, -0.037889063358306885, -0.3007791042327881, -1.9947845172516555e+38)
(1.1774626970291138, -0.18696889281272888, -0.21840466558933258, -2.2083457152841533e+38)
(1.2017954587936401, -0.1526867002248764, -0.18564513325691223, -2.9688176261490056e+38)
(1.2129818201065063, -0.07718607783317566, -0.22733290493488312, -2.1949493865650374e+38)
(1.213931679725647, -0.11577204614877701, -0.18826930224895477, -2.9288365346900954e+38)
