0.35205498337745667, -0.06204195320606232, -0.2925528883934021, -2.461731018925229e+38
0.3560329079627991, -0.07063427567481995, -0.2922315001487732, -2.488212138551949e+38
0.35331085324287415, -0.0555640384554863, -0.2954842448234558, -2.435146864657723e+38
0.3578147888183594, -0.05663803219795227, -0.29399847984313965, -2.4617314245734212e+38
0.355485200881958, -0.03467220067977905, -0.2984170913696289, -2.395217696167398e+38
0.3601507544517517, -0.04303016513586044, -0.29932504892349243, -2.421750333114511e+38
0.3562988042831421, -0.027735812589526176, -0.30039799213409424, -2.448439144615572e+38
0.36276721954345703, -0.021627848967909813, -0.305469274520874, -2.5016086700951608e+38
0.35957515239715576, -0.014180894941091537, -0.3128337860107422, -2.5415376357613896e+38
0.363873153924942, -0.0068738143891096115, -0.30824989080429077, -2.51490095005301e+38
0.360370934009552, 0.0006438102573156357, -0.3150344491004944, -2.488212138551949e+38
0.36444270610809326, 0.008116434328258038, -0.309931218624115, -2.461679501604836e+38
0.36058932542800903, 0.023142963647842407, -0.3162801265716553, -2.4748677328014183e+38
0.363408625125885, 0.0230402871966362, -0.3059389591217041, -2.4615233270508877e+38
0.3583913743495941, 0.030129771679639816, -0.3069056272506714, -2.4349906901037748e+38
0.3618716299533844, 0.03755773603916168, -0.300976037979126, -2.448282970061624e+38
0.35905808210372925, 0.05292903631925583, -0.31409645080566406, -2.3817171158629193e+38
0.36347484588623047, 0.04571986943483353, -0.3092385530471802, -2.4216462843532442e+38
0.35561540722846985, 0.06601211428642273, -0.3023478388786316, -2.435042207424168e+38
0.36112961173057556, 0.05982477217912674, -0.30255478620529175, -2.43504261307236e+38
0.35368314385414124, 0.07975849509239197, -0.2987697720527649, -2.488263655872342e+38
0.3593261241912842, 0.07400798797607422, -0.2993583083152771, -2.3950093958207685e+38
0.3504577577114105, 0.09198330342769623, -0.2900320887565613, -2.474711152599278e+38
0.3570570945739746, 0.0877089872956276, -0.29518675804138184, -2.421750333114511e+38
0.3589003086090088, -0.07828128337860107, -0.28691357374191284, -2.4348345155498267e+38
0.3634032607078552, -0.0796658918261528, -0.28493452072143555, -2.4348345155498267e+38
0.36101245880126953, -0.06439066678285599, -0.2893228530883789, -2.4483350958543053e+38
0.36513346433639526, -0.07322981208562851, -0.28856706619262695, -2.421490109799296e+38
0.3624221682548523, -0.0577361062169075, -0.2924034595489502, -2.4216462843532442e+38
0.3685096502304077, -0.05193563550710678, -0.29361504316329956, -2.421750333114511e+38
0.36489903926849365, -0.04392843693494797, -0.29786473512649536, -2.4350947388650415e+38
0.3659548759460449, -0.03680228441953659, -0.3002253770828247, -2.39506152161345e+38
0.36767688393592834, -0.022179750725626945, -0.3041633367538452, -2.448439144615572e+38
0.37305551767349243, -0.030757920816540718, -0.3054580092430115, -2.4350947388650415e+38
0.3688531517982483, -0.007171904668211937, -0.307010293006897, -2.4750758303239518e+38
0.37461569905281067, -0.015478013083338737, -0.30897194147109985, -2.448439144615572e+38
0.36810848116874695, 0.0005537224933505058, -0.30346983671188354, -2.4483872216469867e+38
0.3734225034713745, 0.008073066361248493, -0.30288559198379517, -2.421750333114511e+38
0.3683696985244751, 0.023272275924682617, -0.30475103855133057, -2.4614712012582064e+38
0.3735169768333435, 0.015787873417139053, -0.30331796407699585, -2.4216462843532442e+38
0.37209856510162354, 0.030959393829107285, -0.2988986372947693, -2.4216982073218296e+38
0.3717435300350189, 0.03854570537805557, -0.29846352338790894, -2.421750333114511e+38
0.3667221665382385, 0.05333355814218521, -0.30248868465423584, -2.4349906901037748e+38
0.3723773956298828, 0.04653330147266388, -0.30211883783340454, -2.381821164624186e+38
0.3650760352611542, 0.06795055419206619, -0.29971134662628174, -2.4084059273639804e+38
0.37092021107673645, 0.06157726049423218, -0.2997996211051941, -2.4350947388650415e+38
0.3629198372364044, 0.08211950212717056, -0.29590219259262085, -2.3817171158629193e+38
0.3689059317111969, 0.07621461898088455, -0.2963915467262268, -2.3683727101123888e+38
0.3602929711341858, 0.09572640061378479, -0.29112952947616577, -2.39506152161345e+38
0.3649265170097351, 0.09713628143072128, -0.2893831729888916, -2.39506152161345e+38
0.36336833238601685, 0.1037798598408699, -0.286581814289093, -2.39506152161345e+38
0.36720553040504456, -0.0886547639966011, -0.28331536054611206, -2.3816136755739407e+38
0.3718397319316864, -0.09017589688301086, -0.28094977140426636, -2.3683215984401876e+38
0.371548593044281, -0.06784336268901825, -0.2900499701499939, -2.4083018786027137e+38
0.3758726716041565, -0.07706809788942337, -0.28886789083480835, -2.394801298298235e+38
0.3746253550052643, -0.05380290746688843, -0.29634934663772583, -2.421750333114511e+38
0.37943390011787415, -0.06305642426013947, -0.29588621854782104, -2.3816130671016526e+38
0.37717005610466003, -0.0390646755695343, -0.3016284108161926, -2.421906507668459e+38
0.38245683908462524, -0.048245057463645935, -0.30189579725265503, -2.4084059273639804e+38
0.3817656636238098, -0.024652494117617607, -0.3153473138809204, -2.421906507668459e+38
0.3891785740852356, -0.034510768949985504, -0.32156234979629517, -2.368528884666337e+38
0.38253313302993774, -0.01661992073059082, -0.3170314431190491, -2.381821164624186e+38
0.38871991634368896, -0.008831828832626343, -0.3167596459388733, -2.3551844789158064e+38
0.3796244263648987, 8.720904588699341e-05, -0.3052436113357544, -2.381821164624186e+38
0.3786364495754242, 0.008038272149860859, -0.301475465297699, -2.3951655703747166e+38
0.37867891788482666, 0.023754339665174484, -0.3020475506782532, -2.381821164624186e+38
0.38409319519996643, 0.015999777242541313, -0.3003859519958496, -2.39506152161345e+38
0.3772435188293457, 0.03133731335401535, -0.2974955439567566, -2.395217696167398e+38
0.3768689036369324, 0.03905859589576721, -0.2970402240753174, -2.368528884666337e+38
0.37684327363967896, 0.05488073080778122, -0.29959172010421753, -2.3552366047084877e+38
0.3828268349170685, 0.04785556346178055, -0.2990543246269226, -2.3552366047084877e+38
0.37599706649780273, 0.06248566508293152, -0.2982482314109802, -2.421750333114511e+38
0.38140320777893066, 0.07180199772119522, -0.299269437789917, -2.3683727101123888e+38
0.3725939393043518, 0.08458969742059708, -0.29257261753082275, -2.3817171158629193e+38
0.3789442181587219, 0.07852485775947571, -0.2929399013519287, -2.39506152161345e+38
0.3711898624897003, 0.09166738390922546, -0.29016268253326416, -2.39506152161345e+38
0.37611350417137146, 0.09304453432559967, -0.2882344722747803, -2.4084059273639804e+38
0.3680158853530884, 0.10530224442481995, -0.2846294641494751, -2.408353801571299e+38
0.3662604093551636, 0.11183515936136246, -0.2815302014350891, -2.4216978016736375e+38
0.37785810232162476, -0.09309114515781403, -0.28290510177612305, -2.368372912936485e+38
0.380076140165329, -0.08650265634059906, -0.2871134877204895, -2.3550283043618582e+38
0.38415512442588806, -0.07258399575948715, -0.2948642373085022, -2.3550283043618582e+38
0.3887557089328766, -0.08235578238964081, -0.2932473421096802, -2.3683727101123888e+38
0.38915205001831055, -0.058676719665527344, -0.3064325451850891, -2.3683727101123888e+38
0.394400417804718, -0.06865149736404419, -0.30564606189727783, -2.3683727101123888e+38
0.3921191692352295, -0.042855456471443176, -0.31215983629226685, -2.355132353123125e+38
0.3994311988353729, -0.0445246696472168, -0.31498682498931885, -2.3817171158629193e+38
0.3959692716598511, -0.026881800964474678, -0.3217267394065857, -2.3284956674147453e+38
0.40242666006088257, -0.036749616265296936, -0.32262319326400757, -2.3683727101123888e+38
0.3959764838218689, -0.00943148136138916, -0.3199165463447571, -2.3285477932074267e+38
0.401183545589447, -0.018466927111148834, -0.31647026538848877, -2.3683727101123888e+38
0.3894645571708679, 0.007966013625264168, -0.2982821464538574, -2.3818732904168674e+38
0.3977198600769043, -0.0006006518378853798, -0.3047025799751282, -2.4084059273639804e+38
0.38951945304870605, 0.0242612361907959, -0.29885584115982056, -2.4349906901037748e+38
0.39520978927612305, 0.016222506761550903, -0.296933650970459, -2.3817169130388233e+38
0.3934687077999115, 0.03252902999520302, -0.29252755641937256, -2.4350943332168494e+38
0.39443597197532654, 0.04105766862630844, -0.2963162064552307, -2.421801444786712e+38
0.3874692916870117, 0.0565045028924942, -0.2961946129798889, -2.3818730875927714e+38
0.3937980830669403, 0.0492435023188591, -0.2954605221748352, -2.4084570390361816e+38
0.38673263788223267, 0.07289223372936249, -0.29737913608551025, -2.394957472852183e+38
0.393379807472229, 0.06603819131851196, -0.2971574664115906, -2.3817171158629193e+38
0.38544324040412903, 0.08059313148260117, -0.2953316569328308, -2.421594158560563e+38
0.39082086086273193, 0.08182919025421143, -0.2932323217391968, -2.4347823897571453e+38
0.38370439410209656, 0.09658809751272202, -0.29476600885391235, -2.4481789213003572e+38
0.3884885907173157, 0.10664498805999756, -0.2939106822013855, -2.3950093958207685e+38
0.38006359338760376, 0.11092080920934677, -0.2887391448020935, -2.4084059273639804e+38
0.38300061225891113, 0.11949209868907928, -0.2828393578529358, -2.39506152161345e+38
0.38651806116104126, -0.10427340120077133, -0.2771914601325989, -2.395061724437546e+38
0.39009034633636475, -0.11394441872835159, -0.27353203296661377, -2.3283396956848932e+38
0.3942502439022064, -0.09941750764846802, -0.2787814736366272, -2.368372912936485e+38
0.3969072103500366, -0.09254582971334457, -0.283336341381073, -2.3550283043618582e+38
0.39561498165130615, -0.08514966815710068, -0.29528212547302246, -2.3817171158629193e+38
0.3995310366153717, -0.07891660183668137, -0.30423516035079956, -2.3683727101123888e+38
0.4054000675678253, -0.06406494230031967, -0.3167247772216797, -2.3683727101123888e+38
0.413029283285141, -0.07606630772352219, -0.32090485095977783, -2.3683727101123888e+38
0.4106999635696411, -0.04786473512649536, -0.3283073306083679, -2.3550285071859543e+38
0.4171988070011139, -0.058750033378601074, -0.32808125019073486, -2.3817171158629193e+38
0.40674805641174316, -0.03693992644548416, -0.31521379947662354, -2.328339492860797e+38
0.41415801644325256, -0.028925655409693718, -0.3150489926338196, -2.3149954927584587e+38
0.4046582579612732, -0.009624766185879707, -0.30618762969970703, -2.3550285071859543e+38
0.4116356074810028, -0.01912919245660305, -0.3071540594100952, -2.3149433669657773e+38
0.40237337350845337, 0.007863313890993595, -0.2989557385444641, -2.3550285071859543e+38
0.40962719917297363, -0.000997386872768402, -0.30051636695861816, -2.3550285071859543e+38
0.40090659260749817, 0.02479366585612297, -0.29510754346847534, -2.3817167102147273e+38
0.4068799614906311, 0.016456324607133865, -0.2928886413574219, -2.3817173186870154e+38
0.40015822649002075, 0.04163007438182831, -0.2943306565284729, -2.4218018504349042e+38
0.4060169756412506, 0.042216092348098755, -0.29218590259552, -2.3817167102147273e+38
0.39861178398132324, 0.058206528425216675, -0.2922293543815613, -2.3817682275351205e+38
0.4053017497062683, 0.0506984144449234, -0.2912653684616089, -2.3683723044641967e+38
0.3977622985839844, 0.07514730095863342, -0.2931516766548157, -2.4215420327678815e+38
0.4048025608062744, 0.06807943433523178, -0.29272544384002686, -2.3683205843197074e+38
0.39779359102249146, 0.08401942253112793, -0.2953486442565918, -2.4347823897571453e+38
0.3976449966430664, 0.09293775260448456, -0.2972903847694397, -2.4347823897571453e+38
0.3968176543712616, 0.11084315180778503, -0.300423800945282, -2.3683205843197074e+38
0.40403151512145996, 0.11389681696891785, -0.302301824092865, -2.3683727101123888e+38
0.39313650131225586, 0.1169525757431984, -0.2924230098724365, -2.3151512616642147e+38
0.3976106643676758, 0.1274707168340683, -0.29026877880096436, -2.3151512616642147e+38
0.3937651813030243, 0.14305157959461212, -0.28642064332962036, -2.341736024404009e+38
0.4017220139503479, -0.12942761182785034, -0.27459120750427246, -2.368372912936485e+38
0.39502307772636414, -0.11573996394872665, -0.2700258493423462, -2.3817173186870154e+38
0.40500831604003906, -0.11283623427152634, -0.27611833810806274, -2.3817173186870154e+38
0.4022430181503296, -0.09417279809713364, -0.2801781892776489, -2.381664990070238e+38
0.4064193367958069, -0.10437658429145813, -0.2765815258026123, -2.3817173186870154e+38
0.4199988842010498, -0.09569341689348221, -0.30575764179229736, -2.4216462843532442e+38
0.4249466061592102, -0.08895105868577957, -0.3156564235687256, -2.3817171158629193e+38
0.4235953688621521, -0.07003471255302429, -0.327171266078949, -2.3550283043618582e+38
0.42984098196029663, -0.08168461918830872, -0.3255283832550049, -2.3684767588736555e+38
0.42362284660339355, -0.059962958097457886, -0.3251650333404541, -2.3817171158629193e+38
0.432184636592865, -0.05190902203321457, -0.3252832889556885, -2.3551844789158064e+38
0.4186125099658966, -0.029105158522725105, -0.30754774808883667, -2.381665801366622e+38
0.4255446195602417, -0.03953729569911957, -0.3073146939277649, -2.3817173186870154e+38
0.4178761839866638, -0.019667159765958786, -0.30468815565109253, -2.3683213956160915e+38
0.4242578148841858, -0.020217249169945717, -0.3020339608192444, -2.381665801366622e+38
0.4144554138183594, 0.007782687433063984, -0.29452037811279297, -2.381665598542526e+38
0.42210325598716736, -0.0014130650088191032, -0.295640230178833, -2.3683215984401876e+38
0.4128507077693939, 0.025352122262120247, -0.29072582721710205, -2.368372912936485e+38
0.419111430644989, 0.016701385378837585, -0.2881699800491333, -2.3550289128341464e+38
0.4125458598136902, 0.03410723805427551, -0.2904757857322693, -2.3550285071859543e+38
0.4120127856731415, 0.04281576722860336, -0.2898715138435364, -2.3683727101123888e+38
0.41027727723121643, 0.059987738728523254, -0.28762054443359375, -2.355027898713666e+38
0.4173426628112793, 0.05222085118293762, -0.2863888144493103, -2.434886641342508e+38
0.41070687770843506, 0.06913407891988754, -0.2902536392211914, -2.354976381393273e+38
0.4169536232948303, 0.07958907634019852, -0.2898557186126709, -2.4083020814268097e+38
0.4107634425163269, 0.09696311503648758, -0.29648226499557495, -2.4214379840066147e+38
0.41873276233673096, 0.09004738926887512, -0.29632139205932617, -2.4083020814268097e+38
0.4151989221572876, 0.1200350672006607, -0.3139638900756836, -2.3817692416556007e+38
0.4238748550415039, 0.11339108645915985, -0.3142799139022827, -2.368217752503017e+38
0.41165781021118164, 0.13772329688072205, -0.31099194288253784, -2.368529087490433e+38
0.41950419545173645, 0.14160983264446259, -0.31251460313796997, -2.355132758771317e+38
0.40692293643951416, 0.1434640884399414, -0.30155014991760254, -2.3684773673459436e+38
0.411163866519928, 0.15477803349494934, -0.2980037331581116, -2.354976989865561e+38
0.40777653455734253, 0.1617746502161026, -0.2929898500442505, -2.3416845070836158e+38
0.42676252126693726, -0.14939767122268677, -0.3019794225692749, -2.421490312623392e+38
0.4160393178462982, -0.12013771384954453, -0.28658461570739746, -2.3417883530207865e+38
0.42591392993927, -0.12604176998138428, -0.2924712300300598, -2.3417883530207865e+38
0.4232499599456787, -0.11300913989543915, -0.2829344868659973, -2.3285479960315227e+38
0.42674630880355835, -0.10548283159732819, -0.28813493251800537, -2.3285477932074267e+38
0.42608243227005005, -0.097413569688797, -0.30205827951431274, -2.4084059273639804e+38
0.44009697437286377, -0.09380996227264404, -0.31353282928466797, -2.3284956674147453e+38
0.4367687702178955, -0.0728439912199974, -0.3204532265663147, -2.341840073165276e+38
0.4431542754173279, -0.08484067022800446, -0.3180729150772095, -2.3684767588736555e+38
0.438992977142334, -0.053023070096969604, -0.3220175504684448, -2.3551844789158064e+38
0.4436807632446289, -0.06374698132276535, -0.3151349425315857, -2.3149950871102666e+38
0.42953455448150635, -0.030019251629710197, -0.2971571683883667, -2.3817173186870154e+38
0.4361191987991333, -0.030758632346987724, -0.2940472960472107, -2.3817173186870154e+38
0.43077993392944336, -0.020779410377144814, -0.2991795539855957, -2.3683213956160915e+38
0.4374414086341858, -0.02135353349149227, -0.29611265659332275, -2.3683213956160915e+38
0.4271050691604614, 0.0076982732862234116, -0.289359450340271, -2.3149441782621614e+38
0.4351477026939392, -0.0018476704135537148, -0.2899829149246216, -2.3149441782621614e+38
0.42535579204559326, 0.025936782360076904, -0.28562551736831665, -2.3682694726475062e+38
0.4319043457508087, 0.01695769652724266, -0.2826879024505615, -2.3016514926561202e+38
0.4244154989719391, 0.044056057929992676, -0.2846900224685669, -2.3415279268814756e+38
0.4314556121826172, 0.03549569845199585, -0.28247952461242676, -2.28825435264062e+38
0.4235641062259674, 0.05300729721784592, -0.2836676836013794, -2.3547680810466434e+38
0.43062371015548706, 0.06347128003835678, -0.2835015058517456, -2.3415279268814756e+38
0.424716055393219, 0.0720905140042305, -0.2890475392341614, -2.368268661351122e+38
0.4249407649040222, 0.08175457268953323, -0.29128479957580566, -2.368268864175218e+38
0.43324458599090576, 0.09400847554206848, -0.2944350242614746, -2.341424283768401e+38
0.4371786415576935, 0.10661692917346954, -0.30561673641204834, -2.341424283768401e+38
0.4317387342453003, 0.12699776887893677, -0.3173077702522278, -2.3281320038105518e+38
0.4411945044994354, 0.12001319229602814, -0.31737464666366577, -2.36811268962127e+38
0.42983508110046387, 0.1476260870695114, -0.3192415237426758, -2.3149952899343627e+38
0.4361616373062134, 0.14980754256248474, -0.3149834871292114, -2.2481692124204432e+38
0.4242742657661438, 0.1535910665988922, -0.3090282082557678, -2.3550285071859543e+38
0.42658188939094543, 0.16343912482261658, -0.2995535135269165, -2.3282352412754344e+38
0.4170496463775635, 0.1684078872203827, -0.2986801862716675, -2.3149950871102666e+38
0.42270439863204956, 0.1706899106502533, -0.29416173696517944, -2.314942555669393e+38
0.4471842646598816, -0.1888670027256012, -0.3196161985397339, -2.394644920920191e+38
0.43533527851104736, -0.16672375798225403, -0.3075312376022339, -2.3946972495369683e+38
0.4491357207298279, -0.16493897140026093, -0.31511759757995605, -2.354872332632006e+38
0.4298558235168457, -0.13736693561077118, -0.2870350480079651, -2.3150991358715333e+38
0.44005948305130005, -0.13219910860061646, -0.28817683458328247, -2.301806855913684e+38
0.43345946073532104, -0.1185859814286232, -0.2884872555732727, -2.315203387456896e+38
0.44595253467559814, -0.11450490355491638, -0.2945055365562439, -2.3149950871102666e+38
0.4473176896572113, -0.10438139736652374, -0.2946279048919678, -2.2882549611129083e+38
0.4509284496307373, -0.09570516645908356, -0.2996100187301636, -2.301599366863439e+38
0.45043057203292847, -0.0757540762424469, -0.31280380487442017, -2.3683727101123888e+38
0.4543077349662781, -0.08665230870246887, -0.3042747974395752, -2.3282356469236265e+38
0.4435478448867798, -0.05174291878938675, -0.29463011026382446, -2.314891038349e+38
0.4480556547641754, -0.052006639540195465, -0.2861964702606201, -2.341423675296113e+38
0.4407011866569519, -0.03096838854253292, -0.286196768283844, -2.3550285071859543e+38
0.4496845602989197, -0.032281555235385895, -0.2871396541595459, -2.3280800808419665e+38
0.4442403316497803, -0.021939458325505257, -0.29282045364379883, -2.3683213956160915e+38
0.45117390155792236, -0.022536950185894966, -0.28928953409194946, -2.3948544382113966e+38
0.44188034534454346, -0.0020719803869724274, -0.28683024644851685, -2.301599772511631e+38
0.4487502872943878, -0.0023008612915873528, -0.28344398736953735, -2.31489205246948e+38
0.4405187666416168, 0.01717992126941681, -0.2838556170463562, -2.301755541417387e+38
0.4473446011543274, 0.017316676676273346, -0.2805275321006775, -2.2483777155911687e+38
0.43803340196609497, 0.03597863391041756, -0.27939867973327637, -2.315047415727044e+38
0.4460999071598053, 0.04647146165370941, -0.2795058488845825, -2.314891241173096e+38
0.4391188621520996, 0.06515534222126007, -0.28452616930007935, -2.3415281297055717e+38
0.4471728801727295, 0.056624941527843475, -0.28259021043777466, -2.3148391153804145e+38
0.43981242179870605, 0.08533681929111481, -0.2890610098838806, -2.354665046405857e+38
0.44846323132514954, 0.077272929251194, -0.28774774074554443, -2.3546640322853767e+38
0.44861429929733276, 0.09817903488874435, -0.2915579080581665, -2.3546644379335687e+38
0.45294782519340515, 0.11140014976263046, -0.3026004433631897, -2.381353857906918e+38
0.44796299934387207, 0.12188906967639923, -0.3132920265197754, -2.3813528437864377e+38
0.4565685987472534, 0.13655436038970947, -0.31529247760772705, -2.3414768152092744e+38
0.448705792427063, 0.14542697370052338, -0.3208157420158386, -2.3015468354225654e+38
0.45549720525741577, 0.14761453866958618, -0.3160703778266907, -2.3282881783645e+38
0.4474581182003021, 0.16474910080432892, -0.3057326078414917, -2.3817173186870154e+38
0.44316914677619934, 0.17268460988998413, -0.30017441511154175, -2.421750333114511e+38
0.4284694194793701, 0.18487441539764404, -0.29368579387664795, -2.3950611159652578e+38
0.43416285514831543, 0.1872476190328598, -0.28841298818588257, -2.381665192894334e+38
0.47804802656173706, -0.2201726883649826, -0.3657557964324951, -2.3549238499523994e+38
0.48490819334983826, -0.22290723025798798, -0.3579758405685425, -2.3151506531919266e+38
0.47289136052131653, -0.199349507689476, -0.3499287962913513, -2.4081457040487656e+38
0.4836006164550781, -0.20614396035671234, -0.35049521923065186, -2.381509018340386e+38
0.45689857006073, -0.1436394304037094, -0.30489206314086914, -2.3550283043618582e+38
0.4727576971054077, -0.15381671488285065, -0.31714314222335815, -2.3683727101123888e+38
0.4588106572628021, -0.13308678567409515, -0.305466890335083, -2.3950093958207685e+38
0.4672602415084839, -0.12444958835840225, -0.3003591299057007, -2.434886438518412e+38
0.460323691368103, -0.09906066954135895, -0.3001822233200073, -2.3416325841150305e+38
0.4730234146118164, -0.10427483171224594, -0.3059476613998413, -2.354976989865561e+38
0.46123814582824707, -0.08829037845134735, -0.2997141480445862, -2.3282356469236265e+38
0.4592708945274353, -0.07621913403272629, -0.29388928413391113, -2.368268864175218e+38
0.4525555968284607, -0.052280962467193604, -0.27773475646972656, -2.3547680810466434e+38
0.45940494537353516, -0.05339936912059784, -0.27354079484939575, -2.3280792695455823e+38
0.45711785554885864, -0.043499529361724854, -0.28523045778274536, -2.3813530466105338e+38
0.4667123854160309, -0.04522067308425903, -0.2856128215789795, -2.3813009208178524e+38
0.4618985056877136, -0.01337667927145958, -0.2918555736541748, -2.328028563521573e+38
0.4731144905090332, -0.02516459859907627, -0.2953411340713501, -2.3546135290854636e+38
0.45861518383026123, 0.007453595753759146, -0.28507375717163086, -2.314891241173096e+38
0.46833038330078125, 0.007370883598923683, -0.2855578660964966, -2.3549244584246875e+38
0.4565432071685791, 0.01755187101662159, -0.28119897842407227, -2.3549244584246875e+38
0.4685670733451843, 0.01789858005940914, -0.286038339138031, -2.341580052674157e+38
0.4559786319732666, 0.03766397386789322, -0.28088241815567017, -2.3814570953718005e+38
0.46549880504608154, 0.03855390474200249, -0.2812592387199402, -2.394801501122331e+38
0.45715993642807007, 0.06871313601732254, -0.2859150171279907, -2.3546646407576648e+38
0.46672460436820984, 0.07059047371149063, -0.28623348474502563, -2.3279249204084985e+38
0.45790135860443115, 0.09016591310501099, -0.29033756256103516, -2.3546646407576648e+38
0.4672684669494629, 0.08162184804677963, -0.28859323263168335, -2.31458092030616e+38
0.46243616938591003, 0.11461275070905685, -0.3031562566757202, -2.408041858111595e+38
0.47266680002212524, 0.10647774487733841, -0.3019893765449524, -2.3413202350071342e+38
0.4716094136238098, 0.12937742471694946, -0.3045322299003601, -2.3813526409623417e+38
0.4706133008003235, 0.14075793325901031, -0.30528879165649414, -2.3547680810466434e+38
0.4623710811138153, 0.1498250663280487, -0.31104177236557007, -2.3282356469236265e+38
0.4677410125732422, 0.16324687004089355, -0.30583351850509644, -2.36811268962127e+38
0.4565093219280243, 0.16945062577724457, -0.305839478969574, -2.4349908929278708e+38
0.46308737993240356, 0.1718306690454483, -0.3002331256866455, -2.36811268962127e+38
0.4422851800918579, 0.1923186480998993, -0.28792643547058105, -2.3948534240909164e+38
0.4481121301651001, 0.19472452998161316, -0.2820262312889099, -2.1145689803611896e+38
0.4961792528629303, -0.23053887486457825, -0.358281672000885, -2.3283906045329984e+38
0.49975553154945374, -0.24586428701877594, -0.348472535610199, -2.3282354440995304e+38
0.49474042654037476, -0.21319527924060822, -0.3507393002510071, -2.3815084098680978e+38
0.49750271439552307, -0.2006162405014038, -0.35143131017684937, -2.381560535660779e+38
0.4918540120124817, -0.1805392950773239, -0.3368494510650635, -2.3682163327343446e+38
0.4830661118030548, -0.15902139246463776, -0.31706100702285767, -2.35487212980791e+38
0.48521673679351807, -0.1474098116159439, -0.3176496624946594, -2.368268661351122e+38
0.4923941493034363, -0.14971038699150085, -0.3110218644142151, -2.3280794723696783e+38
0.4820300340652466, -0.11950605362653732, -0.30613911151885986, -2.381665598542526e+38
0.49412801861763, -0.11178190261125565, -0.3058052062988281, -2.2881503038793534e+38
0.48130568861961365, -0.09471342712640762, -0.30016160011291504, -2.3816132699257486e+38
0.492742657661438, -0.08624933660030365, -0.2993142604827881, -2.2348254151422008e+38
0.47146427631378174, -0.05630280077457428, -0.27791404724121094, -2.3547680810466434e+38
0.48430168628692627, -0.059385091066360474, -0.2822238802909851, -2.301495723750364e+38
0.47618043422698975, -0.0358896479010582, -0.28382402658462524, -2.354665046405857e+38
0.48370128870010376, -0.03673352301120758, -0.279032826423645, -2.35456099764459e+38
0.48791271448135376, -0.01564168743789196, -0.3025347590446472, -2.3547173750226343e+38
0.4974727928638458, -0.02806377224624157, -0.3006860017776489, -2.35456099764459e+38
0.4811263084411621, 0.007248285226523876, -0.2903662323951721, -2.341580052674157e+38
0.4918133020401001, 0.0071576000191271305, -0.29033219814300537, -2.3546127177890794e+38
0.48122018575668335, 0.02928939275443554, -0.29085320234298706, -2.3015468354225654e+38
0.495023250579834, 0.01865784265100956, -0.2955990433692932, -2.328027752225189e+38
0.4881214499473572, 0.05290108174085617, -0.3039088845252991, -2.3280794723696783e+38
0.5056731700897217, 0.05562594532966614, -0.3144491910934448, -2.3280794723696783e+38
0.48781874775886536, 0.07608289271593094, -0.3055460453033447, -2.3012359060833414e+38
0.495789110660553, 0.07729631662368774, -0.3004370331764221, -2.2745986119026736e+38
0.4856032729148865, 0.0870540663599968, -0.30313169956207275, -2.3012361089074374e+38
0.49372798204421997, 0.10060542076826096, -0.30005335807800293, -2.3012874234037347e+38
0.4825388789176941, 0.12138818949460983, -0.30341339111328125, -2.314631626330169e+38
0.49678534269332886, 0.11430270969867706, -0.30698931217193604, -2.287943017653204e+38
0.4837399423122406, 0.14691340923309326, -0.3105313181877136, -2.3147346609709557e+38
0.4911630153656006, 0.14912661910057068, -0.3045769929885864, -2.3143716058390504e+38
0.4775993227958679, 0.16797810792922974, -0.30544108152389526, -2.328027955049285e+38
0.4896475076675415, 0.16106419265270233, -0.304807186126709, -2.3012352976110533e+38
0.4674326181411743, 0.18498991429805756, -0.2936021685600281, -2.2613067375930165e+38
0.4793696701526642, 0.17916454374790192, -0.2933306097984314, -2.2881513179998336e+38
0.46208545565605164, 0.1927379071712494, -0.28732889890670776, -2.3146320319783612e+38
0.46828973293304443, 0.19518257677555084, -0.2808341979980469, -2.328028360697477e+38
0.5064365863800049, -0.2485107034444809, -0.33920204639434814, -2.3013906608686173e+38
0.5130471587181091, -0.2511003017425537, -0.3295731544494629, -2.261565743963655e+38
0.5134881138801575, -0.22323735058307648, -0.3418894410133362, -2.3413202350071342e+38
0.5290267467498779, -0.217564195394516, -0.34201163053512573, -2.3278198575267516e+38
0.5132202506065369, -0.17668065428733826, -0.3295866847038269, -2.3279760320806997e+38
0.5224214792251587, -0.1958152800798416, -0.32766443490982056, -2.3011314516738826e+38
0.5094970464706421, -0.14527380466461182, -0.3171558380126953, -2.287943017653204e+38
0.5148114562034607, -0.16010630130767822, -0.30907952785491943, -2.2878393745401295e+38
0.5128107070922852, -0.11993627995252609, -0.31719380617141724, -2.327871374847145e+38
0.5191799998283386, -0.13486544787883759, -0.31017327308654785, -2.2611501573908763e+38
0.5109459757804871, -0.09254524111747742, -0.30996954441070557, -2.3145273747448064e+38
0.519093930721283, -0.09427332133054733, -0.3034571409225464, -2.2877349201306707e+38
0.5077968835830688, -0.07845616340637207, -0.303274929523468, -2.3145275775689024e+38
0.5125473141670227, -0.06614313274621964, -0.29056698083877563, -2.327716417237773e+38
0.49132537841796875, -0.03758885711431503, -0.273923397064209, -2.3145277803929985e+38
0.508973240852356, -0.05275328457355499, -0.28407251834869385, -2.301183983114756e+38
0.5024543404579163, -0.028218606486916542, -0.29036760330200195, -2.301183374642468e+38
0.5029054880142212, -0.016000140458345413, -0.27284640073776245, -2.287787451571544e+38
0.49985629320144653, 0.0071039265021681786, -0.28524231910705566, -2.3012874234037347e+38
0.5049185156822205, 0.0070895119570195675, -0.2752867341041565, -2.261254814624431e+38
0.5126919150352478, 0.03147619962692261, -0.3053590655326843, -2.2614621008505805e+38
0.5147383213043213, 0.019114138558506966, -0.28969866037368774, -2.234826226438585e+38
0.517681896686554, 0.057168424129486084, -0.3143135905265808, -2.327871780495337e+38
0.5277423858642578, 0.04534605145454407, -0.30950021743774414, -2.261254003328047e+38
0.517595648765564, 0.06882377713918686, -0.29624658823013306, -2.2610469199259937e+38
0.5153796672821045, 0.08077322691679001, -0.2941119074821472, -2.2345136745065926e+38
0.5045603513717651, 0.09100810438394547, -0.29743504524230957, -2.261254206152143e+38
0.5129297971725464, 0.10519126802682877, -0.2933874726295471, -2.261254206152143e+38
0.5080814957618713, 0.1176980510354042, -0.3064191937446594, -2.2745986119026736e+38
0.5156232118606567, 0.13246971368789673, -0.30124813318252563, -2.261254206152143e+38
0.5020034909248352, 0.1535259485244751, -0.3036879897117615, -2.274494360317311e+38
0.514624834060669, 0.14532333612442017, -0.30201709270477295, -2.2212209889005514e+38
0.49697941541671753, 0.16340447962284088, -0.29832786321640015, -2.288046863590375e+38
0.5043454170227051, 0.16575108468532562, -0.29149550199508667, -2.1413624490958056e+38
0.48935240507125854, 0.18426288664340973, -0.2919721007347107, -2.301599366863439e+38
0.49624568223953247, 0.18672733008861542, -0.2848777174949646, -2.635313356563873e+38
0.47746628522872925, 0.21413007378578186, -0.2827833294868469, -2.2479098004016125e+38
0.493733286857605, 0.2123895138502121, -0.2877434492111206, -2.1280697634897643e+38
0.46741679310798645, 0.23093542456626892, -0.27360814809799194, -2.2879939265013093e+38
0.4800328314304352, 0.2269468605518341, -0.2732665538787842, -2.221273520341425e+38
0.5161744952201843, -0.26215746998786926, -0.2991967797279358, -2.0881422175922077e+38
0.5195714831352234, -0.2536255717277527, -0.3195842504501343, -2.221325037661818e+38
0.5357962250709534, -0.24919022619724274, -0.31920790672302246, -2.1679999461005694e+38
0.536505401134491, -0.2202886939048767, -0.3325764536857605, -2.261254206152143e+38
0.5439232587814331, -0.22297446429729462, -0.32274341583251953, -2.1413634632162858e+38
0.532986044883728, -0.18537253141403198, -0.32000720500946045, -2.2744424373487255e+38
0.5372388362884521, -0.20100130140781403, -0.30959898233413696, -2.154655743174135e+38
0.5180915594100952, -0.15949708223342896, -0.29498839378356934, -2.2876831999861813e+38
0.5254210829734802, -0.16182082891464233, -0.2867997884750366, -2.1547080717909123e+38
0.5270577669143677, -0.13706427812576294, -0.3026224374771118, -2.3010797315293933e+38
0.5288774967193604, -0.12407981604337692, -0.3028561472892761, -2.2611505630390684e+38
0.5344647169113159, -0.11296962946653366, -0.30866187810897827, -2.2344617515380073e+38
0.5472978949546814, -0.11705649644136429, -0.306965708732605, -2.114726980332002e+38
0.5318443775177002, -0.0844215527176857, -0.30129480361938477, -2.2344617515380073e+38
0.5243381261825562, -0.06864409148693085, -0.2892882823944092, -2.234410031393518e+38
0.5205442905426025, -0.0548056960105896, -0.2827724814414978, -2.2611509686872605e+38
0.5068424344062805, -0.03932926803827286, -0.2626878023147583, -2.234410031393518e+38
0.5060420036315918, -0.02750287763774395, -0.260847270488739, -2.2210656256429874e+38
0.5158215761184692, -0.016602784395217896, -0.25676602125167847, -2.1145194912817567e+38
0.5091313123703003, -0.004581024870276451, -0.26426661014556885, -2.207721219892457e+38
0.5130576491355896, 0.00703519769012928, -0.26956498622894287, -2.2077733456851383e+38
0.5337249040603638, 0.03261491656303406, -0.29854637384414673, -2.1945327858717784e+38
0.5391320586204529, 0.019730817526578903, -0.2869781255722046, -1.994836643044337e+38
0.5366862416267395, 0.04600212723016739, -0.30314821004867554, -2.154551491588772e+38
0.5457196235656738, 0.04666472226381302, -0.29638129472732544, -2.0081810487948674e+38
0.5297014713287354, 0.07077240943908691, -0.29504168033599854, -2.127811771239606e+38
0.5435806512832642, 0.08663943409919739, -0.29627561569213867, -2.0213173570228645e+38
0.5283137559890747, 0.10974890738725662, -0.2971299886703491, -2.1812403030898332e+38
0.5365803241729736, 0.0979139655828476, -0.2882876396179199, -2.0213173570228645e+38
0.5274571776390076, 0.13641875982284546, -0.29972416162490845, -2.1279150087044885e+38
0.5356992483139038, 0.13848817348480225, -0.29232966899871826, -2.021421000135939e+38
0.5173158645629883, 0.1580733060836792, -0.28980404138565063, -2.034660748652915e+38
0.5305436849594116, 0.14969007670879364, -0.2875036597251892, -1.9813877828843475e+38
0.5117316842079163, 0.16809949278831482, -0.284298837184906, -1.9948340063310884e+38
0.5202978253364563, 0.18531790375709534, -0.28109776973724365, -2.808945386106046e+38
0.51029372215271, 0.19493088126182556, -0.28805190324783325, -2.782257385901369e+38
0.5141268968582153, 0.2093074768781662, -0.27857905626296997, -2.728880371371535e+38
0.4966873526573181, 0.22597886621952057, -0.2779731750488281, -2.0480572801961268e+38
0.5105582475662231, 0.2208784818649292, -0.2768811583518982, -1.8481512144292875e+38
0.49238908290863037, 0.25130003690719604, -0.2793329358100891, -2.114414631224106e+38
0.5025925636291504, 0.24309508502483368, -0.27273309230804443, -2.0480059656998296e+38
0.4975532293319702, 0.26859283447265625, -0.2735355496406555, -2.0746424485841132e+38
0.5220432281494141, -0.2643527686595917, -0.2884942293167114, -2.101279134292493e+38
0.5331908464431763, -0.2725042998790741, -0.28470760583877563, -2.0879868543346438e+38
0.5425428748130798, -0.25171995162963867, -0.3085057735443115, -2.0615574548524134e+38
0.5500082969665527, -0.2728379964828491, -0.3027024269104004, -2.0614542173875308e+38
0.568984866142273, -0.24100817739963531, -0.336428165435791, -2.0480570773720308e+38
0.5722874402999878, -0.2581566274166107, -0.32337385416030884, -2.0350256292016846e+38
0.560810387134552, -0.21665973961353302, -0.3216891288757324, -2.034816923206863e+38
0.5665935277938843, -0.2009340226650238, -0.3053579330444336, -2.088194546208985e+38
0.5515199899673462, -0.17708168923854828, -0.30291420221328735, -2.021681223451154e+38
0.5525425672531128, -0.1596549153327942, -0.28224754333496094, -2.0616621120859682e+38
0.5553642511367798, -0.14629176259040833, -0.28329557180404663, -2.021681223451154e+38
0.5625327825546265, -0.13515156507492065, -0.28980737924575806, -2.0350260348498766e+38
0.5605912208557129, -0.12128625065088272, -0.30477601289749146, -2.0083368177006235e+38
0.570552408695221, -0.10880215466022491, -0.2956063747406006, -2.0615586717969896e+38
0.5534541606903076, -0.07523410022258759, -0.2907458543777466, -2.0347654058864697e+38
0.5665302872657776, -0.09247427433729172, -0.2891588807106018, -2.0747990287862534e+38
0.5259935855865479, -0.04180750995874405, -0.2541976571083069, -2.0348698602959285e+38
0.5494767427444458, -0.059263527393341064, -0.26633161306381226, -2.0481104201092884e+38
0.5271968841552734, -0.017453309148550034, -0.2544872760772705, -2.0348698602959285e+38
0.5332825779914856, -0.030094576999545097, -0.24556736648082733, -2.0348181401514392e+38
0.5478709936141968, -0.00626504048705101, -0.2619420289993286, -2.008129328650378e+38
0.5488471984863281, 0.006736621260643005, -0.26294898986816406, -2.008129328650378e+38
0.5480427742004395, 0.019909322261810303, -0.2800133228302002, -2.0348698602959285e+38
0.5477645397186279, 0.0331152081489563, -0.27991920709609985, -2.021525454545398e+38
0.5548257827758789, 0.04733262211084366, -0.2891812324523926, -2.0081810487948674e+38
0.5623584985733032, 0.061628274619579315, -0.28026270866394043, -2.021525454545398e+38
0.5552326440811157, 0.07487338781356812, -0.2912532687187195, -2.0081810487948674e+38
0.5656880140304565, 0.09055740386247635, -0.2861420512199402, -2.0346094341566176e+38
0.553472101688385, 0.11637487262487411, -0.2929762005805969, -2.0348181401514392e+38
0.5622584819793701, 0.11815377324819565, -0.2848166227340698, -2.114675665835705e+38
0.5439639091491699, 0.14056125283241272, -0.28452008962631226, -2.0214733287527166e+38
0.5574971437454224, 0.13065147399902344, -0.2807769179344177, -2.0879345257178663e+38
0.5366350412368774, 0.16500551998615265, -0.2794969081878662, -2.0614008746502732e+38
0.5506693124771118, 0.15630735456943512, -0.27644211053848267, -2.1280711832584366e+38
0.5356626510620117, 0.19356799125671387, -0.28349757194519043, -2.862322197811784e+38
0.5504453182220459, 0.18589317798614502, -0.280941903591156, -2.2083424700986167e+38
0.5325407981872559, 0.2062406986951828, -0.282337486743927, -2.795653106148197e+38
0.5360270142555237, 0.2211890071630478, -0.2715640068054199, -2.675554468513902e+38
0.5211083292961121, 0.226984903216362, -0.2734966278076172, -1.941510537362608e+38
0.5130062103271484, 0.2346336990594864, -0.2659493088722229, -2.008233377411645e+38
0.5120837688446045, 0.26493746042251587, -0.27233272790908813, -2.048058091492511e+38
0.5272408723831177, 0.26075777411460876, -0.2707133889198303, -2.101591280576293e+38
0.5171501636505127, 0.28291022777557373, -0.26534324884414673, -2.021525454545398e+38
0.5512944459915161, -0.3070487380027771, -0.2932886481285095, -2.0614542173875308e+38
0.5570393204689026, -0.2945103049278259, -0.2960229516029358, -2.0481098116370003e+38
0.5626011490821838, -0.2816452085971832, -0.29864680767059326, -2.0614020915948494e+38
0.5812625885009766, -0.2772345542907715, -0.2965901494026184, -2.1945337999922586e+38
0.5795553922653198, -0.2607947587966919, -0.3113842010498047, -2.1013312600851743e+38
0.5986959338188171, -0.25486311316490173, -0.3090587258338928, -2.194481268551385e+38
0.5994058847427368, -0.22167828679084778, -0.3244014382362366, -2.1414159946571592e+38
0.6033925414085388, -0.23980477452278137, -0.3108692765235901, -2.194481268551385e+38
0.5839624404907227, -0.19328747689723969, -0.3031120300292969, -2.1014868261668343e+38
0.5839191675186157, -0.17390447854995728, -0.2804306149482727, -2.1680007573969536e+38
0.570847749710083, -0.1372832953929901, -0.2804816961288452, -2.088143434536784e+38
0.5843611359596252, -0.1420220285654068, -0.27639907598495483, -2.141364882984958e+38
0.579393744468689, -0.11067108064889908, -0.2864730954170227, -2.061454623035723e+38
0.5919396281242371, -0.12978343665599823, -0.2826359272003174, -2.1280204772344275e+38
0.5802827477455139, -0.09586340934038162, -0.2858930230140686, -2.061454623035723e+38
0.5998795032501221, -0.10124080628156662, -0.28779423236846924, -2.1280204772344275e+38
0.5665078163146973, -0.06259509921073914, -0.26789265871047974, -2.0747986231380613e+38
0.6164706945419312, -0.07409984618425369, -0.3028232455253601, -2.1014878402873145e+38
0.5804135799407959, -0.022402701899409294, -0.28122806549072266, -2.048214671694651e+38
0.6102544665336609, -0.025139911100268364, -0.29389482736587524, -2.1015924975208693e+38
0.5776010751724243, -0.007814271375536919, -0.27774566411972046, -2.034922188912706e+38
0.5977272987365723, 0.006249279715120792, -0.28021544218063354, -2.0482672031355246e+38
0.5698939561843872, 0.03430505469441414, -0.2693098187446594, -2.0749552033402015e+38
0.5928071141242981, 0.035871729254722595, -0.27534037828445435, -2.0615588746210856e+38
0.5758546590805054, 0.06332873553037643, -0.2770380973815918, -2.0747992316103495e+38
0.5945875644683838, 0.06593833118677139, -0.2783007025718689, -2.088143434536784e+38
0.5793368816375732, 0.09320653975009918, -0.28284382820129395, -2.087883414045665e+38
0.5885524749755859, 0.09460582584142685, -0.2737876772880554, -2.1547606032317858e+38
0.5754966139793396, 0.10678733885288239, -0.27977854013442993, -2.1412608342236913e+38
0.589289665222168, 0.10993047058582306, -0.2758004069328308, -2.1280196659380433e+38
0.5660300254821777, 0.13258591294288635, -0.27212822437286377, -2.1413123515440846e+38
0.5839074850082397, 0.13847476243972778, -0.27309292554855347, -2.1013312600851743e+38
0.5609411001205444, 0.17472754418849945, -0.2723501920700073, -2.194791589418321e+38
0.5784972906112671, 0.18262319266796112, -0.2732822299003601, -2.1279663232007857e+38
0.558221697807312, 0.18834199011325836, -0.2716118097305298, -2.368163192821183e+38
0.5659267902374268, 0.19076265394687653, -0.261848509311676, -2.3414228639997287e+38
0.5469261407852173, 0.21129897236824036, -0.26370173692703247, -2.8754589116879732e+38
0.5385611057281494, 0.2201719731092453, -0.2566538453102112, -2.6886905739178032e+38
0.5430482625961304, 0.23968787491321564, -0.2652204632759094, -1.968198740391381e+38
0.5430160164833069, 0.2559877336025238, -0.26860934495925903, -2.101591483400389e+38
0.5595430135726929, 0.2854032516479492, -0.27321189641952515, -2.0615067488284043e+38
0.5539405941963196, 0.29770344495773315, -0.2705215811729431, -2.0615069516525003e+38
0.5480998754501343, 0.3095976710319519, -0.2676553726196289, -2.074851560227127e+38
0.5919590592384338, -0.3445027768611908, -0.3009028434753418, -2.1679492400765603e+38
0.6043574810028076, -0.3322964608669281, -0.2886965274810791, -1.9813366712121463e+38
0.6028296947479248, -0.3099377155303955, -0.28295785188674927, -1.968044188430201e+38
0.6091830730438232, -0.29574644565582275, -0.28565287590026855, -1.968043985606105e+38
0.6135650873184204, -0.26355358958244324, -0.30412399768829346, -2.061506140356116e+38
0.6152539253234863, -0.2811462879180908, -0.288180410861969, -1.9013738798220377e+38
0.6185576915740967, -0.2480725795030594, -0.30600935220718384, -2.074902469075232e+38
0.6158372759819031, -0.22707849740982056, -0.2999381422996521, -2.0615586717969896e+38
0.61684650182724, -0.19116753339767456, -0.2953641414642334, -2.0746947772008906e+38
0.6212273240089417, -0.2093595266342163, -0.28164756298065186, -1.9414075027218214e+38
0.5926860570907593, -0.1441502869129181, -0.26597994565963745, -2.101279742764781e+38
0.5920661687850952, -0.1578446477651596, -0.2485203891992569, -1.9414077055459175e+38
0.6122880578041077, -0.13697035610675812, -0.2840346693992615, -2.1279164284731607e+38
0.6170188188552856, -0.12062596529722214, -0.2670273780822754, -1.8880815998641886e+38
0.6269786953926086, -0.1091047003865242, -0.2954999804496765, -2.0879351341901545e+38
0.6366235613822937, -0.11091109365224838, -0.2841172218322754, -1.9281150199398762e+38
0.6204930543899536, -0.0740075409412384, -0.2864305377006531, -2.0347140913901725e+38
0.6350370645523071, -0.05984443426132202, -0.27918821573257446, -1.9414072998977254e+38
0.6452661752700806, -0.04482725262641907, -0.28801608085632324, -1.9414077055459175e+38
0.6484359502792358, -0.028224384412169456, -0.2904195785522461, -1.9281158312362604e+38
0.6167879104614258, -0.009631698951125145, -0.28013914823532104, -1.994837859988913e+38
0.6279652118682861, 0.005994768347591162, -0.2708248496055603, -1.9015835999373395e+38
0.6073716878890991, 0.03672788664698601, -0.2709527611732483, -1.9682003629841493e+38
0.6170107126235962, 0.037178218364715576, -0.2608907222747803, -1.9281158312362604e+38
0.6040979623794556, 0.06688704341650009, -0.2687597870826721, -1.9813875800602515e+38
0.6157031059265137, 0.05259965360164642, -0.2600882053375244, -1.941460236986791e+38
0.601290225982666, 0.08161358535289764, -0.26677650213241577, -1.9947837059552714e+38
0.6106029748916626, 0.0827862098813057, -0.2566990256309509, -1.928063705443579e+38
0.6088655591011047, 0.13094308972358704, -0.27801811695098877, -1.928219271525239e+38
0.6180709600448608, 0.11649420857429504, -0.26588255167007446, -1.9280121881231857e+38
0.6256710290908813, 0.15423624217510223, -0.2966879606246948, -1.9148752714229005e+38
0.6482033729553223, 0.16174592077732086, -0.29758334159851074, -1.91492800568787e+38
0.623004674911499, 0.18790559470653534, -0.29807382822036743, -1.9414070970736294e+38
0.6232177019119263, 0.20346949994564056, -0.2798261046409607, -1.914821320213355e+38
0.5996928811073303, 0.209466814994812, -0.2788446545600891, -2.2082911556023195e+38
0.6099546551704407, 0.23101389408111572, -0.27189314365386963, -2.835528931901264e+38
0.5863531231880188, 0.23484009504318237, -0.27032214403152466, -2.8088411345206833e+38
0.6118314266204834, 0.25049614906311035, -0.27657264471054077, -2.7954969315942488e+38
0.5830812454223633, 0.28577136993408203, -0.2765488624572754, -1.8880809913919005e+38
0.6082766056060791, 0.28539323806762695, -0.2793380618095398, -1.7946693398418025e+38
0.565550684928894, 0.30586642026901245, -0.2647373080253601, -1.901374488294326e+38
0.6106604337692261, 0.32732805609703064, -0.2891142964363098, -1.954751705648256e+38
0.6477944254875183, -0.3734346926212311, -0.31089967489242554, -1.941460034162695e+38
0.6257379651069641, -0.3285110294818878, -0.28491097688674927, -1.9281158312362604e+38
0.6410609483718872, -0.3394860029220581, -0.27773088216781616, -1.9281160340603564e+38
0.6363054513931274, -0.27509772777557373, -0.28413110971450806, -1.9413567966978123e+38
0.6520919799804688, -0.28437745571136475, -0.2770084738731384, -1.9280121881231857e+38
0.6684145927429199, -0.27890264987945557, -0.3110803961753845, -1.9413569995219083e+38
0.6765035390853882, -0.2816099524497986, -0.2953758239746094, -1.9413565938737163e+38
0.6440513134002686, -0.22127188742160797, -0.2823988199234009, -1.9414081111941095e+38
0.6647554636001587, -0.21176300942897797, -0.2767816185951233, -1.9280121881231857e+38
0.5942076444625854, -0.1570129692554474, -0.23217777907848358, -1.9147188940448564e+38
0.5978103280067444, -0.1429290473461151, -0.23360823094844818, -1.888134536953254e+38
0.6062664985656738, -0.13086172938346863, -0.23954470455646515, -1.8615495713893637e+38
0.6450319290161133, -0.12983199954032898, -0.27267467975616455, -1.874841851347213e+38
0.7012133002281189, -0.1295875459909439, -0.2977755665779114, -1.941354971280948e+38
0.7008346319198608, -0.10974766314029694, -0.2960631251335144, -1.914665754131695e+38
0.6716726422309875, -0.06615592539310455, -0.2913416028022766, -1.9014779285833045e+38
0.6896315813064575, -0.06877142935991287, -0.28465378284454346, -1.88828929173853e+38
0.6690054535865784, -0.0477122962474823, -0.2882344722747803, -1.9014783342314965e+38
0.6943749189376831, -0.05080002546310425, -0.28781557083129883, -1.914822537157931e+38
0.6748596429824829, -0.012471292167901993, -0.29245805740356445, -1.901375502414806e+38
0.6945099830627441, 0.005336000584065914, -0.2868729829788208, -1.901374893942518e+38
0.6441352367401123, 0.022430021315813065, -0.26543688774108887, -1.8748943827880863e+38
0.6535138487815857, 0.03944510966539383, -0.2534703016281128, -1.8880826139846688e+38
0.636296808719635, 0.05468785762786865, -0.2592148780822754, -1.91477142548573e+38
0.6494406461715698, 0.0726110115647316, -0.25110679864883423, -1.9147192996930485e+38
0.6322775483131409, 0.10308308154344559, -0.2580258846282959, -1.9015833971132435e+38
0.6784383058547974, 0.09574660658836365, -0.2758474349975586, -1.928063705443579e+38
0.6799778342247009, 0.15359152853488922, -0.3030627369880676, -1.901687243050414e+38
0.7055676579475403, 0.14103317260742188, -0.30067479610443115, -1.9414079083700135e+38
0.6878272294998169, 0.1761123687028885, -0.31184715032577515, -1.9283760545514752e+38
0.7058109641075134, 0.20217224955558777, -0.3061069846153259, -1.9281673485566537e+38
0.6695687770843506, 0.20721915364265442, -0.2995598316192627, -1.9282718029661125e+38
0.676298201084137, 0.22831135988235474, -0.2854793071746826, -1.941405677304957e+38
0.6416816115379333, 0.23023681342601776, -0.27891433238983154, -2.2349795614551885e+38
0.6606874465942383, 0.25916963815689087, -0.277116060256958, -2.7553594627572944e+38
0.6279411315917969, 0.2785367965698242, -0.27461159229278564, -2.6621583426188823e+38
0.6722172498703003, 0.2877468466758728, -0.2900528311729431, -2.715483028531939e+38
0.6312844753265381, 0.3218134939670563, -0.28456389904022217, -1.901425802790623e+38
0.6463519334793091, 0.3315064609050751, -0.27696293592453003, -1.9280624884990028e+38
0.6783527135848999, -0.37143972516059875, -0.28820961713790894, -1.8747384110582343e+38
0.6855505704879761, -0.35399913787841797, -0.2904539704322815, -1.8747386138823303e+38
0.6591274738311768, -0.2867580056190491, -0.26142001152038574, -1.8880826139846688e+38
0.6586103439331055, -0.3045903742313385, -0.24275322258472443, -1.8747893199063394e+38
0.6714800596237183, -0.2538512051105499, -0.26579874753952026, -1.888134131305062e+38
0.6790287494659424, -0.2562676966190338, -0.2500385642051697, -1.821515745665484e+38
0.6858711242675781, -0.24227772653102875, -0.27483701705932617, -1.888134334129158e+38
0.6848046779632568, -0.23912198841571808, -0.2519269585609436, -1.7814825284138923e+38
0.6205705404281616, -0.16713882982730865, -0.21801288425922394, -1.9014268169111033e+38
0.6944329738616943, -0.20342980325222015, -0.25468748807907104, -1.834808025623333e+38
0.6495599746704102, -0.12854202091693878, -0.23607878386974335, -1.8880300825437953e+38
0.7115375995635986, -0.13151907920837402, -0.2831178307533264, -1.9013742854702298e+38
0.7186886668205261, -0.0934138223528862, -0.2861882448196411, -1.901374488294326e+38
0.7450557947158813, -0.07763434946537018, -0.2814725637435913, -1.8613923827149354e+38
0.7170659303665161, -0.03386532515287399, -0.28270089626312256, -1.8880300825437953e+38
0.7455589771270752, -0.03626827150583267, -0.28055983781814575, -1.848047976964405e+38
0.7198425531387329, -0.014499258249998093, -0.2844899296760559, -1.8880300825437953e+38
0.7411894798278809, 0.004914794582873583, -0.2769392132759094, -1.7813261510358482e+38
0.7057690620422363, 0.024225065484642982, -0.27357620000839233, -1.9014785370555926e+38
0.700372576713562, 0.042474642395973206, -0.24795012176036835, -1.701415891086613e+38
0.6717844605445862, 0.07570802420377731, -0.24865679442882538, -1.901374488294326e+38
0.6912984848022461, 0.0599958673119545, -0.2418300360441208, -1.7014680168792944e+38
0.7198922038078308, 0.10368380695581436, -0.28662002086639404, -1.9147186912207604e+38
0.7485733032226562, 0.10881539434194565, -0.28445255756378174, -1.701520142671976e+38
0.7350850105285645, 0.1698867678642273, -0.30227696895599365, -1.9014779285833045e+38
0.7457780838012695, 0.17203769087791443, -0.2861563563346863, -1.714812828278017e+38
0.7159309387207031, 0.20468269288539886, -0.2908385992050171, -1.8747893199063394e+38
0.736241340637207, 0.19007200002670288, -0.2808193564414978, -1.7147607024853357e+38
0.7140297889709473, 0.22501416504383087, -0.29142266511917114, -1.954803020144553e+38
0.7236164212226868, 0.22759713232517242, -0.27532583475112915, -1.7547405769996697e+38
0.7035382986068726, 0.2842941880226135, -0.2905144691467285, -2.5818823908244933e+38
0.7167327404022217, 0.2676332890987396, -0.27475613355636597, -2.0082297265779162e+38
0.7029896974563599, 0.3293667733669281, -0.2961825728416443, -2.261775261254861e+38
0.7382487058639526, 0.3278830945491791, -0.29661011695861816, -2.3152557160736735e+38
0.7011364102363586, 0.37563854455947876, -0.30173879861831665, -1.8615489629170756e+38
0.726484477519989, 0.36840200424194336, -0.29410338401794434, -1.7148645484225064e+38
0.6818567514419556, -0.2984898090362549, -0.23590581119060516, -2.0216282863620885e+38
0.7758190035820007, -0.08257348090410233, -0.27857542037963867, -2.5821444395565725e+38
0.7760879397392273, -0.03885003179311752, -0.27749472856521606, -2.808895288554325e+38
0.7929443120956421, -0.0624491423368454, -0.2640616297721863, -3.222673076044694e+38
0.7792986631393433, -0.017286621034145355, -0.2792969346046448, -2.8489287086300127e+38
0.8011847734451294, -0.018238453194499016, -0.2683184742927551, -3.24930996457717e+38
0.7714855670928955, 0.026111096143722534, -0.2739919424057007, -2.7824155886962776e+38
0.8035027980804443, 0.027013486251235008, -0.2696559429168701, -3.2491537900232217e+38
0.7884373664855957, 0.07123665511608124, -0.28598493337631226, -2.8228130780243508e+38
0.7957746982574463, 0.0941423624753952, -0.266140878200531, -3.23606940476381e+38
0.7793295383453369, 0.11433432996273041, -0.28136807680130005, -2.7963842870144085e+38
0.7903217077255249, 0.11571555584669113, -0.26354658603668213, -3.209380796086845e+38
0.7661908864974976, 0.1775815337896347, -0.2761572003364563, -2.8762424211709623e+38
0.796798825263977, 0.16316017508506775, -0.2697380781173706, -3.209380593262749e+38
0.7353333830833435, 0.20948781073093414, -0.25841933488845825, -3.0629073186521537e+38
0.7558577656745911, 0.19447921216487885, -0.2468375414609909, -3.1959325443991437e+38
0.7425922155380249, 0.2348068207502365, -0.2653118968009949, -3.169401124396607e+38
0.7381608486175537, 0.2528640627861023, -0.2409372180700302, -3.196139830625293e+38
0.7253621816635132, 0.2702852487564087, -0.25772154331207275, -3.2094337331759105e+38
0.7492597103118896, 0.3054995834827423, -0.25264501571655273, -3.1027289903715792e+38
0.7722330093383789, 0.4014182686805725, -0.3027658462524414, -3.209642439170732e+38
0.7800307273864746, 0.40413445234298706, -0.28170835971832275, -3.1692942360979957e+38
0.8148690462112427, -0.06494246423244476, -0.2519347071647644, -3.2227237820687032e+38
0.8306472301483154, -0.042933911085128784, -0.23459576070308685, nan
0.8142035007476807, 0.004259961657226086, -0.2506226897239685, -3.142762207623171e+38
0.8343633413314819, -0.01957605592906475, -0.23624543845653534, nan
0.8259972333908081, 0.0276029035449028, -0.25738435983657837, -3.129521647809811e+38
0.8248099088668823, 0.051013946533203125, -0.2569340467453003, -3.0628515420257436e+38
0.8177258968353271, 0.09702267497777939, -0.25388002395629883, -3.1163334166132286e+38
0.8327511548995972, 0.07499145716428757, -0.23590730130672455, nan
0.8046802282333374, 0.14092081785202026, -0.24808700382709503, -3.209692131074261e+38
0.8222397565841675, 0.1206049770116806, -0.23164434731006622, nan
0.7862677574157715, 0.18161369860172272, -0.2398039847612381, -3.263174411309938e+38
0.8171602487564087, 0.16674992442131042, -0.2308720201253891, nan
0.7533451318740845, 0.2139386683702469, -0.22354735434055328, nan
0.7738915681838989, 0.19852447509765625, -0.2103341966867447, -3.3560106508995804e+38
0.7503477334976196, 0.23477815091609955, -0.2234521061182022, nan
0.7584517002105713, 0.23694868385791779, -0.2050158828496933, nan
0.7316606044769287, 0.26956507563591003, -0.21614407002925873, nan
0.7645511627197266, 0.31039583683013916, -0.21402539312839508, nan
0.7624108195304871, 0.33597052097320557, -0.23922096192836761, nan
0.7873848676681519, 0.4066716730594635, -0.26018500328063965, nan
0.7946372032165527, 0.44076311588287354, -0.2679555416107178, nan
0.8290218114852905, -0.04241836816072464, -0.20849181711673737, nan
0.8467488288879395, 0.0039964173920452595, -0.2165616899728775, -2.5819833972243195e+38
0.8341264724731445, 0.051125019788742065, -0.21077506244182587, -3.275944622044589e+38
0.8266948461532593, 0.09722147136926651, -0.20806433260440826, -2.9823676955329172e+38
0.8246099948883057, 0.09634789824485779, -0.18241754174232483, -2.982317192333004e+38
0.8205974102020264, 0.11951859295368195, -0.2057860940694809, -3.2759967478372706e+38
0.8296021223068237, 0.12064935266971588, -0.18516960740089417, -3.2893423705323773e+38
0.793700098991394, 0.18166111409664154, -0.19558541476726532, -3.262652747734932e+38
0.8124727010726929, 0.16335956752300262, -0.17927931249141693, -2.3953708283599056e+38
0.7696333527565002, 0.2179550975561142, -0.18634815514087677, -2.4486961227452503e+38
0.7899845838546753, 0.2021290510892868, -0.1714654117822647, -3.2761018107190175e+38
0.7660882472991943, 0.2389911562204361, -0.18604186177253723, -3.3026338391938423e+38
0.7581394910812378, 0.25627171993255615, -0.16123272478580475, -3.182691781761688e+38
0.7458233833312988, 0.2738780379295349, -0.17923355102539062, -2.7153248257370305e+38
0.7779779434204102, 0.3146642744541168, -0.17351332306861877, -2.8089962949541512e+38
0.8073832988739014, 0.44504398107528687, -0.22213204205036163, -3.3560114621959645e+38
0.770309567451477, -0.09809437394142151, -0.11626258492469788, -3.3027389020755892e+38
0.7570300102233887, -0.03500615805387497, -0.13142535090446472, -3.356169259342681e+38
0.7637149095535278, -0.03540597856044769, -0.11288860440254211, -3.382857868019646e+38
0.7780940532684326, -0.016081005334854126, -0.1393994837999344, -3.32948044784162e+38
0.7851192951202393, -0.016315074637532234, -0.12007951736450195, -3.32948044784162e+38
0.7538486123085022, 0.04475119709968567, -0.130084827542305, -3.275998573254135e+38
0.7533507347106934, 0.024791747331619263, -0.10910910367965698, -3.222777327630057e+38
0.7642066478729248, 0.08633775264024734, -0.1346997618675232, -2.9157511353102035e+38
0.7421873807907104, 0.06306479871273041, -0.10559435188770294, -2.58229757174908e+38
0.7763688564300537, 0.1093679815530777, -0.13990603387355804, -3.2761022163672095e+38
0.7759263515472412, 0.12993648648262024, -0.11848275363445282, -3.062591724358721e+38
0.7989269495010376, 0.15861353278160095, -0.15005554258823395, -2.4218519479866253e+38
0.7956408262252808, 0.15692396461963654, -0.12597370147705078, -2.4219040737793066e+38
0.7867752313613892, 0.19983920454978943, -0.14708712697029114, -3.28944662211774e+38
0.7831119298934937, 0.19751013815402985, -0.12319521605968475, -3.3027910278682706e+38
0.7695645093917847, 0.23788435757160187, -0.14248649775981903, -3.1960357818640263e+38
0.7754608392715454, 0.23945562541484833, -0.12249383330345154, -3.209380187614557e+38
0.7580916285514832, 0.2775951623916626, -0.14053766429424286, -2.622226334591213e+38
0.8026264905929565, 0.4359143078327179, -0.1683553159236908, -3.3160833078261198e+38
0.7802238464355469, -0.23116910457611084, -0.08038283884525299, -3.3427206020067876e+38
0.787152886390686, -0.18943998217582703, -0.10271783173084259, -2.9824731640628562e+38
0.7920001745223999, -0.19055810570716858, -0.08191221952438354, -2.9824731640628562e+38
0.793892502784729, -0.14688464999198914, -0.10328462719917297, -3.1159168159199696e+38
0.7990871667861938, -0.14785124361515045, -0.08247862756252289, -3.1426056274210307e+38
0.7856763601303101, -0.10098234564065933, -0.09966132044792175, -3.3828049309305804e+38
0.7578635811805725, -0.0746680274605751, -0.09083369374275208, -3.3428242451198623e+38
0.7451269030570984, -0.03346557170152664, -0.08645573258399963, nan
0.7451125383377075, -0.05263644456863403, -0.06685468554496765, -2.4087160454068203e+38
0.7507654428482056, 0.005119021050632, -0.08794854581356049, -2.435353136763392e+38
0.7619197368621826, -0.014896553009748459, -0.07088276743888855, -3.3695136650932115e+38
0.7352573871612549, 0.043070077896118164, -0.0834045559167862, -3.2360174817952246e+38
0.7411799430847168, 0.024290941655635834, -0.06549111008644104, -3.2893944963250587e+38
0.7292129993438721, 0.0801466554403305, -0.08201685547828674, -2.875874295436656e+38
0.7306748032569885, 0.061310313642024994, -0.06301432102918625, -2.6088825373129705e+38
0.7241249680519104, 0.09806261211633682, -0.08081135153770447, -3.2894991535586135e+38
0.7223852872848511, 0.1160922721028328, -0.06171765923500061, -3.0360073672671186e+38
0.7642126083374023, 0.14734984934329987, -0.0939238965511322, -2.4220077168923813e+38
0.759111762046814, 0.16608202457427979, -0.07227258384227753, -3.3561161194295193e+38
0.7658712863922119, 0.2119559794664383, -0.09657236933708191, -2.36873495394791e+38
0.7705645561218262, 0.21310830116271973, -0.07659758627414703, -2.395423359800779e+38
0.7707128524780273, 0.23623335361480713, -0.09897594153881073, -3.2760502933986242e+38
0.7692668437957764, 0.2571965456008911, -0.07788750529289246, -3.3427206020067876e+38
0.748296320438385, 0.2695976793766022, -0.09401433169841766, -2.7021899372777057e+38
0.7443325519561768, 0.28864428400993347, -0.07305645942687988, -2.808944371985566e+38
0.7798218727111816, -0.20745864510536194, -0.05778124928474426, -3.009110458243524e+38
0.7830843925476074, -0.2082749456167221, -0.036904238164424896, -2.9825254926796336e+38
0.8005130290985107, -0.17032629251480103, -0.06115307658910751, -3.342772119327181e+38
0.8041428327560425, -0.17108431458473206, -0.03968585282564163, -3.3428242451198623e+38
0.8053005933761597, -0.12671346962451935, -0.061239294707775116, -2.755617860655645e+38
0.8073256015777588, -0.1493835300207138, -0.03983171284198761, -3.1159168159199696e+38
0.7427923679351807, -0.0714062973856926, -0.04696071147918701, -3.3561686508703928e+38
0.7803720235824585, -0.09872646629810333, -0.034416645765304565, -3.396149133857015e+38
0.7341590523719788, -0.05095815658569336, -0.04487084597349167, -2.4354048569078813e+38
0.7353973388671875, -0.032133668661117554, -0.025985807180404663, nan
0.7449487447738647, 0.005214071366935968, -0.046904563903808594, -2.4887307597655142e+38
0.7464556097984314, -0.013951743021607399, -0.027835913002490997, -3.3695130566209234e+38
0.7301440238952637, 0.04246293753385544, -0.04378880560398102, -3.2894472305900282e+38
0.7336763143539429, 0.04262791574001312, -0.02563919872045517, -3.3027401190201655e+38
0.72783362865448, 0.06081746518611908, -0.0434151291847229, -2.6222790688561824e+38
0.7313281297683716, 0.06107346713542938, -0.025331705808639526, -2.6355196286695423e+38
0.7189998626708984, 0.09641847759485245, -0.04191512614488602, -3.30284376213324e+38
0.7193883657455444, 0.1150231882929802, -0.04229070246219635, -3.0626961787681797e+38
0.7255990505218506, 0.1354842334985733, -0.04399880766868591, -2.4486965283934424e+38
0.7419315576553345, 0.15957176685333252, -0.02842319756746292, -3.3428242451198623e+38
0.7785854339599609, 0.19365039467811584, -0.05659021437168121, -3.3294798393693317e+38
0.7877944707870483, 0.21896377205848694, -0.037486739456653595, -2.408715436934532e+38
0.7631576657295227, 0.25329405069351196, -0.055105820298194885, -3.329375993432161e+38
0.7825576066970825, 0.2393813282251358, -0.03708560764789581, -3.276050090574528e+38
0.7380813360214233, 0.2839714288711548, -0.051007241010665894, -2.8756661979141225e+38
0.7587566375732422, 0.27274009585380554, -0.033980004489421844, -2.7155850490522453e+38
0.7485034465789795, 0.31309640407562256, -0.05428173393011093, -3.3294277135766503e+38
0.7705833911895752, -0.24717088043689728, -0.01462901383638382, -3.2360168733229365e+38
0.763201892375946, -0.26557889580726624, 0.006803594529628754, -2.7289815805954573e+38
0.7680412530899048, -0.2233535796403885, -0.01381324976682663, -3.3828053365787725e+38
0.7875955104827881, -0.2094026803970337, 0.005438446998596191, -2.9959212129264614e+38
0.7916065454483032, -0.18875326216220856, -0.016232207417488098, -2.942492072603946e+38
0.8091702461242676, -0.17213377356529236, 0.003927163779735565, -3.3960980221848137e+38
0.7822870016098022, -0.12008216232061386, -0.01404271274805069, -2.8221837148543495e+38
0.7725213766098022, -0.13830457627773285, 0.007574450224637985, -3.1158657042477684e+38
0.7265375852584839, -0.06816171109676361, -0.0061707086861133575, -3.382857462371454e+38
0.7277814745903015, -0.08693373203277588, 0.012056984007358551, -3.3828047281064844e+38
0.7259300947189331, -0.04956008493900299, -0.0059600770473480225, -2.4354046540837853e+38
0.733036994934082, -0.03175806999206543, 0.011841949075460434, nan
0.741865873336792, -0.013664709404110909, -0.00792822614312172, -3.382857462371454e+38
0.7439724206924438, -0.013734880834817886, 0.010877225548028946, -3.3962018681219844e+38
0.7394751310348511, 0.024098819121718407, 0.011303562670946121, -3.316135433618801e+38
0.7385823726654053, 0.042857058346271515, 0.011355236172676086, -3.2896553281125617e+38
0.7341177463531494, 0.0612778440117836, -0.007001064717769623, -2.6355713488140316e+38
0.7361811399459839, 0.061428993940353394, 0.011521749198436737, -2.635779446336565e+38
0.7324426174163818, 0.1176125705242157, -0.007224481552839279, -3.062592130006913e+38
0.73404860496521, 0.09880091995000839, 0.011536426842212677, -3.3428248535921504e+38
0.7695608139038086, 0.16817393898963928, -0.012730978429317474, -3.382857462371454e+38
0.7566210627555847, 0.1433486044406891, 0.009150497615337372, -2.528815899985691e+38
0.7848899364471436, 0.19505803287029266, -0.015135809779167175, -3.3695645739413166e+38
0.8028594255447388, 0.2243531197309494, 0.004133928567171097, -2.408715436934532e+38
0.768683135509491, 0.25486254692077637, -0.014127910137176514, -3.3561686508703928e+38
0.7871215343475342, 0.2405921071767807, 0.005336567759513855, -3.2894981394381334e+38
0.7428773641586304, 0.28547030687332153, -0.011511124670505524, -2.9291476668534154e+38
0.7627696990966797, 0.2739415168762207, 0.007022112607955933, -2.742377503666381e+38
0.7431026697158813, 0.3081175982952118, -0.0120868980884552, -3.316135433618801e+38
0.744398832321167, 0.3315613269805908, 0.007662694901227951, -3.1959321387509516e+38
0.7534471750259399, -0.25974053144454956, 0.028152791783213615, -2.79570360934811e+38
0.7523720264434814, -0.23697684705257416, 0.028398288413882256, -3.2761022163672095e+38
0.7709494829177856, -0.22413112223148346, 0.02758544124662876, -3.3695130566209234e+38
0.7893450260162354, -0.20983970165252686, 0.04823806881904602, -2.995869289957876e+38
0.7948983907699585, -0.1895107924938202, 0.026639088988304138, -2.9425435899243392e+38
0.79544997215271, -0.1896377056837082, 0.04820439964532852, -2.9825248842073455e+38
0.75044846534729, -0.1115196943283081, 0.02929607592523098, -2.7954949033532884e+38
0.774388313293457, -0.13865140080451965, 0.04847410321235657, -3.1959317331027596e+38
0.7226680517196655, -0.06728300452232361, 0.03086971677839756, -3.3962018681219844e+38
0.7223235964775085, -0.08561387658119202, 0.049046970903873444, nan
0.7292079925537109, -0.049842000007629395, 0.030583862215280533, -2.4887822770859075e+38
0.7349065542221069, -0.03186985105276108, 0.048947811126708984, nan
0.7401816844940186, 0.005298605188727379, 0.030093040317296982, -2.5555043058385602e+38
0.7459008097648621, -0.013799123466014862, 0.04884019494056702, -3.3962018681219844e+38
0.7413934469223022, 0.024137241765856743, 0.04888760298490524, -3.3428763709125436e+38
0.7404921054840088, 0.04294624924659729, 0.048893414437770844, -3.329636419571472e+38
0.7375019788742065, 0.06152576208114624, 0.03017921932041645, -2.6624161320449447e+38
0.7413262724876404, 0.08095218241214752, 0.04886987432837486, -2.982577821296411e+38
0.7586199045181274, 0.12354274839162827, 0.028916819021105766, -3.1026255500826006e+38
0.7507097721099854, 0.10192643105983734, 0.04876178875565529, -3.3961505536256872e+38
0.7753704786300659, 0.1483938843011856, 0.048474326729774475, -2.5822450403082066e+38
0.8015866279602051, 0.17800956964492798, 0.048180364072322845, nan
0.7882751226425171, 0.19581346213817596, 0.027055246755480766, -3.382857462371454e+38
0.7944159507751465, 0.22058603167533875, 0.04820038750767708, -2.4220600455091587e+38
0.7883598804473877, 0.24092042446136475, 0.026748819276690483, -3.3428757624402555e+38
0.7888917922973633, 0.24106144905090332, 0.04822650924324989, -3.3561684480462968e+38
0.7454376816749573, 0.2862682342529297, 0.028484735637903214, -2.9558879956748698e+38
0.7643237113952637, 0.2744061052799225, 0.04841559752821922, -2.742377706490477e+38
0.7358565330505371, 0.3026827573776245, 0.028796406462788582, -3.356220168190786e+38
0.7355719804763794, 0.32498836517333984, 0.0486002154648304, -3.2359653560025433e+38
0.7645080089569092, -0.2659618854522705, 0.06922049075365067, -2.7556703920965183e+38
0.7519253492355347, -0.23685094714164734, 0.08886443078517914, -3.28944662211774e+38
0.7891696691513062, -0.20979590713977814, 0.06968264281749725, -2.9825250870314416e+38
0.770463228225708, -0.2240011990070343, 0.0900001972913742, nan
0.7952660322189331, -0.18959538638591766, 0.06978341937065125, -2.9959212129264614e+38
0.7888427972793579, -0.16503587365150452, 0.09072883427143097, -3.396305511235059e+38
0.7650775909423828, -0.1358729898929596, 0.06869032233953476, -3.1693984876833585e+38
0.7340117692947388, -0.10732491314411163, 0.08645099401473999, -2.7958072524611846e+38
0.7221486568450928, -0.08558988571166992, 0.06725571304559708, nan
0.722134530544281, -0.06722334027290344, 0.08539785444736481, nan
0.7347190380096436, -0.031858645379543304, 0.06755289435386658, nan
0.7286590337753296, -0.04979478567838669, 0.08579720556735992, -2.502126682836438e+38
0.7457073926925659, -0.013792682439088821, 0.06787562370300293, nan
0.7396070957183838, 0.005302436649799347, 0.0864829570055008, -2.6222786632079903e+38
0.7412010431289673, 0.024133386090397835, 0.06773340702056885, -3.3562731052798516e+38
0.7403005361557007, 0.042937301099300385, 0.06771600246429443, -3.3562731052798516e+38
0.7411371469497681, 0.08093336224555969, 0.06778669357299805, -2.969285338514466e+38
0.7369351387023926, 0.06148423254489899, 0.08636271953582764, -2.7424304407554466e+38
0.7505192160606384, 0.10190249979496002, 0.06811094284057617, -3.3828063506992527e+38
0.7590013742446899, 0.12360037863254547, 0.06841746717691422, -3.115969753009035e+38
0.8013875484466553, 0.17796975374221802, 0.06985516846179962, nan
0.7742108106613159, 0.14818982779979706, 0.08942701667547226, -2.6356222576621367e+38
0.7942303419113159, 0.2205405831336975, 0.06979545950889587, -2.4354048569078813e+38
0.7877086400985718, 0.19568708539009094, 0.09073743969202042, nan
0.7820239067077637, 0.2608170211315155, 0.0696096271276474, -3.382857462371454e+38
0.7878285646438599, 0.24077960848808289, 0.09116880595684052, -3.382857462371454e+38
0.7641680240631104, 0.2743595838546753, 0.06915059685707092, -2.7423259863459878e+38
0.7450098991394043, 0.2861349880695343, 0.08874449133872986, -2.969180884105007e+38
0.7261966466903687, 0.2966061234474182, 0.08760415017604828, -3.3962018681219844e+38
0.725181519985199, 0.3180745244026184, 0.08783053606748581, -3.2226209502520127e+38
0.7867237329483032, -0.20918484032154083, 0.1124057024717331, -3.035954633002149e+38
0.7927005290985107, -0.189005047082901, 0.11276368051767349, -3.0226102272516185e+38
0.7537660598754883, -0.1327604204416275, 0.10775052011013031, -3.2227241877168953e+38
0.722679853439331, -0.10476130992174149, 0.12245680391788483, -2.88911465242592e+38
0.7197109460830688, -0.08525551855564117, 0.1034957617521286, nan
0.718252420425415, -0.0667891725897789, 0.12135516852140427, nan
0.7321068048477173, -0.03170245885848999, 0.1045696809887886, nan
0.724665641784668, -0.04945133626461029, 0.122197724878788, -2.595537928738344e+38
0.7430129051208496, -0.01370292529463768, 0.10574644804000854, nan
0.735429048538208, 0.005330317188054323, 0.12364520877599716, -2.7022931747425882e+38
0.7385207414627075, 0.02407969906926155, 0.1052255928516388, -3.3828059450510606e+38
0.7376322746276855, 0.04281267523765564, 0.10516279935836792, -3.3963063225314432e+38
0.7352413535118103, 0.06136015057563782, 0.10496017336845398, -2.755774846505977e+38
0.7328125238418579, 0.06118221580982208, 0.1233939528465271, -2.769275426810456e+38
0.7403798699378967, 0.10010428726673126, 0.10576566308736801, nan
0.7460713386535645, 0.12096647173166275, 0.12596946954727173, -3.169451424772424e+38
0.7724790573120117, 0.14788506925106049, 0.10977542400360107, -2.6490191948535407e+38
0.7986116409301758, 0.17741453647613525, 0.11300518363714218, nan
0.8019188642501831, 0.2241227924823761, 0.11399363726377487, -2.4354565770523707e+38
0.7862393856048584, 0.24035821855068207, 0.11252887547016144, -3.3695130566209234e+38
0.7839559316635132, 0.23975242674350739, 0.1337462216615677, -3.3562726996316595e+38
0.7619948983192444, 0.2737097442150116, 0.11047860980033875, -2.7823592035975794e+38
0.7265894412994385, -0.031372569501399994, 0.14094209671020508, nan
0.7373228669166565, -0.013513373211026192, 0.14295081794261932, nan
0.725891649723053, 0.0237513966858387, 0.14069223403930664, -3.3164993000470907e+38
0.7319976091384888, 0.042549505829811096, 0.14194869995117188, -3.3831176856866687e+38
0.7296674251556396, 0.060951799154281616, 0.14160768687725067, -2.8358930011536497e+38
