(0.3498033285140991, -0.0673556923866272, -0.2850461006164551, -2.421750535938607e+38)
(0.35551178455352783, -0.06227301061153412, -0.28661203384399414, -2.448439347439668e+38)
(0.35238027572631836, -0.05473177880048752, -0.29105299711227417, -2.421750333114511e+38)
(0.3568267822265625, -0.055791959166526794, -0.2895851135253906, -2.421750535938607e+38)
(0.35362565517425537, -0.04084855318069458, -0.29181957244873047, -2.39506152161345e+38)
(0.358146071434021, -0.041703805327415466, -0.29049789905548096, -2.3684767588736555e+38)
(0.353296160697937, -0.019222671166062355, -0.28503936529159546, -2.5282968731239337e+38)
(0.35779687762260437, -0.01972852274775505, -0.28390634059906006, -2.488263858696438e+38)
(0.35340631008148193, -0.005405467003583908, -0.28360891342163086, -2.461731018925229e+38)
(0.3579162359237671, -0.005675382912158966, -0.2825501561164856, -2.4483868159987946e+38)
(0.35388123989105225, 0.0017547588795423508, -0.2646667957305908, -2.461731018925229e+38)
(0.3532678484916687, 0.008365699090063572, -0.2618227005004883, -2.461731018925229e+38)
(0.3522459864616394, 0.0217822827398777, -0.27798670530319214, -2.4349906901037748e+38)
(0.35673391819000244, 0.015135993249714375, -0.27681463956832886, -2.461679501604836e+38)
(0.35181164741516113, 0.03521789610385895, -0.2775948643684387, -2.421750333114511e+38)
(0.35741549730300903, 0.029056034982204437, -0.28074657917022705, -2.408353801571299e+38)
(0.3552190363407135, 0.05084442347288132, -0.29624122381210327, -2.3818732904168674e+38)
(0.3608406186103821, 0.05206472426652908, -0.29937779903411865, -2.435146459009531e+38)
(0.35366642475128174, 0.05722014605998993, -0.2909320592880249, -2.381976933529942e+38)
(0.3583446145057678, 0.06559055298566818, -0.2924959659576416, -2.3951655703747166e+38)
(0.3528980612754822, 0.07142075896263123, -0.29211103916168213, -2.421749927466319e+38)
(0.3519037961959839, 0.07807392627000809, -0.29026055335998535, -2.4216978016736375e+38)
(0.35080602765083313, 0.084602952003479, -0.2881855368614197, -2.4349379558388053e+38)
(0.35519924759864807, 0.08583541214466095, -0.2867774963378906, -2.39506152161345e+38)
(0.357881635427475, -0.07714148610830307, -0.2825172543525696, -2.3815617526053554e+38)
(0.35848432779312134, -0.0698329284787178, -0.2816983461380005, -2.3815617526053554e+38)
(0.3645511865615845, -0.06464119255542755, -0.2831956744194031, -2.4084061301880765e+38)
(0.36137545108795166, -0.056875891983509064, -0.2880094051361084, -2.4084061301880765e+38)
(0.36738693714141846, -0.05115002393722534, -0.28921079635620117, -2.3951136474061313e+38)
(0.36380764842033386, -0.03563311696052551, -0.2913864254951477, -2.4083018786027137e+38)
(0.3686102330684662, -0.03642012178897858, -0.2899090051651001, -2.43504261307236e+38)
(0.36341363191604614, -0.02061501517891884, -0.2867671251296997, -2.4483350958543053e+38)
(0.3682011663913727, -0.021153025329113007, -0.28541839122772217, -2.4750239073553664e+38)
(0.36254215240478516, -0.00595223531126976, -0.2813972234725952, -2.4750239073553664e+38)
(0.36780640482902527, -0.013644412159919739, -0.2828783392906189, -2.4617316273975172e+38)
(0.35826966166496277, 0.0016085617244243622, -0.26359689235687256, -2.4483350958543053e+38)
(0.36300474405288696, 0.008287942968308926, -0.26313310861587524, -2.4083018786027137e+38)
(0.36125409603118896, 0.022203583270311356, -0.2758963704109192, -2.4615233270508877e+38)
(0.36597657203674316, 0.015321191400289536, -0.2745392322540283, -2.435042815896456e+38)
(0.36776769161224365, 0.029973790049552917, -0.28232258558273315, -2.474815607008737e+38)
(0.367435485124588, 0.037205278873443604, -0.28193163871765137, -2.474815201360545e+38)
(0.3656567633152008, 0.05280119180679321, -0.2981140613555908, -2.4483864103506026e+38)
(0.37124109268188477, 0.04608391225337982, -0.29774320125579834, -2.448282564413432e+38)
(0.3640337586402893, 0.06724058836698532, -0.29538285732269287, -2.4084059273639804e+38)
(0.3698049783706665, 0.060944609344005585, -0.29546481370925903, -2.4084059273639804e+38)
(0.3619067668914795, 0.08123839646577835, -0.29163217544555664, -2.39506152161345e+38)
(0.3678184747695923, 0.07540470361709595, -0.2921105623245239, -2.3817171158629193e+38)
(0.3606661558151245, 0.0880359336733818, -0.2893950939178467, -2.3817171158629193e+38)
(0.36531955003738403, 0.08933950215578079, -0.28774428367614746, -2.3817171158629193e+38)
(0.36336833238601685, 0.1037798598408699, -0.286581814289093, -2.39506152161345e+38)
(0.3683778941631317, -0.08998104184865952, -0.287844717502594, -2.408354207219491e+38)
(0.3739107847213745, -0.08374059945344925, -0.2850140929222107, -2.3681652210621434e+38)
(0.3686695694923401, -0.07347608357667923, -0.28215938806533813, -2.394906158355886e+38)
(0.373399019241333, -0.07482161372900009, -0.2800317406654358, -2.394906158355886e+38)
(0.37078356742858887, -0.059115953743457794, -0.2845078706741333, -2.395061724437546e+38)
(0.3771724998950958, -0.05324156582355499, -0.28560489416122437, -2.421750333114511e+38)
(0.3735363781452179, -0.04508180916309357, -0.2901865243911743, -2.4085621019179285e+38)
(0.37856361269950867, -0.04603181779384613, -0.2883874177932739, -2.3818732904168674e+38)
(0.3809087872505188, -0.031139275059103966, -0.29314547777175903, -2.381821164624186e+38)
(0.38058188557624817, -0.023073771968483925, -0.2907564640045166, -2.3817692416556007e+38)
(0.3738219439983368, -0.014358293265104294, -0.28554266691207886, -2.4084059273639804e+38)
(0.3794952630996704, -0.007233990356326103, -0.2853354811668396, -2.3817690388315047e+38)
(0.36938515305519104, 0.0011060331016778946, -0.2683621048927307, -2.39506152161345e+38)
(0.3744962215423584, 0.008184826001524925, -0.26768815517425537, -2.3951136474061313e+38)
(0.37287062406539917, 0.022944752126932144, -0.2811139225959778, -2.4349385643110934e+38)
(0.3768158257007599, 0.015580320730805397, -0.27563804388046265, -2.3817692416556007e+38)
(0.37232065200805664, 0.03769421577453613, -0.2805767059326172, -2.43488603287022e+38)
(0.37886080145835876, 0.030949607491493225, -0.28349798917770386, -2.4482310470930386e+38)
(0.37565386295318604, 0.0543295219540596, -0.2952539324760437, -2.3685280733699528e+38)
(0.3815622925758362, 0.04739002138376236, -0.2947174310684204, -2.3817167102147273e+38)
(0.3748197555541992, 0.061841972172260284, -0.2939331531524658, -2.3683727101123888e+38)
(0.3801460266113281, 0.07103579491376877, -0.29489457607269287, -2.3683727101123888e+38)
(0.3727192282676697, 0.07653296738862991, -0.2904704213142395, -2.3683727101123888e+38)
(0.377597838640213, 0.08586632460355759, -0.29071635007858276, -2.4084059273639804e+38)
(0.3711898624897003, 0.09166738390922546, -0.29016268253326416, -2.39506152161345e+38)
(0.37611350417137146, 0.09304453432559967, -0.2882344722747803, -2.39506152161345e+38)
(0.3680158853530884, 0.10530224442481995, -0.2846294641494751, -2.3817171158629193e+38)
(0.3662604093551636, 0.11183515936136246, -0.2815302014350891, -2.3817167102147273e+38)
(0.3875007629394531, -0.10907342284917831, -0.2994422912597656, -2.3816130671016526e+38)
(0.380076140165329, -0.08650265634059906, -0.2871134877204895, -2.408041858111595e+38)
(0.3855653405189514, -0.09757746011018753, -0.28943008184432983, -2.394957472852183e+38)
(0.3808259963989258, -0.07847639173269272, -0.2865425944328308, -2.421490109799296e+38)
(0.3879442811012268, -0.0728418380022049, -0.28787004947662354, -2.3816130671016526e+38)
(0.38354501128196716, -0.05514887720346451, -0.28793811798095703, -2.38182096180009e+38)
(0.38843998312950134, -0.06455361843109131, -0.28692877292633057, -2.355027898713666e+38)
(0.3850373923778534, -0.04773499816656113, -0.2908192276954651, -2.3685806048108262e+38)
(0.39036381244659424, -0.0487409383058548, -0.28871798515319824, -2.36858040198673e+38)
(0.38719621300697327, -0.024091700091958046, -0.2933332920074463, -2.341840073165276e+38)
(0.392669677734375, -0.02470662258565426, -0.29142481088638306, -2.3683725072882928e+38)
(0.3935530483722687, -0.01667446829378605, -0.293168306350708, -2.3683727101123888e+38)
(0.3928322196006775, -0.008312538266181946, -0.29026907682418823, -2.395061724437546e+38)
(0.3839402198791504, 0.00033781491219997406, -0.2807121276855469, -2.368528884666337e+38)
(0.38958311080932617, 0.008027513511478901, -0.2797526717185974, -2.36842483590507e+38)
(0.3843015432357788, 0.02358177676796913, -0.2820635437965393, -2.4083018786027137e+38)
(0.39103734493255615, 0.015997152775526047, -0.2842387557029724, -2.368528479018145e+38)
(0.3907374143600464, 0.03198673576116562, -0.28419601917266846, -2.4483866131746986e+38)
(0.3916521370410919, 0.04030213877558708, -0.2878039479255676, -2.4349902844555827e+38)
(0.3861497938632965, 0.05593352019786835, -0.29189980030059814, -2.3685280733699528e+38)
(0.39239898324012756, 0.04876101762056351, -0.2911689281463623, -2.3817171158629193e+38)
(0.3854096531867981, 0.07211266458034515, -0.29302871227264404, -2.3817171158629193e+38)
(0.3907952308654785, 0.0732140839099884, -0.29101866483688354, -2.4083018786027137e+38)
(0.38413816690444946, 0.07971938699483871, -0.2910129427909851, -2.421750333114511e+38)
(0.3894495666027069, 0.0809403732419014, -0.28894054889678955, -2.4216984101459256e+38)
(0.38370439410209656, 0.09658809751272202, -0.29476600885391235, -2.368528884666337e+38)
(0.3889720141887665, 0.09805883467197418, -0.2924916744232178, -2.39506152161345e+38)
(0.38006359338760376, 0.11092080920934677, -0.2887391448020935, -2.4084059273639804e+38)
(0.38171932101249695, 0.11813008785247803, -0.27865421772003174, -2.39506152161345e+38)
(0.3943091034889221, -0.11263171583414078, -0.30138659477233887, -2.381821164624186e+38)
(0.4000529646873474, -0.12516075372695923, -0.30313581228256226, -2.355027898713666e+38)
(0.394783079624176, -0.09376705437898636, -0.2958196997642517, -2.3950098014689606e+38)
(0.403633713722229, -0.09844602644443512, -0.302722692489624, -2.4084061301880765e+38)
(0.39473044872283936, -0.07534554600715637, -0.28986382484436035, -2.3816130671016526e+38)
(0.4018060564994812, -0.07794350385665894, -0.29173916578292847, -2.3683727101123888e+38)
(0.3952556848526001, -0.06681700795888901, -0.2889624238014221, -2.355027898713666e+38)
(0.4043867290019989, -0.061323270201683044, -0.29437118768692017, -2.3683723044641967e+38)
(0.39731407165527344, -0.05054596811532974, -0.2908857464790344, -2.3551840732676143e+38)
(0.40456849336624146, -0.05242101103067398, -0.2929443120956421, -2.3817167102147273e+38)
(0.39978426694869995, -0.025787649676203728, -0.2937508225440979, -2.3149950871102666e+38)
(0.4055907130241394, -0.026439866051077843, -0.29150712490081787, -2.3416841014354237e+38)
(0.39846354722976685, -0.008649539202451706, -0.2883085012435913, -2.368372912936485e+38)
(0.40500277280807495, -0.017661429941654205, -0.28897637128829956, -2.301650884183832e+38)
(0.39754384756088257, -0.0002674208953976631, -0.28522539138793945, -2.4084061301880765e+38)
(0.40363189578056335, 0.00790337659418583, -0.2839587330818176, -2.3683213956160915e+38)
(0.3979565501213074, 0.024432707577943802, -0.28659921884536743, -2.4216462843532442e+38)
(0.40531057119369507, 0.016376465559005737, -0.28860288858413696, -2.3816136755739407e+38)
(0.3976948857307434, 0.032666489481925964, -0.28639715909957886, -2.4481789213003572e+38)
(0.3972354829311371, 0.040860701352357864, -0.2858675718307495, -2.4482310470930386e+38)
(0.3971559405326843, 0.057614848017692566, -0.2879846692085266, -2.3551842760917103e+38)
(0.403761625289917, 0.050198182463645935, -0.287026584148407, -2.3683201786715153e+38)
(0.3963032364845276, 0.07434011995792389, -0.2888554334640503, -2.3949053470595018e+38)
(0.4032542109489441, 0.06735887378454208, -0.28842872381210327, -2.3680603610044926e+38)
(0.3963177800178528, 0.08309204876422882, -0.29097670316696167, -2.394957472852183e+38)
(0.3961542248725891, 0.09188677370548248, -0.2928439974784851, -2.4216462843532442e+38)
(0.3968176543712616, 0.11084315180778503, -0.300423800945282, -2.3683727101123888e+38)
(0.4024015963077545, 0.11253147572278976, -0.29762476682662964, -2.368268661351122e+38)
(0.3946210443973541, 0.11835596710443497, -0.2969633936882019, -2.3550283043618582e+38)
(0.39917218685150146, 0.12903036177158356, -0.29483431577682495, -2.3817171158629193e+38)
(0.38839849829673767, 0.13103528320789337, -0.28488844633102417, -2.3817171158629193e+38)
(0.3937651813030243, 0.14305157959461212, -0.28642064332962036, -2.3416838986113277e+38)
(0.4132603406906128, -0.14264430105686188, -0.30570125579833984, -2.3950611159652578e+38)
(0.4073534905910492, -0.12921921908855438, -0.30471837520599365, -2.3817165073906312e+38)
(0.41495025157928467, -0.13342349231243134, -0.30613434314727783, -2.4084055217157883e+38)
(0.41310256719589233, -0.10342708975076675, -0.3098297119140625, -2.39506152161345e+38)
(0.4232426583766937, -0.10873647034168243, -0.3171486258506775, -2.3817171158629193e+38)
(0.4120906591415405, -0.09250686317682266, -0.30403512716293335, -2.3817171158629193e+38)
(0.4220661520957947, -0.09725413471460342, -0.31106412410736084, -2.39506152161345e+38)
(0.41339242458343506, -0.0738784521818161, -0.30231672525405884, -2.3683723044641967e+38)
(0.4258308410644531, -0.06910015642642975, -0.31313711404800415, -2.3817171158629193e+38)
(0.41576021909713745, -0.05613282322883606, -0.30442947149276733, -2.4216978016736375e+38)
(0.4238637685775757, -0.048524074256420135, -0.3045673966407776, -2.381665192894334e+38)
(0.4115292429924011, -0.027106838300824165, -0.2890927195549011, -2.3416841014354237e+38)
(0.4198131263256073, -0.03758653998374939, -0.2931020259857178, -2.394957675676279e+38)
(0.4117676615715027, -0.009591162204742432, -0.28815722465515137, -2.3282881783645e+38)
(0.41787952184677124, -0.00995689444243908, -0.2856674790382385, -2.3416327869391265e+38)
(0.4111241400241852, 0.007837623357772827, -0.2858954071998596, -2.354977598337849e+38)
(0.418533056974411, -0.0011263219639658928, -0.28686589002609253, -2.3417372413485853e+38)
(0.41121017932891846, 0.02516254037618637, -0.28647381067276, -2.394750186626034e+38)
(0.4173908233642578, 0.016618501394987106, -0.2839427590370178, -2.408198843961927e+38)
(0.4109116792678833, 0.03381001949310303, -0.28623366355895996, -2.3946976551851604e+38)
(0.4103878140449524, 0.04241182655096054, -0.28564363718032837, -2.4214381868307108e+38)
(0.41027727723121643, 0.059987738728523254, -0.28762054443359375, -2.3683201786715153e+38)
(0.4173426628112793, 0.05222085118293762, -0.2863888144493103, -2.4482308442689425e+38)
(0.40908557176589966, 0.06840057671070099, -0.285988450050354, -2.408093578256084e+38)
(0.409288227558136, 0.07750201970338821, -0.28826504945755005, -2.394801298298235e+38)
(0.40908563137054443, 0.09584730118513107, -0.29199039936065674, -2.4081457040487656e+38)
(0.41695040464401245, 0.08901900798082352, -0.29182589054107666, -2.4614712012582064e+38)
(0.4103778600692749, 0.10630109161138535, -0.2980109453201294, -2.394957472852183e+38)
(0.41334789991378784, 0.11852855980396271, -0.30893152952194214, -2.368268661351122e+38)
(0.41165781021118164, 0.13772329688072205, -0.31099194288253784, -2.421750333114511e+38)
(0.4175451993942261, 0.13976168632507324, -0.3073733448982239, -2.3817171158629193e+38)
(0.40519267320632935, 0.1416446566581726, -0.2967085838317871, -2.39506152161345e+38)
(0.4093535542488098, 0.15277981758117676, -0.29315096139907837, -2.3683727101123888e+38)
(0.406015545129776, 0.15968291461467743, -0.28821319341659546, -2.3416838986113277e+38)
(0.4316149950027466, -0.15466783940792084, -0.3137360215187073, -2.395061724437546e+38)
(0.4310692846775055, -0.14228840172290802, -0.3083970546722412, -2.39506152161345e+38)
(0.43524789810180664, -0.13474425673484802, -0.3146091103553772, -2.3683727101123888e+38)
(0.4341128170490265, -0.11440335959196091, -0.3246878385543823, -2.3550283043618582e+38)
(0.43927812576293945, -0.12677259743213654, -0.32058918476104736, -2.3683727101123888e+38)
(0.435105562210083, -0.1040482446551323, -0.3240264654159546, -2.3550285071859543e+38)
(0.44503268599510193, -0.09701036661863327, -0.3248513340950012, -2.381665598542526e+38)
(0.4344969689846039, -0.07164344936609268, -0.31503260135650635, -2.3683727101123888e+38)
(0.4431542754173279, -0.08484067022800446, -0.3180729150772095, -2.3683211927919955e+38)
(0.4345250725746155, -0.05125203728675842, -0.3114622235298157, -2.3550283043618582e+38)
(0.44134461879730225, -0.06269443035125732, -0.30987221002578735, -2.3416841014354237e+38)
(0.4260920286178589, -0.038453660905361176, -0.29019033908843994, -2.394957675676279e+38)
(0.42566341161727905, -0.028983240947127342, -0.28807681798934937, -2.394957675676279e+38)
(0.42596468329429626, -0.01058988831937313, -0.2872772812843323, -2.381665801366622e+38)
(0.4324299097061157, -0.010976750403642654, -0.2843589782714844, -2.3416325841150305e+38)
(0.4248223900794983, -0.001335861161351204, -0.28420907258987427, -2.3417891643171707e+38)
(0.43171465396881104, 0.007684069685637951, -0.28221195936203003, -2.2750150097718366e+38)
(0.42535579204559326, 0.025936782360076904, -0.28562551736831665, -2.3946978580092564e+38)
(0.4319043457508087, 0.01695769652724266, -0.2826879024505615, -2.288203038144323e+38)
(0.4244154989719391, 0.044056057929992676, -0.2846900224685669, -2.3947491725055536e+38)
(0.4314556121826172, 0.03549569845199585, -0.28247952461242676, -2.341319829358942e+38)
(0.4235641062259674, 0.05300729721784592, -0.2836676836013794, -2.3814568925477045e+38)
(0.429918110370636, 0.053810395300388336, -0.280742347240448, -2.3282354440995304e+38)
(0.4231002628803253, 0.08084341883659363, -0.2869054079055786, -2.394801298298235e+38)
(0.43108057975769043, 0.0732262134552002, -0.28594815731048584, -2.3015466325984693e+38)
(0.43125075101852417, 0.09291545301675797, -0.2899067997932434, -2.354715955253962e+38)
(0.4309689402580261, 0.10279985517263412, -0.29142504930496216, -2.3282354440995304e+38)
(0.42752644419670105, 0.12374987453222275, -0.3070112466812134, -2.2617736386620926e+38)
(0.4367145895957947, 0.11695568263530731, -0.3070644736289978, -2.3149950871102666e+38)
(0.4276689887046814, 0.14563648402690887, -0.313851535320282, -2.328339492860797e+38)
(0.4339049160480499, 0.1477871537208557, -0.3096570372581482, -2.274961869858675e+38)
(0.4242742657661438, 0.1535910665988922, -0.3090282082557678, -2.3416838986113277e+38)
(0.4287249445915222, 0.16568242013454437, -0.30471664667129517, -2.2883062756092055e+38)
(0.42270439863204956, 0.1706899106502533, -0.29416173696517944, -2.3149950871102666e+38)
(0.4636705815792084, -0.20847763121128082, -0.3564196825027466, -2.301650275711544e+38)
(0.4435752034187317, -0.1760982722043991, -0.32668787240982056, -2.3550794160340594e+38)
(0.4582523703575134, -0.17436841130256653, -0.3349919319152832, -2.355027898713666e+38)
(0.439609557390213, -0.14695866405963898, -0.30920612812042236, -2.368372912936485e+38)
(0.45046573877334595, -0.1414441615343094, -0.3103974461555481, -2.3283396956848932e+38)
(0.4498007297515869, -0.1204066351056099, -0.32165175676345825, -2.3149954927584587e+38)
(0.4550260305404663, -0.1332506537437439, -0.3166894316673279, -2.3149437726139694e+38)
(0.4545755982398987, -0.10049425810575485, -0.3263924717903137, -2.354976989865561e+38)
(0.4606488049030304, -0.11349479854106903, -0.32237309217453003, -2.2881000035035364e+38)
(0.44795963168144226, -0.07451078295707703, -0.3074915409088135, -2.3683213956160915e+38)
(0.4623628258705139, -0.09111878275871277, -0.32081282138824463, -2.3415289410019558e+38)
(0.4435478448867798, -0.05174291878938675, -0.29463011026382446, -2.3282881783645e+38)
(0.4502790570259094, -0.06320303678512573, -0.2922213077545166, -2.3816130671016526e+38)
(0.44283682107925415, -0.03151284158229828, -0.29071247577667236, -2.368268864175218e+38)
(0.4496845602989197, -0.032281555235385895, -0.2871396541595459, -2.3415285353537637e+38)
(0.4399944543838501, -0.021113773807883263, -0.28386497497558594, -2.381665801366622e+38)
(0.44790422916412354, -0.012055698782205582, -0.2821369767189026, -2.328288381188596e+38)
(0.4383070468902588, 0.007640077732503414, -0.2791510820388794, -2.32844475856664e+38)
(0.44503480195999146, 0.0075951823964715, -0.2758619785308838, -2.26167040119721e+38)
(0.4384172558784485, 0.02654743380844593, -0.2797122597694397, -2.3547686895189315e+38)
(0.4452492594718933, 0.01722506247460842, -0.27634382247924805, -2.2749103525382817e+38)
(0.4373602271080017, 0.04535031318664551, -0.2786927819252014, -2.3548202068393248e+38)
(0.44474512338638306, 0.036471374332904816, -0.2760887145996094, -2.3547682838707394e+38)
(0.4391188621520996, 0.06515534222126007, -0.28452616930007935, -2.3149429613175852e+38)
(0.4471728801727295, 0.056624941527843475, -0.28259021043777466, -2.3415277240573796e+38)
(0.43981242179870605, 0.08533681929111481, -0.2890610098838806, -2.368112486797174e+38)
(0.44629400968551636, 0.07640668004751205, -0.2833523750305176, -2.3281318009864558e+38)
(0.443822979927063, 0.10830020159482956, -0.3017929792404175, -2.3282354440995304e+38)
(0.44861429929733276, 0.09817903488874435, -0.2915579080581665, -2.341580052674157e+38)
(0.4472217261791229, 0.13268500566482544, -0.31445491313934326, -2.2750661214440378e+38)
(0.45483624935150146, 0.12379206717014313, -0.30894678831100464, -2.3549242556005915e+38)
(0.4462282061576843, 0.14343811571598053, -0.3153170943260193, -2.2349286526070834e+38)
(0.4515748620033264, 0.15638840198516846, -0.31104016304016113, -2.355132150299029e+38)
(0.43702220916748047, 0.1703314483165741, -0.3052369952201843, -2.301806450265492e+38)
(0.44316914677619934, 0.17268460988998413, -0.30017441511154175, -2.3817690388315047e+38)
(0.4284694194793701, 0.18487441539764404, -0.29368579387664795, -2.3418396675170837e+38)
(0.43647831678390503, 0.18990983068943024, -0.29354989528656006, -2.3416838986113277e+38)
(0.4740765690803528, -0.2155570685863495, -0.35734647512435913, -2.3416315699945503e+38)
(0.46923768520355225, -0.19538410007953644, -0.3422853350639343, -2.3550283043618582e+38)
(0.48228946328163147, -0.19005006551742554, -0.34342247247695923, -2.368372912936485e+38)
(0.4691653251647949, -0.15429332852363586, -0.3297511339187622, -2.3683727101123888e+38)
(0.4831264615058899, -0.16262871026992798, -0.3370860815048218, -2.3683727101123888e+38)
(0.467795193195343, -0.14027634263038635, -0.323508620262146, -2.368372912936485e+38)
(0.47651010751724243, -0.13109083473682404, -0.3178432583808899, -2.3683727101123888e+38)
(0.4707348346710205, -0.11750897020101547, -0.3232598900794983, -2.3814063893477914e+38)
(0.482380211353302, -0.10981430113315582, -0.32337677478790283, -2.39475038945013e+38)
(0.4725800156593323, -0.09444139897823334, -0.3218245506286621, -2.3547692979912196e+38)
(0.4806191325187683, -0.08445992320775986, -0.3156524896621704, -2.3547686895189315e+38)
(0.46485936641693115, -0.06773721426725388, -0.3029189705848694, -2.3682169412066327e+38)
(0.47214722633361816, -0.06910904496908188, -0.2982988953590393, -2.3280798780178704e+38)
(0.4595392942428589, -0.04423093795776367, -0.2898626923561096, -2.3814572981958966e+38)
(0.47682642936706543, -0.03698085993528366, -0.3029019832611084, -2.341268920510837e+38)
(0.4582386016845703, -0.023145688697695732, -0.285506010055542, -2.3148405351490868e+38)
(0.4772009253501892, -0.014816239476203918, -0.30209964513778687, -2.2880993950312483e+38)
(0.4540783166885376, 0.007518274709582329, -0.2764713168144226, -2.301651087007928e+38)
(0.46833038330078125, 0.007370883598923683, -0.2855578660964966, -2.354976178569177e+38)
(0.4541967809200287, 0.027400828897953033, -0.27701544761657715, -2.3816130671016526e+38)
(0.4685670733451843, 0.01789858005940914, -0.286038339138031, -2.3416315699945503e+38)
(0.45375531911849976, 0.037314463406801224, -0.27665650844573975, -2.3814568925477045e+38)
(0.46707138419151306, 0.0493488609790802, -0.28480005264282227, -2.3547682838707394e+38)
(0.45487532019615173, 0.06795598566532135, -0.28153669834136963, -2.3413200321830382e+38)
(0.4683161675930023, 0.060310132801532745, -0.2879791855812073, -2.3279754236084116e+38)
(0.45790135860443115, 0.09016591310501099, -0.29033756256103516, -2.341424283768401e+38)
(0.46981120109558105, 0.08259432017803192, -0.2932394742965698, -2.327872186143529e+38)
(0.4650459289550781, 0.11610923707485199, -0.30825966596603394, -2.3682167383825367e+38)
(0.47266680002212524, 0.10647774487733841, -0.3019893765449524, -2.3413202350071342e+38)
(0.4635487496852875, 0.13864491879940033, -0.31043773889541626, -2.381664990070238e+38)
(0.47442781925201416, 0.13113336265087128, -0.3097999691963196, -2.36811268962127e+38)
(0.4623710811138153, 0.1498250663280487, -0.31104177236557007, -2.341579849850061e+38)
(0.4677410125732422, 0.16324687004089355, -0.30583351850509644, -2.381404969579119e+38)
(0.45191633701324463, 0.17753508687019348, -0.30008506774902344, -2.368268661351122e+38)
(0.46308737993240356, 0.1718306690454483, -0.3002331256866455, -2.381404969579119e+38)
(0.444760262966156, 0.19509926438331604, -0.29313522577285767, -2.3549244584246875e+38)
(0.45067471265792847, 0.1975403130054474, -0.287142276763916, -2.1013807491646072e+38)
(0.4961792528629303, -0.23053887486457825, -0.358281672000885, -2.3683203814956114e+38)
(0.49975553154945374, -0.24586428701877594, -0.348472535610199, -2.3547684866948355e+38)
(0.5063238143920898, -0.22051312029361725, -0.3506332039833069, -2.328183723955041e+38)
(0.504763662815094, -0.2033034861087799, -0.3434727191925049, -2.3415281297055717e+38)
(0.5000230669975281, -0.18788647651672363, -0.35190510749816895, -2.394957675676279e+38)
(0.5143757462501526, -0.18122734129428864, -0.3523387908935547, -2.3547686895189315e+38)
(0.4980143904685974, -0.14333327114582062, -0.3375564217567444, -2.381509626812674e+38)
(0.5078884363174438, -0.16136136651039124, -0.33762127161026, -2.3547686895189315e+38)
(0.4957578778266907, -0.12830592691898346, -0.33058321475982666, -2.434731075260848e+38)
(0.50115966796875, -0.11578104645013809, -0.3176075220108032, -2.36795712353961e+38)
(0.4909018278121948, -0.09970506280660629, -0.31702524423599243, -2.381353452258726e+38)
(0.5028702020645142, -0.09083124995231628, -0.316114604473114, -2.2879951434458855e+38)
(0.49180567264556885, -0.07544857263565063, -0.31471288204193115, -2.3413206406553263e+38)
(0.4997555613517761, -0.07694415748119354, -0.3091670870780945, -2.2747032691362284e+38)
(0.491316556930542, -0.0512450635433197, -0.3109539747238159, -2.354561403292782e+38)
(0.49053826928138733, -0.03924816846847534, -0.30851900577545166, -2.3813023405865247e+38)
(0.49090123176574707, -0.016010252758860588, -0.3076537251472473, -2.341424486592497e+38)
(0.5006491541862488, -0.02861971966922283, -0.30586063861846924, -2.3413206406553263e+38)
(0.4889882802963257, -0.004303233698010445, -0.3039812445640564, -2.3548202068393248e+38)
(0.49476388096809387, 0.007118004374206066, -0.29512321949005127, -2.368112081148982e+38)
(0.47592687606811523, 0.028781969100236893, -0.2817920446395874, -2.314942555669393e+38)
(0.4836919903755188, 0.018201595172286034, -0.277197003364563, -2.3147348637950518e+38)
(0.4770631194114685, 0.050621576607227325, -0.28491300344467163, -2.31473547226734e+38)
(0.48567861318588257, 0.040432464331388474, -0.2811569571495056, -2.3279760320806997e+38)
(0.48883169889450073, 0.0636228695511818, -0.2878929376602173, -2.327872591791721e+38)
(0.4927716851234436, 0.07635530829429626, -0.2954865097999573, -2.261254206152143e+38)
(0.48302018642425537, 0.09776231646537781, -0.30028027296066284, -2.3145277803929985e+38)
(0.4907064735889435, 0.09932451695203781, -0.2950536608695984, -2.3012874234037347e+38)
(0.48590296506881714, 0.1110241487622261, -0.30720049142837524, -2.3546648435817608e+38)
(0.4931694269180298, 0.12495686113834381, -0.30306100845336914, -2.287943017653204e+38)
(0.4807015657424927, 0.14487163722515106, -0.30510109663009644, -2.28794220635682e+38)
(0.4923415780067444, 0.13708089292049408, -0.30399972200393677, -2.287943017653204e+38)
(0.4746156930923462, 0.1655927300453186, -0.3000198006629944, -2.3413721579757196e+38)
(0.4815356731414795, 0.16794878244400024, -0.29388725757598877, -2.3547686895189315e+38)
(0.4674326181411743, 0.18498991429805756, -0.2936021685600281, -2.328028360697477e+38)
(0.4739148020744324, 0.18743817508220673, -0.2871939539909363, -2.2747028634880364e+38)
(0.4565995931625366, 0.19997358322143555, -0.2808604836463928, -2.261409975057899e+38)
(0.46828973293304443, 0.19518257677555084, -0.2808341979980469, -2.301443800781779e+38)
(0.4510021507740021, 0.20669610798358917, -0.2742267847061157, -2.3147350666191478e+38)
(0.45937636494636536, 0.21214808523654938, -0.27253222465515137, -2.301339143548224e+38)
(0.5017005205154419, -0.24310381710529327, -0.3309863805770874, -2.328027143752901e+38)
(0.5081703662872314, -0.245636448264122, -0.32155483961105347, -2.301338535075936e+38)
(0.5134881138801575, -0.22323735058307648, -0.3418894410133362, -2.31473547226734e+38)
(0.5206109285354614, -0.22592692077159882, -0.3327730894088745, -2.3278196547026556e+38)
(0.526960551738739, -0.18767905235290527, -0.35216230154037476, -2.3279762349047958e+38)
(0.5349503755569458, -0.1903712898492813, -0.34362733364105225, -2.327872591791721e+38)
(0.513532280921936, -0.1480039358139038, -0.323674738407135, -2.3145281860411906e+38)
(0.5278924703598022, -0.16958265006542206, -0.32928383350372314, -2.274494968789599e+38)
(0.5167582035064697, -0.12213947623968124, -0.323481023311615, -2.3412161862458675e+38)
(0.523310661315918, -0.13736729323863983, -0.3164556622505188, -2.327716011589581e+38)
(0.5101553201675415, -0.10521270334720612, -0.31072133779525757, -2.3012874234037347e+38)
(0.5229471325874329, -0.09595377743244171, -0.30921149253845215, -2.2611501573908763e+38)
(0.5149614214897156, -0.06832239031791687, -0.31294888257980347, -2.2879955490940776e+38)
(0.523394763469696, -0.08283410221338272, -0.3081328868865967, -2.2612026888317498e+38)
(0.5067960023880005, -0.041072726249694824, -0.29790061712265015, -2.287891500332811e+38)
(0.5230100750923157, -0.056600265204906464, -0.3047729730606079, -2.287891500332811e+38)
(0.5056578516960144, -0.028768980875611305, -0.295320987701416, -2.3012874234037347e+38)
(0.5157283544540405, -0.017495818436145782, -0.291625440120697, -2.261254408976239e+38)
(0.5060677528381348, 0.007022105157375336, -0.2948154807090759, -2.314735269443244e+38)
(0.5144509077072144, 0.0069661615416407585, -0.28922539949417114, -2.2613065347689205e+38)
(0.4942544102668762, 0.0184682197868824, -0.2766600251197815, -2.274806506601111e+38)
(0.5020257830619812, 0.030130118131637573, -0.2713574171066284, -2.221429694895373e+38)
(0.501376748085022, 0.041584402322769165, -0.2708577513694763, -2.2480142548110713e+38)
(0.5032274723052979, 0.053516969084739685, -0.27422773838043213, -2.247961926194294e+38)
(0.49669206142425537, 0.06461481004953384, -0.2827121615409851, -2.2745988147267696e+38)
(0.5025781393051147, 0.07692409306764603, -0.27520090341567993, -2.261254206152143e+38)
(0.4982913136482239, 0.08874661475419998, -0.28763526678085327, -2.261254206152143e+38)
(0.5063461065292358, 0.10250072181224823, -0.2835800051689148, -2.2479098004016125e+38)
(0.5047177076339722, 0.1161096841096878, -0.3011094927787781, -2.287943017653204e+38)
(0.512725830078125, 0.11793264746665955, -0.29486823081970215, -2.2479098004016125e+38)
(0.49538519978523254, 0.1492471843957901, -0.2930365800857544, -2.221480400919382e+38)
(0.5076214671134949, 0.1412840485572815, -0.2914022207260132, -2.2212727090450407e+38)
(0.4905211329460144, 0.15883848071098328, -0.2878528833389282, -2.288202429672035e+38)
(0.4954659938812256, 0.17267481982707977, -0.28062278032302856, -2.541850187693382e+38)
(0.4804078936576843, 0.18988174200057983, -0.2804660201072693, -2.2481698208927313e+38)
(0.4929381012916565, 0.1840241551399231, -0.27970045804977417, -2.688638650949218e+38)
(0.47449350357055664, 0.19761614501476288, -0.27402812242507935, -2.194792197890609e+38)
(0.4837914705276489, 0.20297536253929138, -0.2718659043312073, -2.0613479375612077e+38)
(0.46798932552337646, 0.21774370968341827, -0.2704801559448242, -2.261254003328047e+38)
(0.4644280672073364, 0.2274121642112732, -0.26839011907577515, -2.261254206152143e+38)
(0.5053501129150391, -0.2542143762111664, -0.30194777250289917, -2.2877345144824786e+38)
(0.5187400579452515, -0.23607710003852844, -0.31383025646209717, -2.2877341088342865e+38)
(0.5208402276039124, -0.2505055069923401, -0.3016347885131836, -2.181084128535885e+38)
(0.5328526496887207, -0.23356135189533234, -0.3311563730239868, -2.3011312488497866e+38)
(0.5494340658187866, -0.22783906757831573, -0.33060163259506226, -2.1678439743707173e+38)
(0.5481887459754944, -0.19711312651634216, -0.34245848655700684, -2.301078717408913e+38)
(0.5530292987823486, -0.21395350992679596, -0.33189380168914795, -2.167791848578036e+38)
(0.5538297891616821, -0.18170993030071259, -0.32620275020599365, -2.2077729400369462e+38)
(0.5512858629226685, -0.1642094999551773, -0.31970614194869995, -2.1944285342864157e+38)
(0.5374656915664673, -0.12870657444000244, -0.31515657901763916, -2.2877343116583826e+38)
(0.5458219051361084, -0.13085803389549255, -0.3071340322494507, -2.1944281286382236e+38)
(0.5396518707275391, -0.10130727291107178, -0.31405138969421387, -2.221169065931966e+38)
(0.5472978949546814, -0.11705649644136429, -0.306965708732605, -2.1544470371793133e+38)
(0.5318443775177002, -0.0844215527176857, -0.30129480361938477, -2.2212211917246474e+38)
(0.5446728467941284, -0.07380242645740509, -0.29837024211883545, -2.11472657468381e+38)
(0.5278074145317078, -0.05676247179508209, -0.2929290533065796, -2.207877191622309e+38)
(0.5394947528839111, -0.04551360011100769, -0.28927820920944214, -2.087882197101089e+38)
(0.525870680809021, -0.03079267032444477, -0.28843098878860474, -2.1811362543285665e+38)
(0.5344561338424683, -0.03153221309185028, -0.2818526029586792, -2.114414834048202e+38)
(0.5264154076576233, 0.00686526857316494, -0.28808730840682983, -2.1678963029874948e+38)
(0.5379278063774109, -0.006147533655166626, -0.2854984998703003, -2.127811365591414e+38)
(0.5230120420455933, 0.031660065054893494, -0.28367793560028076, -2.1280711832584366e+38)
(0.5426746606826782, 0.03303314372897148, -0.2918969392776489, -2.0214214057841312e+38)
(0.512462854385376, 0.04260462522506714, -0.2694820761680603, -2.1146744488911286e+38)
(0.5112612843513489, 0.054319292306900024, -0.2684534192085266, -2.1146740432429366e+38)
(0.5095729827880859, 0.06587354093790054, -0.26693761348724365, -2.15455108594058e+38)
(0.5105029344558716, 0.07812988013029099, -0.26927632093429565, -2.1945321773994903e+38)
(0.5176331400871277, 0.10545844584703445, -0.2820441722869873, -2.1678958973393027e+38)
(0.5256869792938232, 0.09418153017759323, -0.27377259731292725, -1.9947847200757515e+38)
(0.5200610756874084, 0.1326403021812439, -0.28916388750076294, -2.1012783229961088e+38)
(0.5318204164505005, 0.13653910160064697, -0.28708213567733765, -1.9814918316456143e+38)
(0.5102461576461792, 0.15366216003894806, -0.279573917388916, -2.0348157062622868e+38)
(0.5213010311126709, 0.15807825326919556, -0.27721303701400757, -1.9680419573651447e+38)
(0.5024505853652954, 0.17503565549850464, -0.2734706401824951, -2.848769491714624e+38)
(0.5155143141746521, 0.16802316904067993, -0.2717418074607849, -2.288253744168332e+38)
(0.5000977516174316, 0.20055319368839264, -0.27608728408813477, -2.6488131255719676e+38)
(0.5100073218345642, 0.19162364304065704, -0.26962846517562866, -2.835478023053159e+38)
(0.49335402250289917, 0.20847944915294647, -0.26929938793182373, -1.9148199004446826e+38)
(0.4958336055278778, 0.22149285674095154, -0.25917112827301025, -2.034816923206863e+38)
(0.4883778393268585, 0.22820964455604553, -0.25189346075057983, -2.048057483020223e+38)
(0.48409754037857056, 0.23791639506816864, -0.24932681024074554, -2.0347654058864697e+38)
(0.5331908464431763, -0.2725042998790741, -0.28470760583877563, -2.1146231343948314e+38)
(0.5425428748130798, -0.25171995162963867, -0.3085057735443115, -2.1544478484756975e+38)
(0.5441122651100159, -0.26666179299354553, -0.2949220538139343, -2.154500582740667e+38)
(0.5527381300926208, -0.24412865936756134, -0.3183854818344116, -2.1678441771948134e+38)
(0.5703868865966797, -0.23836533725261688, -0.31703752279281616, -2.1013827774055676e+38)
(0.566667914390564, -0.22138772904872894, -0.3295174241065979, -2.1145190856335647e+38)
(0.5845246911048889, -0.2141314446926117, -0.3278167247772217, -2.1146235400430235e+38)
(0.5732682943344116, -0.19206660985946655, -0.3314703702926636, -2.1411555685178483e+38)
(0.5907430648803711, -0.18343430757522583, -0.329321026802063, -2.181189394241728e+38)
(0.5671963095664978, -0.15549682080745697, -0.31784844398498535, -2.154499771444283e+38)
(0.5871576070785522, -0.16433703899383545, -0.3221932649612427, -2.114571211426246e+38)
(0.5665454864501953, -0.10894080996513367, -0.31043100357055664, -2.1279152115285845e+38)
(0.597366213798523, -0.11976588517427444, -0.3278331160545349, -2.114675665835705e+38)
(0.5720020532608032, -0.09601227194070816, -0.3156152367591858, -2.0746941687286025e+38)
(0.591834545135498, -0.08574961125850677, -0.31790852546691895, -2.088143231712688e+38)
(0.5531708002090454, -0.06127304583787918, -0.2891894578933716, -2.0612980428335827e+38)
(0.5613017678260803, -0.04836338013410568, -0.27941465377807617, -2.1145720227226302e+38)
(0.5616585612297058, -0.021280566230416298, -0.2974376678466797, -2.1011229597385448e+38)
(0.5686657428741455, -0.035695724189281464, -0.2873604893684387, -2.1144677711372674e+38)
(0.5677077174186707, -0.0077325161546468735, -0.3045971393585205, -2.0612980428335827e+38)
(0.5686821937561035, 0.006443112622946501, -0.3056471347808838, -2.0347654058864697e+38)
(0.5786687135696411, 0.020877789705991745, -0.2981146574020386, -2.0347658115346618e+38)
(0.5783095359802246, 0.03537004441022873, -0.2979561686515808, -2.0347658115346618e+38)
(0.5726999640464783, 0.04917057603597641, -0.2918131947517395, -2.061454623035723e+38)
(0.5666172504425049, 0.06240696460008621, -0.28529828786849976, -2.061454623035723e+38)
(0.5407129526138306, 0.08462557196617126, -0.274103581905365, -2.0214741400491007e+38)
(0.5560051202774048, 0.07408842444419861, -0.2735881805419922, -2.0481102172851923e+38)
(0.553472101688385, 0.11637487262487411, -0.2929762005805969, -2.0348181401514392e+38)
(0.5621116161346436, 0.10373703390359879, -0.28315895795822144, -2.1145196941058528e+38)
(0.548093855381012, 0.14260396361351013, -0.2898102402687073, -2.048057888668415e+38)
(0.5618449449539185, 0.13254183530807495, -0.28601592779159546, -2.1011227569144488e+38)
(0.5425670146942139, 0.15409237146377563, -0.2848494052886963, -2.07474649734538e+38)
(0.5506693124771118, 0.15630735456943512, -0.27644211053848267, -2.1146748545393207e+38)
(0.5275792479515076, 0.18776407837867737, -0.27283942699432373, -2.875406785895292e+38)
(0.5504453182220459, 0.18589317798614502, -0.280941903591156, -2.2347197437881657e+38)
(0.5244358777999878, 0.1999426633119583, -0.2715560793876648, -2.8354267085568618e+38)
(0.5360270142555237, 0.2211890071630478, -0.2715640068054199, -2.648970314246396e+38)
(0.5095345973968506, 0.21656914055347443, -0.2577952742576599, -1.9282176489324707e+38)
(0.5018395185470581, 0.22386831045150757, -0.25063514709472656, -2.034921783264514e+38)
(0.4996040463447571, 0.23272785544395447, -0.23446132242679596, -2.0749543920438174e+38)
(0.49479830265045166, 0.24227404594421387, -0.23159722983837128, -2.021525048897206e+38)
(0.48980188369750977, 0.25143808126449585, -0.22856257855892181, -2.0347658115346618e+38)
(0.5512944459915161, -0.3070487380027771, -0.2932886481285095, -2.061349560153976e+38)
(0.5697034597396851, -0.30391597747802734, -0.2913200259208679, -2.127967742969458e+38)
(0.5745044946670532, -0.2747865915298462, -0.3092103600502014, -2.1411561769901364e+38)
(0.5882823467254639, -0.28392744064331055, -0.30474990606307983, -2.181189394241728e+38)
(0.5795553922653198, -0.2607947587966919, -0.3113842010498047, -2.181189191417632e+38)
(0.5986959338188171, -0.25486311316490173, -0.3090587258338928, -2.2078256743019157e+38)
(0.588718593120575, -0.23181983828544617, -0.31507617235183716, -2.1811362543285665e+38)
(0.607693076133728, -0.2244080901145935, -0.31240564584732056, -2.194585114488556e+38)
(0.6128290295600891, -0.19419997930526733, -0.3339632749557495, -2.1544474428275054e+38)
(0.6219052076339722, -0.1968902051448822, -0.32218021154403687, -2.1946891632498226e+38)
(0.608651876449585, -0.17385868728160858, -0.3263746500015259, -2.1811364571526625e+38)
(0.6339569687843323, -0.1667940765619278, -0.3301725387573242, -2.1810853454804613e+38)
(0.6122395396232605, -0.14093661308288574, -0.32578128576278687, -2.141208302782818e+38)
(0.6285355091094971, -0.14618243277072906, -0.3220821022987366, -2.1811374712731427e+38)
(0.619749903678894, -0.10977738350629807, -0.33051371574401855, -2.101279742764781e+38)
(0.636141300201416, -0.09633726626634598, -0.32496070861816406, -2.1012278197961957e+38)
(0.6064803004264832, -0.07272328436374664, -0.31274598836898804, -2.1012282254443878e+38)
(0.6150745153427124, -0.05760607868432999, -0.3003377914428711, -2.1679490372524643e+38)
(0.5851356387138367, -0.022912031039595604, -0.28649115562438965, -2.0880391829514212e+38)
(0.6048979163169861, -0.02456996776163578, -0.2882586717605591, -2.154656960118711e+38)
(0.6068430542945862, -0.009300341829657555, -0.28994637727737427, -2.1280202744103314e+38)
(0.6080008745193481, 0.006128001492470503, -0.29100918769836426, -2.1281764489642796e+38)
(0.5932728052139282, 0.021248074248433113, -0.29508984088897705, -2.061454623035723e+38)
(0.6031471490859985, 0.021445870399475098, -0.28596031665802, -2.0882470776498586e+38)
(0.5868830680847168, 0.05048653483390808, -0.28869515657424927, -2.114675665835705e+38)
(0.6015253067016602, 0.051844820380210876, -0.28496253490448, -2.1282277634605768e+38)
(0.5779083967208862, 0.07819239050149918, -0.28018373250961304, -2.0879343228937703e+38)
(0.5934101343154907, 0.0959378033876419, -0.2789418697357178, -2.1546042258537416e+38)
(0.5756148099899292, 0.12165722250938416, -0.2813716530799866, -2.154656148822327e+38)
(0.589289665222168, 0.10993047058582306, -0.2758004069328308, -2.1680005545728575e+38)
(0.5693985819816589, 0.14897939562797546, -0.2778123617172241, -2.1547078689668163e+38)
(0.5839074850082397, 0.13847476243972778, -0.27309292554855347, -2.1413115402477004e+38)
(0.5655407309532166, 0.17742450535297394, -0.2776867151260376, -2.23456498900289e+38)
(0.607780933380127, 0.18225064873695374, -0.30291879177093506, -2.154655945998231e+38)
(0.5644926428794861, 0.2082623839378357, -0.2816436290740967, -2.928679346015667e+38)
(0.5721954107284546, 0.21082398295402527, -0.27136969566345215, -2.8888025061421196e+38)
(0.5560850501060486, 0.21820606291294098, -0.2745891809463501, -2.9021994433335236e+38)
(0.5474178791046143, 0.2273712456226349, -0.26728135347366333, -2.6621577341465942e+38)
(0.521281898021698, 0.23566074669361115, -0.2419837862253189, -2.101591077752197e+38)
(0.5405803918838501, 0.23436225950717926, -0.2444334179162979, -1.9814390973806448e+38)
(0.5124657154083252, 0.24229004979133606, -0.23443962633609772, -2.0881947490330812e+38)
(0.5219548344612122, 0.24837172031402588, -0.22926776111125946, -2.0880909030959105e+38)
(0.5427772998809814, 0.30364975333213806, -0.2612774968147278, -2.0880393857755172e+38)
(0.5763430595397949, -0.3267572522163391, -0.28315722942352295, -2.154605239974222e+38)
(0.6218721866607666, -0.35077986121177673, -0.30717986822128296, -1.954752111296448e+38)
(0.6025155782699585, -0.2933958172798157, -0.29966914653778076, -2.0748509517548388e+38)
(0.6109071969985962, -0.31794285774230957, -0.29137885570526123, -1.9680965170469786e+38)
(0.6082024574279785, -0.2786625325679779, -0.3019987940788269, -2.07490307754752e+38)
(0.6372218132019043, -0.279274582862854, -0.3068806529045105, -1.9013231737980286e+38)
(0.6262451410293579, -0.25393253564834595, -0.3141748309135437, -2.088143231712688e+38)
(0.6472308039665222, -0.24600602686405182, -0.3101980686187744, -1.981389608301212e+38)
(0.6383092999458313, -0.2039853036403656, -0.31759899854660034, -2.0481098116370003e+38)
(0.6473114490509033, -0.2066400647163391, -0.3045193552970886, -1.967992671109808e+38)
(0.6436539888381958, -0.16927684843540192, -0.31807154417037964, -2.141364477336766e+38)
(0.6505802869796753, -0.18931645154953003, -0.30516964197158813, -1.967992468285712e+38)
(0.6464822292327881, -0.13381561636924744, -0.31683415174484253, -2.0746949800249867e+38)
(0.6552165746688843, -0.15391181409358978, -0.30523401498794556, -1.901531068496466e+38)
(0.6465586423873901, -0.09803449362516403, -0.3137173056602478, -2.048058294316607e+38)
(0.6570781469345093, -0.11784607917070389, -0.30348730087280273, -1.9148752714229005e+38)
(0.6250854134559631, -0.0587286651134491, -0.29004335403442383, -2.0080772028576967e+38)
(0.636313259601593, -0.07683287560939789, -0.2813267707824707, -1.9413565938737163e+38)
(0.6230297088623047, -0.042127691209316254, -0.2872350215911865, -2.0081297342985702e+38)
(0.6302183866500854, -0.026334354653954506, -0.27340930700302124, -1.914771831133922e+38)
(0.6167879104614258, -0.009631698951125145, -0.28013914823532104, -1.9814934542383826e+38)
(0.6266875863075256, -0.009961545467376709, -0.26977717876434326, -1.888239194186809e+38)
(0.612561821937561, 0.037151630967855453, -0.27609819173812866, -1.968148440015564e+38)
(0.6223534345626831, 0.037609077990055084, -0.2658763527870178, -1.914772236782114e+38)
(0.6092178821563721, 0.06778570264577866, -0.27385222911834717, -1.968043985606105e+38)
(0.6188281774520874, 0.0687442272901535, -0.2636187672615051, -1.928063908267675e+38)
(0.6158154010772705, 0.08393380045890808, -0.26159143447875977, -1.928063705443579e+38)
(0.6173181533813477, 0.10017982870340347, -0.26398980617523193, -1.914771831133922e+38)
(0.6035351157188416, 0.1289827823638916, -0.2726430296897888, -1.9414068942495333e+38)
(0.6180709600448608, 0.11649420857429504, -0.26588255167007446, -1.914771831133922e+38)
(0.6309671401977539, 0.1740894466638565, -0.30403077602386475, -1.954751300000064e+38)
(0.6482033729553223, 0.16174592077732086, -0.29758334159851074, -1.941460642634983e+38)
(0.6293797492980957, 0.19121217727661133, -0.30461007356643677, -1.9014781314074005e+38)
(0.636196494102478, 0.21078552305698395, -0.29243457317352295, -1.954803020144553e+38)
(0.6115353107452393, 0.2168557047843933, -0.291159451007843, -2.154966266865167e+38)
(0.6161752343177795, 0.23518061637878418, -0.2780296206474304, -2.8488224288036896e+38)
(0.5863531231880188, 0.23484009504318237, -0.27032214403152466, -2.7956015888278036e+38)
(0.5946944952011108, 0.25579848885536194, -0.26242655515670776, -2.622177453984068e+38)
(0.5660815834999084, 0.25305435061454773, -0.254752516746521, -1.754636122590211e+38)
(0.5835866928100586, 0.2646807134151459, -0.2542976140975952, -1.8078591936311532e+38)
(0.5491944551467896, 0.2889193296432495, -0.2465030699968338, -1.9147190968689524e+38)
(0.5777047276496887, 0.2957010865211487, -0.2549571990966797, -1.9680456081988734e+38)
(0.6648900508880615, -0.38666394352912903, -0.3038873076438904, -1.9014270197351993e+38)
(0.6443902254104614, -0.3467733561992645, -0.30317336320877075, -1.8880826139846688e+38)
(0.6577476263046265, -0.33271124958992004, -0.28911125659942627, -1.9147710198375378e+38)
(0.6536633372306824, -0.28898653388023376, -0.300584077835083, -1.9014274253833914e+38)
(0.6706583499908447, -0.2990659773349762, -0.29350483417510986, -1.914667376724463e+38)
(0.6684145927429199, -0.27890264987945557, -0.3110803961753845, -1.914771831133922e+38)
(0.6916226744651794, -0.2703867256641388, -0.30549174547195435, -1.9680452025506813e+38)
(0.6688171625137329, -0.23700499534606934, -0.30525630712509155, -1.9281162368844525e+38)
(0.6908978819847107, -0.22683081030845642, -0.29922956228256226, -1.914667782372655e+38)
(0.6677678823471069, -0.19611291587352753, -0.29908204078674316, -1.8880310966642755e+38)
(0.6800161004066467, -0.18035252392292023, -0.28532034158706665, -1.9412521394642575e+38)
(0.6648914813995361, -0.15617239475250244, -0.2922182083129883, -1.8616029141266213e+38)
(0.66855388879776, -0.13719797134399414, -0.27201980352401733, -1.8880826139846688e+38)
(0.6696332693099976, -0.11912212520837784, -0.271431565284729, -1.901374893942518e+38)
(0.6628520488739014, -0.09893979877233505, -0.26450419425964355, -1.9146154537558778e+38)
(0.6398317813873291, -0.07667024433612823, -0.2641909122467041, -1.9280121881231857e+38)
(0.6557580828666687, -0.0795096680521965, -0.2575526833534241, -1.901219327860858e+38)
(0.6428934335708618, -0.04383835941553116, -0.265288770198822, -1.9014274253833914e+38)
(0.6590241193771362, -0.04561309516429901, -0.2586889863014221, -1.914771831133922e+38)
(0.642377495765686, -0.010622745379805565, -0.26399046182632446, -1.888239194186809e+38)
(0.6584747433662415, -0.01130213774740696, -0.25741130113601685, -1.8748947884362784e+38)
(0.6320685148239136, 0.03806294500827789, -0.25509220361709595, -1.9014272225592953e+38)
(0.6480469107627869, 0.022425491362810135, -0.24875329434871674, -1.8749454944602875e+38)
(0.630658745765686, 0.05398070812225342, -0.25426483154296875, -1.9281160340603564e+38)
(0.6435112953186035, 0.07160612940788269, -0.24621643126010895, -1.9413563910496202e+38)
(0.6322775483131409, 0.10308308154344559, -0.2580258846282959, -1.941460642634983e+38)
(0.6583058834075928, 0.09141398221254349, -0.2592010498046875, -1.9413565938737163e+38)
(0.6653172969818115, 0.14832842350006104, -0.2899898886680603, -1.941460642634983e+38)
(0.7055676579475403, 0.14103317260742188, -0.30067479610443115, -1.914771831133922e+38)
(0.6713309288024902, 0.18858888745307922, -0.29899847507476807, -1.9814938598865746e+38)
(0.7058109641075134, 0.20217224955558777, -0.3061069846153259, -1.9281162368844525e+38)
(0.6695687770843506, 0.20721915364265442, -0.2995598316192627, -1.968149251311948e+38)
(0.676298201084137, 0.22831135988235474, -0.2854793071746826, -1.9280616772026186e+38)
(0.6376549005508423, 0.24673910439014435, -0.2778346538543701, -2.8088413373447793e+38)
(0.6530628204345703, 0.25417912006378174, -0.2704922556877136, -2.768704476980113e+38)
(0.6261389255523682, 0.2578940689563751, -0.26992273330688477, -2.6755023427212208e+38)
(0.6427266597747803, 0.2868017554283142, -0.2671384811401367, -2.635418216621524e+38)
(0.6153818964958191, 0.28799834847450256, -0.26589059829711914, -1.834651851069385e+38)
(0.6367964744567871, 0.30241337418556213, -0.2649996280670166, -1.834652053893481e+38)
(0.6162378191947937, 0.3251761198043823, -0.2531713843345642, -1.928063705443579e+38)
(0.6244373321533203, 0.354096919298172, -0.2643629312515259, -1.928063705443579e+38)
(0.6899991035461426, -0.3825916647911072, -0.2982029318809509, -1.861444711331713e+38)
(0.7038303017616272, -0.3665786385536194, -0.2817097306251526, -1.8747897255545315e+38)
(0.6924266219139099, -0.3361583948135376, -0.2925584316253662, -1.888133522832774e+38)
(0.7178407907485962, -0.3292914927005768, -0.28569144010543823, -1.874841648523117e+38)
(0.7049582004547119, -0.2992282807826996, -0.2961828112602234, -1.8747893199063394e+38)
(0.7299839854240417, -0.29026955366134644, -0.28881263732910156, -1.8348086340956212e+38)
(0.7154333591461182, -0.26065272092819214, -0.2987591624259949, -1.8880818026882846e+38)
(0.7241475582122803, -0.26333412528038025, -0.2816210985183716, -1.768138528311554e+38)
(0.7338285446166992, -0.22604700922966003, -0.3083387017250061, -1.8880298797196993e+38)
(0.709306001663208, -0.17138220369815826, -0.28465330600738525, -1.901374488294326e+38)
(0.7300329208374023, -0.1570533663034439, -0.27544450759887695, -1.888133928480966e+38)
(0.7029720544815063, -0.1287100911140442, -0.27643436193466187, -1.9013740826461338e+38)
(0.7307387590408325, -0.13636615872383118, -0.27446216344833374, -1.8747893199063394e+38)
(0.7101731896400452, -0.0914064347743988, -0.2795925736427307, -1.874737802585946e+38)
(0.7270305752754211, -0.07423770427703857, -0.26848530769348145, -1.8481512144292875e+38)
(0.7089320421218872, -0.03304898738861084, -0.27644234895706177, -1.88813372565687e+38)
(0.7237998247146606, -0.053811103105545044, -0.26545560359954834, -1.8748400259303485e+38)
(0.7116701006889343, -0.014044050127267838, -0.27820807695388794, -1.8747891170822434e+38)
(0.7308075428009033, -0.01486462913453579, -0.26964032649993896, -1.7547409826478618e+38)
(0.6908262968063354, 0.02372582256793976, -0.26209360361099243, -1.901425802790623e+38)
(0.7078680396080017, 0.04305368661880493, -0.2533268928527832, -1.701416093910709e+38)
(0.6785058975219727, 0.07683531194925308, -0.2538423538208008, -1.8879773482788258e+38)
(0.6912984848022461, 0.0599958673119545, -0.2418300360441208, -1.701416499558901e+38)
(0.7228777408599854, 0.12452945113182068, -0.28998827934265137, -1.8880813970400925e+38)
(0.7394406795501709, 0.10688944905996323, -0.2778638005256653, -1.701571659992369e+38)
(0.7350850105285645, 0.1698867678642273, -0.30227696895599365, -1.8747891170822434e+38)
(0.7457780838012695, 0.17203769087791443, -0.2861563563346863, -1.728208751348941e+38)
(0.7259514331817627, 0.18775735795497894, -0.29683583974838257, -1.861444914155809e+38)
(0.7351449728012085, 0.21126334369182587, -0.2818388342857361, -1.7280525767949927e+38)
(0.7051154375076294, 0.22059808671474457, -0.2843363881111145, -1.9016336974890605e+38)
(0.7113526463508606, 0.24280671775341034, -0.2683666944503784, -1.808012731471853e+38)
(0.6854449510574341, 0.2725764811038971, -0.27581411600112915, -2.595227607871408e+38)
(0.7073969841003418, 0.26212602853775024, -0.26773709058761597, -1.9947293490975336e+38)
(0.6746969223022461, 0.30800509452819824, -0.2727864980697632, -2.2484831841211077e+38)
(0.6913257241249084, 0.3174625039100647, -0.2636232376098633, -1.954958383402117e+38)
(0.6598588824272156, 0.3180023431777954, -0.26359641551971436, -1.888133522832774e+38)
(0.6531553268432617, 0.3339804708957672, -0.2612541913986206, -1.8747893199063394e+38)
(0.6764297485351562, 0.401773601770401, -0.2885819673538208, -1.9014785370555926e+38)
(0.7012228965759277, 0.3966671824455261, -0.28151148557662964, -1.7147609053094317e+38)
(0.7319323420524597, -0.31254053115844727, -0.2689405083656311, -1.834807011502853e+38)
(0.7685399651527405, -0.1029902994632721, -0.27460992336273193, -2.3821357447971387e+38)
(0.7867007255554199, -0.08379310369491577, -0.26088273525238037, -3.1827439075543692e+38)
(0.7565443515777588, -0.03692556172609329, -0.2644510865211487, -2.7690180430325855e+38)
(0.7723027467727661, -0.05953369289636612, -0.25127851963043213, -3.1960885161289958e+38)
(0.750404417514801, -0.015707554295659065, -0.2600322961807251, -2.822446980531005e+38)
(0.7521583437919617, 0.004841591697186232, -0.26106375455856323, -2.7824664975443828e+38)
(0.7516708374023438, 0.04610332101583481, -0.26101452112197876, -2.7292990003057544e+38)
(0.7727081179618835, 0.026012681424617767, -0.2506406903266907, -3.1826404672653906e+38)
(0.7550109028816223, 0.08816303312778473, -0.2642629146575928, -2.7163180553353213e+38)
(0.7655707597732544, 0.08921496570110321, -0.24741677939891815, -3.195984873015921e+38)
(0.7691992521286011, 0.11221762001514435, -0.2745722532272339, -2.8097804129094284e+38)
(0.783522367477417, 0.136654332280159, -0.26028239727020264, -3.222673481692886e+38)
(0.7661908864974976, 0.1775815337896347, -0.2761572003364563, -2.916275232774362e+38)
(0.7858985662460327, 0.15992973744869232, -0.26291823387145996, -3.182692390233976e+38)
(0.7448914647102356, 0.2136753499507904, -0.2649690508842468, -2.9963933874220344e+38)
(0.7658601403236389, 0.19835691154003143, -0.25315260887145996, -3.195985075840017e+38)
(0.7517046332359314, 0.2372540980577469, -0.24764378368854523, -3.129522459106195e+38)
(0.7481784820556641, 0.25817421078681946, -0.2473771721124649, -3.1161780533556646e+38)
(0.7353121042251587, 0.2761003375053406, -0.26467686891555786, -3.1962980334202015e+38)
(0.7437670826911926, 0.27869081497192383, -0.24670149385929108, -3.1428668648567257e+38)
(0.7147188186645508, 0.3087480366230011, -0.25527507066726685, -3.142868284625398e+38)
(0.6986349821090698, 0.31999942660331726, -0.24655814468860626, -3.1695051731578737e+38)
(0.6941068768501282, 0.3625742495059967, -0.24931587278842926, -3.196089935897668e+38)
(0.6982254385948181, 0.3396538496017456, -0.22685174643993378, -3.1027798992196844e+38)
(0.7774518132209778, -0.03817645460367203, -0.23010583221912384, -3.1160729904739177e+38)
(0.7872647047042847, -0.03876352310180664, -0.2118903547525406, nan)
(0.792803168296814, 0.004489907994866371, -0.23843549191951752, -3.102833647605134e+38)
(0.7907538414001465, -0.01724943518638611, -0.2134445160627365, nan)
(0.8037124872207642, 0.026884444057941437, -0.24469159543514252, -3.129522459106195e+38)
(0.8141369819641113, 0.027093222364783287, -0.22558905184268951, nan)
(0.7958763837814331, 0.09348666667938232, -0.24138619005680084, -3.1028322278364618e+38)
(0.8102587461471558, 0.07234684377908707, -0.22412677109241486, nan)
(0.7938311100006104, 0.13821369409561157, -0.24184884130954742, -3.2097438512187503e+38)
(0.8036763668060303, 0.13970255851745605, -0.22272278368473053, nan)
(0.7758310437202454, 0.1780758798122406, -0.23375548422336578, -3.2764143626510097e+38)
(0.7949782609939575, 0.16027694940567017, -0.21912477910518646, nan)
(0.7650949954986572, 0.19655203819274902, -0.22889305651187897, -3.3831178885107648e+38)
(0.7738915681838989, 0.19852447509765625, -0.2103341966867447, -3.2892888249710237e+38)
(0.7604182958602905, 0.2395908683538437, -0.22938404977321625, nan)
(0.7541794776916504, 0.2574714124202728, -0.20440207421779633, -3.3026338391938423e+38)
(0.7518234252929688, 0.2811524569988251, -0.22818584740161896, nan)
(0.7534863948822021, 0.3035362958908081, -0.20791415870189667, nan)
(0.7121759653091431, 0.3246523439884186, -0.2111075073480606, nan)
(0.7360959649085999, 0.3158772885799408, -0.2004336267709732, nan)
(0.7425300478935242, 0.36887723207473755, -0.20886240899562836, -3.009003975593105e+38)
(0.7632501125335693, 0.470282644033432, -0.2551971673965454, nan)
(0.7929091453552246, 0.4649941325187683, -0.2436627894639969, -3.1026235218416402e+38)
(0.7594954967498779, 0.49199894070625305, -0.23095352947711945, -3.2228264110612977e+38)
(0.815889835357666, -0.04084617644548416, -0.17803262174129486, -3.3695651824136047e+38)
(0.8196691274642944, -0.01841820776462555, -0.17942936718463898, -3.262914187994723e+38)
(0.8328794240951538, 0.004179772920906544, -0.18502968549728394, -2.4753857455426955e+38)
(0.8228359222412109, 0.05028708279132843, -0.20538832247257233, -3.2358604959448924e+38)
(0.8210763931274414, 0.04990662634372711, -0.1801386922597885, -3.2624979929496562e+38)
(0.8092437982559204, 0.07180382311344147, -0.1992337554693222, -2.768753966059546e+38)
(0.8246099948883057, 0.09634789824485779, -0.18241754174232483, -2.915854778423278e+38)
(0.8130044937133789, 0.14111287891864777, -0.20292513072490692, -3.089175067329843e+38)
(0.8296021223068237, 0.12064935266971588, -0.18516960740089417, -3.2894977337899413e+38)
(0.793700098991394, 0.18166111409664154, -0.19558541476726532, -3.276049076454048e+38)
(0.8124727010726929, 0.16335956752300262, -0.17927931249141693, -2.395422954152587e+38)
(0.7696333527565002, 0.2179550975561142, -0.18634815514087677, -2.462040528495781e+38)
(0.7899845838546753, 0.2021290510892868, -0.1714654117822647, -3.262757810616679e+38)
(0.7660882472991943, 0.2389911562204361, -0.18604186177253723, -3.315978042120277e+38)
(0.7581394910812378, 0.25627171993255615, -0.16123272478580475, -3.2626008247663467e+38)
(0.755984902381897, 0.2796342670917511, -0.18431255221366882, -2.635362034346922e+38)
(0.7666121125221252, 0.3077106475830078, -0.16832973062992096, -2.835528323428976e+38)
(0.7531672716140747, 0.3251357674598694, -0.18675774335861206, -3.2759450276927812e+38)
(0.8073832988739014, 0.44504398107528687, -0.22213204205036163, -3.355958322282803e+38)
(0.7985751628875732, 0.4668087065219879, -0.2204851657152176, -3.3426139165322724e+38)
(0.794102668762207, 0.4894450604915619, -0.19522587954998016, -2.5020739485714685e+38)
(0.7811943292617798, -0.07965536415576935, -0.1415322721004486, -3.342772119327181e+38)
(0.7893750667572021, -0.1022975817322731, -0.1228676289319992, -3.3560118678441566e+38)
(0.7487573623657227, -0.03422566503286362, -0.12821662425994873, -3.356169056518585e+38)
(0.7553260326385498, -0.03461851924657822, -0.11000125110149384, -3.382857868019646e+38)
(0.7522335052490234, -0.014726907014846802, -0.12937913835048676, -3.30284376213324e+38)
(0.7588934302330017, -0.01494879275560379, -0.11106204986572266, -3.3295325736343012e+38)
(0.7314354777336121, 0.024178635329008102, -0.12126971781253815, -3.2494140133384366e+38)
(0.7378276586532593, 0.02430666610598564, -0.10377325117588043, -3.236069607587906e+38)
(0.7357829809188843, 0.06259561330080032, -0.12331247329711914, -2.5821935229878134e+38)
(0.7384005188941956, 0.08190350979566574, -0.10458770394325256, -2.8891144496018238e+38)
(0.785667896270752, 0.1112295538187027, -0.1435312181711197, -3.28944662211774e+38)
(0.7669901847839355, 0.12777534127235413, -0.11538198590278625, -3.0358507870649784e+38)
(0.7888532876968384, 0.15572859346866608, -0.14610210061073303, -2.3953193110395123e+38)
(0.7851158380508423, 0.17594441771507263, -0.12305046617984772, -3.3160833078261198e+38)
(0.7867752313613892, 0.19983920454978943, -0.14708712697029114, -3.3160833078261198e+38)
(0.7798709869384766, 0.2187139242887497, -0.12300403416156769, -2.3819751081130778e+38)
(0.7695645093917847, 0.23788435757160187, -0.14248649775981903, -3.195983656071345e+38)
(0.7699580788612366, 0.2596469223499298, -0.12168397009372711, -3.2761022163672095e+38)
(0.768515944480896, 0.2834298312664032, -0.14477063715457916, -2.6221738031503395e+38)
(0.7777074575424194, 0.31121551990509033, -0.12712928652763367, -2.7557219094169116e+38)
(0.8181374073028564, 0.4485549032688141, -0.17494267225265503, -3.2893940906768666e+38)
(0.8084584474563599, 0.4698758125305176, -0.1732720285654068, -3.249360873425275e+38)
(0.7802238464355469, -0.23116910457611084, -0.08038283884525299, -3.3561163222536154e+38)
(0.787152886390686, -0.18943998217582703, -0.10271783173084259, -2.9956613952594386e+38)
(0.7961680889129639, -0.16941852867603302, -0.0823231190443039, -3.3826487563766323e+38)
(0.8057986497879028, -0.1278381049633026, -0.10629215836524963, -2.755462091749889e+38)
(0.8112362623214722, -0.12871965765953064, -0.08511963486671448, -2.782150497602758e+38)
(0.7846711874008179, -0.07941780984401703, -0.09893625974655151, -3.3428242451198623e+38)
(0.8009402751922607, -0.10388606786727905, -0.08197863399982452, -3.369460728004146e+38)
(0.7530599236488342, -0.03420690447092056, -0.08884447813034058, -3.3962022737701765e+38)
(0.7502199411392212, -0.03377014398574829, -0.0679837167263031, -3.3962022737701765e+38)
(0.7507654428482056, 0.005119021050632, -0.08794854581356049, -2.4220087310128615e+38)
(0.7619197368621826, -0.014896553009748459, -0.07088276743888855, -3.356169259342681e+38)
(0.7280440330505371, 0.042546093463897705, -0.08123378455638885, -3.2360168733229365e+38)
(0.7329918742179871, 0.042777180671691895, -0.06346132606267929, -3.3027910278682706e+38)
(0.7257788181304932, 0.06095162034034729, -0.08072696626186371, -2.635518614549062e+38)
(0.7269399762153625, 0.07951942831277847, -0.06226568669080734, -2.889165966922217e+38)
(0.7241249680519104, 0.09806261211633682, -0.08081135153770447, -3.2761022163672095e+38)
(0.7223852872848511, 0.1160922721028328, -0.06171765923500061, -3.0359029128576598e+38)
(0.7394429445266724, 0.14032380282878876, -0.08637739717960358, -2.461936276910418e+38)
(0.7506676912307739, 0.16333115100860596, -0.07005412131547928, -3.396044882271652e+38)
(0.7789843082427979, 0.19513605535030365, -0.09979841113090515, -3.3428242451198623e+38)
(0.7705645561218262, 0.21310830116271973, -0.07659758627414703, -2.3553905481973795e+38)
(0.7707128524780273, 0.23623335361480713, -0.09897594153881073, -3.2227245933650874e+38)
(0.7594651579856873, 0.25224432349205017, -0.07525333762168884, -3.316135433618801e+38)
(0.748296320438385, 0.2695976793766022, -0.09401433169841766, -2.648915146092274e+38)
(0.7443325519561768, 0.28864428400993347, -0.07305645942687988, -2.8357368265997016e+38)
(0.787888765335083, -0.25756335258483887, -0.06107001006603241, -3.1692429216016985e+38)
(0.7822587490081787, -0.27753445506095886, -0.03862801939249039, -2.7956510779072365e+38)
(0.7798218727111816, -0.20745864510536194, -0.05778124928474426, -3.0224534442253823e+38)
(0.7830843925476074, -0.2082749456167221, -0.036904238164424896, -2.9825252898555376e+38)
(0.7854690551757812, -0.18733982741832733, -0.05840367078781128, -2.9823681011811093e+38)
(0.8041428327560425, -0.17108431458473206, -0.03968585282564163, -3.36946052518005e+38)
(0.8053005933761597, -0.12671346962451935, -0.061239294707775116, -2.782202014923151e+38)
(0.8073256015777588, -0.1493835300207138, -0.03983171284198761, -3.155793858617613e+38)
(0.7589185833930969, -0.07424294203519821, -0.050464801490306854, -3.3294798393693317e+38)
(0.7803720235824585, -0.09872646629810333, -0.034416645765304565, nan)
(0.7341590523719788, -0.05095815658569336, -0.04487084597349167, -2.4220604511573508e+38)
(0.7353973388671875, -0.032133668661117554, -0.025985807180404663, -3.3962022737701765e+38)
(0.7504520416259766, -0.014223406091332436, -0.048138298094272614, -3.3695136650932115e+38)
(0.7486038208007812, 0.005189678631722927, -0.02817550301551819, -2.528815899985691e+38)
(0.7381603121757507, 0.024150218814611435, -0.045451484620571136, -3.2361734535250767e+38)
(0.7301440238952637, 0.04246293753385544, -0.04378880560398102, -3.2762062651284763e+38)
(0.7241019010543823, 0.0788484513759613, -0.04278780519962311, -2.875873686964368e+38)
(0.7313281297683716, 0.06107346713542938, -0.025331705808639526, -2.648915551740466e+38)
(0.7189998626708984, 0.09641847759485245, -0.04191512614488602, -3.3028952794536334e+38)
(0.7193883657455444, 0.1150231882929802, -0.04229070246219635, -3.0359029128576598e+38)
(0.7386170625686646, 0.15890799462795258, -0.04727311432361603, -3.3960968052402375e+38)
(0.7288919687271118, 0.13606417179107666, -0.025773704051971436, -2.475438276983569e+38)
(0.7693127393722534, 0.19023488461971283, -0.05454089492559433, -3.3428242451198623e+38)
(0.7746133208274841, 0.21410170197486877, -0.05630087852478027, -2.3820791568743445e+38)
(0.7631576657295227, 0.25329405069351196, -0.055105820298194885, -3.316135433618801e+38)
(0.7825576066970825, 0.2393813282251358, -0.03708560764789581, -3.3027389020755892e+38)
(0.7380813360214233, 0.2839714288711548, -0.051007241010665894, -2.8357368265997016e+38)
(0.7587566375732422, 0.27274009585380554, -0.033980004489421844, -2.7422738605533064e+38)
(0.7385478019714355, 0.306655615568161, -0.05198925733566284, -3.3027910278682706e+38)
(0.8390142917633057, -0.39188531041145325, -0.026777051389217377, -2.635518006076774e+38)
(0.8469003438949585, -0.4262022376060486, -0.003295939415693283, -3.3829091825159432e+38)
(0.7705833911895752, -0.24717088043689728, -0.01462901383638382, -3.2093280618218754e+38)
(0.763201892375946, -0.26557889580726624, 0.006803594529628754, -2.769014797847049e+38)
(0.7680412530899048, -0.2233535796403885, -0.01381324976682663, -3.369460930828242e+38)
(0.7875955104827881, -0.2094026803970337, 0.005438446998596191, -2.969180884105007e+38)
(0.7916065454483032, -0.18875326216220856, -0.016232207417488098, -2.9691287583123257e+38)
(0.8091702461242676, -0.17213377356529236, 0.003927163779735565, -3.3694096163319447e+38)
(0.773033082485199, -0.11768556386232376, -0.012796476483345032, -2.808839714752011e+38)
(0.7725213766098022, -0.13830457627773285, 0.007574450224637985, -3.129210109998299e+38)
(0.7194817662239075, -0.06692665815353394, -0.005226258188486099, -3.3695128537968273e+38)
(0.7277814745903015, -0.08693373203277588, 0.012056984007358551, nan)
(0.7259300947189331, -0.04956008493900299, -0.0059600770473480225, -2.4888339972303968e+38)
(0.7402780055999756, -0.03242550045251846, 0.011174514889717102, nan)
(0.741865873336792, -0.013664709404110909, -0.00792822614312172, -3.3695128537968273e+38)
(0.7461442947387695, 0.005232870578765869, 0.010695837438106537, -2.5421077742953483e+38)
(0.7394751310348511, 0.024098819121718407, 0.011303562670946121, -3.356065007757318e+38)
(0.7385823726654053, 0.042857058346271515, 0.011355236172676086, -3.3294802450175238e+38)
(0.7302790880203247, 0.07946368306875229, -0.006601832807064056, -2.915803666751077e+38)
(0.7361811399459839, 0.061428993940353394, 0.011521749198436737, -2.7022931747425882e+38)
(0.7324426174163818, 0.1176125705242157, -0.007224481552839279, -3.1026255500826006e+38)
(0.73404860496521, 0.09880091995000839, 0.011536426842212677, -3.3428771822089278e+38)
(0.778506338596344, 0.17106416821479797, -0.013943016529083252, -3.38285766519555e+38)
(0.7566210627555847, 0.1433486044406891, 0.009150497615337372, -2.5421073686471562e+38)
(0.7967506647109985, 0.19910360872745514, 0.0049733854830265045, -3.3428761680884476e+38)
(0.8028594255447388, 0.2243531197309494, 0.004133928567171097, -2.3820791568743445e+38)
(0.768683135509491, 0.25486254692077637, -0.014127910137176514, -3.3561165250777114e+38)
(0.7871215343475342, 0.2405921071767807, 0.005336567759513855, -3.316135433618801e+38)
(0.7428773641586304, 0.28547030687332153, -0.011511124670505524, -2.9424399468112646e+38)
(0.7627696990966797, 0.2739415168762207, 0.007022112607955933, -2.7423259863459878e+38)
(0.733478307723999, 0.3019219934940338, -0.010721765458583832, -3.3027389020755892e+38)
(0.7343277335166931, 0.324587881565094, 0.00865890458226204, -3.1827958305229545e+38)
(0.7774094939231873, 0.38038671016693115, -0.018266044557094574, -2.408820296992183e+38)
(0.8184547424316406, -0.43247488141059875, 0.023293502628803253, nan)
(0.8478127717971802, -0.4264557361602783, 0.02197277918457985, -3.38285766519555e+38)
(0.7523720264434814, -0.23697684705257416, 0.028398288413882256, -3.209380187614557e+38)
(0.7538731694221497, -0.25986531376838684, 0.048508208245038986, -2.7690669236397303e+38)
(0.7709494829177856, -0.22413112223148346, 0.02758544124662876, nan)
(0.7893450260162354, -0.20983970165252686, 0.04823806881904602, -2.9959216185746535e+38)
(0.7997593879699707, -0.16871333122253418, 0.026522232219576836, -3.3828059450510606e+38)
(0.79544997215271, -0.1896377056837082, 0.04820439964532852, -2.969181086929103e+38)
(0.7423592805862427, -0.1094302237033844, 0.02971396967768669, -2.782150497602758e+38)
(0.7652612924575806, -0.1359071135520935, 0.0485687330365181, -3.169295250218476e+38)
(0.7226680517196655, -0.06728300452232361, 0.03086971677839756, nan)
(0.7223235964775085, -0.08561387658119202, 0.049046970903873444, nan)
(0.7292079925537109, -0.049842000007629395, 0.030583862215280533, -2.4620934655848464e+38)
(0.7349065542221069, -0.03186985105276108, 0.048947811126708984, nan)
(0.7401816844940186, 0.005298605188727379, 0.030093040317296982, -2.5555045086626562e+38)
(0.7459008097648621, -0.013799123466014862, 0.04884019494056702, nan)
(0.7413934469223022, 0.024137241765856743, 0.04888760298490524, -3.3295840909546945e+38)
(0.7404921054840088, 0.04294624924659729, 0.048893414437770844, -3.329636216747376e+38)
(0.733604907989502, 0.07979489862918854, 0.03033505380153656, -2.9427007785987675e+38)
(0.7380699515342712, 0.06156736612319946, 0.04891207814216614, -2.6891047407219098e+38)
(0.7353357672691345, 0.09896256029605865, 0.030188821256160736, -3.342877385033024e+38)
(0.7591923475265503, 0.12362922728061676, 0.04865962266921997, -3.0893330673006554e+38)
(0.8009895086288452, 0.17789015173912048, 0.026520971208810806, nan)
(0.7842726707458496, 0.15088093280792236, 0.048382215201854706, -2.582192508867333e+38)
(0.8088994026184082, 0.20326916873455048, 0.04807805269956589, -3.3829093853400392e+38)
(0.8047475814819336, 0.2248154878616333, 0.04809194058179855, -2.3820791568743445e+38)
(0.7883598804473877, 0.24092042446136475, 0.026748819276690483, -3.316135433618801e+38)
(0.7888917922973633, 0.24106144905090332, 0.04822650924324989, -3.3294796365452357e+38)
(0.7454376816749573, 0.2862682342529297, 0.028484735637903214, -2.969180884105007e+38)
(0.7643237113952637, 0.2744061052799225, 0.04841559752821922, -2.715689097813512e+38)
(0.7358565330505371, 0.3026827573776245, 0.028796406462788582, -3.3561686508703928e+38)
(0.7259129285812378, 0.318310022354126, 0.04870622232556343, -3.195984061719537e+38)
(0.7796984910964966, 0.3811105489730835, 0.025905221700668335, -2.4486973396898265e+38)
(0.7537311315536499, -0.2598237097263336, 0.06887304782867432, -2.755774440857785e+38)
(0.7519253492355347, -0.23685094714164734, 0.08886443078517914, -3.3028950766295374e+38)
(0.7891696691513062, -0.20979590713977814, 0.06968264281749725, -2.9959214157505574e+38)
(0.770463228225708, -0.2240011990070343, 0.0900001972913742, -3.396305916883251e+38)
(0.7952660322189331, -0.18959538638591766, 0.06978341937065125, -2.995869695606068e+38)
(0.7888427972793579, -0.16503587365150452, 0.09072883427143097, nan)
(0.756279706954956, -0.13322728872299194, 0.06841662526130676, -3.1693471731870612e+38)
(0.7264571189880371, -0.10537264496088028, 0.08590435236692429, -2.835787938271903e+38)
(0.7221486568450928, -0.08558988571166992, 0.06725571304559708, nan)
(0.722134530544281, -0.06722334027290344, 0.08539785444736481, nan)
(0.7347190380096436, -0.031858645379543304, 0.06755289435386658, nan)
(0.7286590337753296, -0.04979478567838669, 0.08579720556735992, -2.4620934655848464e+38)
(0.740565299987793, 0.005296043120324612, 0.06771188974380493, -2.6222784603838943e+38)
(0.7396070957183838, 0.005302436649799347, 0.0864829570055008, -2.635622866134425e+38)
(0.7412010431289673, 0.024133386090397835, 0.06773340702056885, -3.342928293881129e+38)
(0.7403005361557007, 0.042937301099300385, 0.06771600246429443, -3.342928293881129e+38)
(0.7378804683685303, 0.06155349314212799, 0.06766006350517273, -2.7157412236061935e+38)
(0.7330479025840759, 0.07973942905664444, 0.08614508807659149, -2.9826293386168043e+38)
(0.7590013742446899, 0.12360037863254547, 0.06841746717691422, -3.1293141587595656e+38)
(0.7420567274093628, 0.10031486302614212, 0.08687391877174377, nan)
(0.8114807605743408, 0.1812213808298111, 0.0701698362827301, nan)
(0.7923026084899902, 0.153248593211174, 0.09073854982852936, -2.6489666634126673e+38)
(0.8087027072906494, 0.20322532951831818, 0.07016219943761826, nan)
(0.8045583963394165, 0.22476914525032043, 0.07012073695659637, -2.4220602483332548e+38)
(0.7887144088745117, 0.24101442098617554, 0.06971731781959534, -3.329531356689725e+38)
(0.7711465358734131, 0.25556087493896484, 0.09017293155193329, -3.3962533854423777e+38)
(0.7641680240631104, 0.2743595838546753, 0.06915059685707092, -2.71568869216532e+38)
(0.7450098991394043, 0.2861349880695343, 0.08874449133872986, -2.982576807175931e+38)
(0.7354474067687988, 0.32494834065437317, 0.06859757006168365, -3.28944662211774e+38)
(0.7354594469070435, 0.3025558888912201, 0.08831004798412323, -3.382908979691847e+38)
(0.7867237329483032, -0.20918484032154083, 0.1124057024717331, -3.0358513955372665e+38)
(0.7927005290985107, -0.189005047082901, 0.11276368051767349, -3.009110458243524e+38)
(0.7453218698501587, -0.13021592795848846, 0.1067853569984436, -3.1826392503208144e+38)
(0.7301700115203857, -0.10670307278633118, 0.1236218586564064, -2.808995483657767e+38)
(0.7197109460830688, -0.08525551855564117, 0.1034957617521286, nan)
(0.718252420425415, -0.0667891725897789, 0.12135516852140427, nan)
(0.7321068048477173, -0.03170245885848999, 0.1045696809887886, nan)
(0.724665641784668, -0.04945133626461029, 0.122197724878788, -2.5688487115890907e+38)
(0.7378904819488525, 0.005313891917467117, 0.10514718294143677, -2.635623271782617e+38)
(0.7333042025566101, -0.013249548152089119, 0.1233486533164978, nan)
(0.7385207414627075, 0.02407969906926155, 0.1052255928516388, -3.3829619167809127e+38)
(0.7376322746276855, 0.04281267523765564, 0.10516279935836792, -3.3963063225314432e+38)
(0.7352413535118103, 0.06136015057563782, 0.10496017336845398, -2.755774846505977e+38)
(0.728996217250824, 0.07933590561151505, 0.12293592840433121, -3.049351773017649e+38)
(0.7563408613204956, 0.12319839745759964, 0.10773839056491852, -3.142658564510096e+38)
(0.7379746437072754, 0.09980221837759018, 0.12449652701616287, -3.382857868019646e+38)
(0.7905080318450928, 0.15293283760547638, 0.11183192580938339, -2.648915551740466e+38)
(0.7986116409301758, 0.17741453647613525, 0.11300518363714218, nan)
(0.8019188642501831, 0.2241227924823761, 0.11399363726377487, -2.4754895914798662e+38)
(0.7862393856048584, 0.24035821855068207, 0.11252887547016144, -3.356220168190786e+38)
(0.7675389647483826, 0.254537969827652, 0.13164407014846802, nan)
(0.7619948983192444, 0.2737097442150116, 0.11047860980033875, -2.7823592035975794e+38)
(0.7418856620788574, 0.28516077995300293, 0.12864390015602112, -2.982576807175931e+38)
(0.7337063550949097, 0.3243875205516815, 0.10849308967590332, -3.262757810616679e+38)
(0.7216602563858032, -0.08609400689601898, 0.1405421942472458, nan)
(0.7337270975112915, -0.032033808529376984, 0.14233806729316711, nan)
(0.732242226600647, 0.005351583939045668, 0.14191985130310059, -2.7557221122410077e+38)
(0.7328610420227051, 0.023966334760189056, 0.1420535147190094, -3.3561686508703928e+38)
(0.7319976091384888, 0.042549505829811096, 0.14194869995117188, nan)
(0.7296674251556396, 0.060951799154281616, 0.14160768687725067, -2.8623745264285615e+38)
