0.359689861536026, -0.08299309015274048, -0.3126789331436157, -2.394957472852183e+38
0.35807645320892334, -0.06806236505508423, -0.3214802145957947, -2.368528884666337e+38
0.36287742853164673, -0.06932273507118225, -0.3197973370552063, -2.4218543818757777e+38
0.3605477213859558, -0.06203616410493851, -0.3299439549446106, -2.381976933529942e+38
0.36807066202163696, -0.056755296885967255, -0.3368173837661743, -2.3552366047084877e+38
0.3653450906276703, -0.048942431807518005, -0.34680211544036865, -2.395216884871014e+38
0.37169742584228516, -0.04199722409248352, -0.3478187322616577, -2.3950093958207685e+38
0.36858388781547546, -0.03381175547838211, -0.3573961853981018, -2.4483350958543053e+38
0.3748655915260315, -0.026250990107655525, -0.3579555153846741, -2.4750239073553664e+38
0.3713594973087311, -0.01776186376810074, -0.3670992851257324, -2.5017127188564275e+38
0.3775200843811035, -0.009619336575269699, -0.36712610721588135, -2.4750239073553664e+38
0.37504714727401733, -0.0010646861046552658, -0.3823493719100952, -2.461679501604836e+38
0.3811265826225281, 0.0077442871406674385, -0.3817563056945801, -2.4350947388650415e+38
0.37524765729904175, 0.025533527135849, -0.3835573196411133, -2.3818732904168674e+38
0.3811996877193451, 0.01677354983985424, -0.3821638822555542, -2.368528884666337e+38
0.37460845708847046, 0.04322339594364166, -0.38273370265960693, -2.39506152161345e+38
0.376472532749176, 0.03374698758125305, -0.3630513548851013, -2.3951655703747166e+38
0.374793142080307, 0.061473287642002106, -0.3872796893119812, -2.4216982073218296e+38
0.37692922353744507, 0.051477156579494476, -0.367720365524292, -2.43504261307236e+38
0.35561540722846985, 0.06601211428642273, -0.3023478388786316, -2.39506152161345e+38
0.36215025186538696, 0.06045158952474594, -0.30703532695770264, -2.4216984101459256e+38
0.35368314385414124, 0.07975849509239197, -0.2987697720527649, -2.4216462843532442e+38
0.3593261241912842, 0.07400798797607422, -0.2993583083152771, -2.4216462843532442e+38
0.3496094346046448, 0.09099619090557098, -0.28589457273483276, -2.4482304386207505e+38
0.35519924759864807, 0.08583541214466095, -0.2867774963378906, -2.408353801571299e+38
0.3680025339126587, -0.08461051434278488, -0.30360299348831177, -2.421490109799296e+38
0.3710736334323883, -0.07903718203306198, -0.31244176626205444, -2.4081457040487656e+38
0.37280285358428955, -0.07192570716142654, -0.31606483459472656, -2.4615233270508877e+38
0.3705621361732483, -0.06442566961050034, -0.326574444770813, -2.43504261307236e+38
0.3786279559135437, -0.059016041457653046, -0.3333081603050232, -2.4216462843532442e+38
0.37736213207244873, -0.05184507369995117, -0.3494594097137451, -2.3951655703747166e+38
0.3842056393623352, -0.0445900559425354, -0.35036659240722656, -2.421750333114511e+38
0.38107842206954956, -0.036009348928928375, -0.3604843020439148, -2.4350947388650415e+38
0.38783854246139526, -0.028089025989174843, -0.3608984351158142, -2.4350947388650415e+38
0.3827284276485443, -0.0187427569180727, -0.3642757534980774, -2.475127956116633e+38
0.38925042748451233, -0.010321687906980515, -0.36412400007247925, -2.421750333114511e+38
0.38528215885162354, -0.0012875013053417206, -0.3730682134628296, -2.4483870188228907e+38
0.3916066884994507, 0.0076979985460639, -0.37227368354797363, -2.421750333114511e+38
0.3824634253978729, 0.025389019399881363, -0.36190301179885864, -2.4349906901037748e+38
0.38845211267471313, 0.01671222783625126, -0.3603195548057556, -2.4216982073218296e+38
0.3789342939853668, 0.04198634624481201, -0.3494277596473694, -2.4349906901037748e+38
0.3794596791267395, 0.03263460099697113, -0.32707250118255615, -2.4216982073218296e+38
0.37247467041015625, 0.05620798468589783, -0.3261089324951172, -2.4483350958543053e+38
0.37851279973983765, 0.048959724605083466, -0.32574450969696045, -2.4483350958543053e+38
0.3650760352611542, 0.06795055419206619, -0.29971134662628174, -2.39506152161345e+38
0.37206363677978516, 0.062225908041000366, -0.3042440414428711, -2.4084059273639804e+38
0.3629198372364044, 0.08211950212717056, -0.29590219259262085, -2.39506152161345e+38
0.3689059317111969, 0.07621461898088455, -0.2963915467262268, -2.3817171158629193e+38
0.3593146800994873, 0.09468194097280502, -0.2869294285774231, -2.4084059273639804e+38
0.3638920783996582, 0.09607495367527008, -0.2852056622505188, -2.3951136474061313e+38
0.37604203820228577, -0.10392457991838455, -0.3001658320426941, -2.3550285071859543e+38
0.37081754207611084, -0.092740997672081, -0.2972702383995056, -2.381664990070238e+38
0.3791622221469879, -0.08898252248764038, -0.30394917726516724, -2.3550283043618582e+38
0.3774562478065491, -0.0817481204867363, -0.3154313564300537, -2.394957472852183e+38
0.3861190676689148, -0.07706287503242493, -0.322256863117218, -2.355132353123125e+38
0.3895367681980133, -0.07047925144433975, -0.33139538764953613, -2.36842483590507e+38
0.3928990960121155, -0.06347671151161194, -0.34050244092941284, -2.3818732904168674e+38
0.3899921178817749, -0.04553899168968201, -0.3485024571418762, -2.3951136474061313e+38
0.397638738155365, -0.04734990745782852, -0.35243743658065796, -2.3551844789158064e+38
0.39383983612060547, -0.0287639070302248, -0.35912179946899414, -2.368528884666337e+38
0.39998912811279297, -0.029455354437232018, -0.357200026512146, -2.341840073165276e+38
0.3946816325187683, -0.0197739377617836, -0.36094510555267334, -2.395217696167398e+38
0.4015843868255615, -0.011060141026973724, -0.3605831265449524, -2.3551844789158064e+38
0.39581379294395447, -0.0015236567705869675, -0.36355704069137573, -2.381821164624186e+38
0.4006135165691376, 0.007683140225708485, -0.35648733377456665, -2.3818732904168674e+38
0.3911920189857483, 0.02549847960472107, -0.3471459150314331, -2.4084059273639804e+38
0.39731165766716003, 0.016761669889092445, -0.34533751010894775, -2.3817171158629193e+38
0.3805857002735138, 0.04017356410622597, -0.3104941248893738, -2.39506152161345e+38
0.3851117491722107, 0.03227424994111061, -0.3048127293586731, -2.4084580531566618e+38
0.3805965185165405, 0.05662012845277786, -0.31328004598617554, -2.4084059273639804e+38
0.38681724667549133, 0.04932461678981781, -0.3127397298812866, -2.36842483590507e+38
0.37720412015914917, 0.06314562261104584, -0.3026723861694336, -2.3551844789158064e+38
0.38511285185813904, 0.0654827430844307, -0.3101201057434082, -2.368528884666337e+38
0.375044047832489, 0.07820118218660355, -0.29909747838974, -2.3284956674147453e+38
0.38007235527038574, 0.08778984844684601, -0.299446165561676, -2.3551844789158064e+38
0.3711898624897003, 0.09166738390922546, -0.29016268253326416, -2.368528884666337e+38
0.37688732147216797, 0.10232137888669968, -0.29407835006713867, -2.368528884666337e+38
0.3680158853530884, 0.10530224442481995, -0.2846294641494751, -2.3818732904168674e+38
0.3662604093551636, 0.11183515936136246, -0.2815302014350891, -2.3817171158629193e+38
0.38907065987586975, -0.11081229895353317, -0.3045979142189026, -2.3550285071859543e+38
0.3842734694480896, -0.09055010974407196, -0.3014034628868103, -2.3550283043618582e+38
0.3901229798793793, -0.10222195833921432, -0.3042398691177368, -2.368372912936485e+38
0.39323925971984863, -0.0797867625951767, -0.3252564072608948, -2.3817171158629193e+38
0.39667201042175293, -0.08907835185527802, -0.3184943199157715, -2.3817171158629193e+38
0.40237170457839966, -0.0669943243265152, -0.35003697872161865, -2.36842483590507e+38
0.4046540856361389, -0.07570100575685501, -0.3378451466560364, -2.3550283043618582e+38
0.40600842237472534, -0.05926197022199631, -0.3595835566520691, -2.3684767588736555e+38
0.41407281160354614, -0.05120907723903656, -0.3601735234260559, -2.3950100042930566e+38
0.4070221781730652, -0.04008151590824127, -0.35897642374038696, -2.368529087490433e+38
0.4134979844093323, -0.04097727686166763, -0.3566458821296692, -2.381665801366622e+38
0.4061194658279419, -0.011130908504128456, -0.3525833487510681, -2.3552366047084877e+38
0.41374868154525757, -0.021418577060103416, -0.35484176874160767, -2.368372912936485e+38
0.4051530957221985, 0.0076745012775063515, -0.34871429204940796, -2.381925416209549e+38
0.4112358093261719, -0.0018177619203925133, -0.3458409309387207, -2.4084059273639804e+38
0.39378809928894043, 0.024817081168293953, -0.31259316205978394, -2.368528884666337e+38
0.3996315598487854, 0.025090292096138, -0.31072235107421875, -2.4216464871773403e+38
0.3892744183540344, 0.03239823132753372, -0.2986629009246826, -2.3551844789158064e+38
0.38884928822517395, 0.0404987707734108, -0.2981523275375366, -2.3551844789158064e+38
0.3896111249923706, 0.04902711510658264, -0.3017520308494568, -2.3284956674147453e+38
0.3943973779678345, 0.057941555976867676, -0.2986661195755005, -2.3551840732676143e+38
0.3906429708003998, 0.06647148728370667, -0.308235764503479, -2.3818732904168674e+38
0.3981167674064636, 0.07739139348268509, -0.31379175186157227, -2.4084059273639804e+38
0.3910110294818878, 0.08432071655988693, -0.3137565851211548, -2.408509976125247e+38
0.39505428075790405, 0.09367518872022629, -0.3089924454689026, -2.39506152161345e+38
0.3845953047275543, 0.1062924787402153, -0.3008382320404053, -2.4084059273639804e+38
0.39180251955986023, 0.10034613311290741, -0.3014812469482422, -2.39506152161345e+38
0.38134294748306274, 0.11221112310886383, -0.29311615228652954, -2.421750333114511e+38
0.3843151032924652, 0.12088944017887115, -0.28713297843933105, -2.4350947388650415e+38
0.4000529646873474, -0.12516075372695923, -0.30313581228256226, -2.3550285071859543e+38
0.401401549577713, -0.11632027477025986, -0.3031993508338928, -2.3550285071859543e+38
0.39808210730552673, -0.09674946963787079, -0.30586254596710205, -2.3683727101123888e+38
0.40543532371520996, -0.10002629458904266, -0.3079150319099426, -2.3817171158629193e+38
0.40415266156196594, -0.09217608720064163, -0.3210456967353821, -2.3817171158629193e+38
0.4065803289413452, -0.08416042476892471, -0.32533836364746094, -2.3683727101123888e+38
0.4212151765823364, -0.08136235177516937, -0.3439497947692871, -2.3550283043618582e+38
0.42575639486312866, -0.07357662916183472, -0.35415273904800415, -2.3683727101123888e+38
0.43022096157073975, -0.0652754083275795, -0.3643084168434143, -2.3683727101123888e+38
0.4297897219657898, -0.0543941855430603, -0.36109858751296997, -2.3550287100100503e+38
0.4201244115829468, -0.04189372807741165, -0.35413658618927, -2.3282881783645e+38
0.4282975196838379, -0.033028192818164825, -0.3539024591445923, -2.3149437726139694e+38
0.4172000288963318, -0.011599196121096611, -0.34238559007644653, -2.3683727101123888e+38
0.42509087920188904, -0.02210666425526142, -0.34402889013290405, -2.301650884183832e+38
0.4106689691543579, 0.007718469947576523, -0.3228551149368286, -2.3817171158629193e+38
0.41666752099990845, -0.0015946775674819946, -0.3197491765022278, -2.3550283043618582e+38
0.4040077328681946, 0.025173107162117958, -0.3040514588356018, -2.4216464871773403e+38
0.410139262676239, 0.01662217453122139, -0.30178922414779663, -2.3816132699257486e+38
0.4006337523460388, 0.03323247283697128, -0.29488688707351685, -2.4084059273639804e+38
0.40015822649002075, 0.04163007438182831, -0.2943306565284729, -2.4084059273639804e+38
0.39861178398132324, 0.058206528425216675, -0.2922293543815613, -2.3418396675170837e+38
0.4053017497062683, 0.0506984144449234, -0.2912653684616089, -2.3551840732676143e+38
0.4005416929721832, 0.0677734836935997, -0.29946011304855347, -2.4084059273639804e+38
0.4082925319671631, 0.07890601456165314, -0.30426663160324097, -2.3416838986113277e+38
0.4024568200111389, 0.08694972097873688, -0.3091629147529602, -2.3683727101123888e+38
0.40836769342422485, 0.08830639719963074, -0.3066093325614929, -2.3817171158629193e+38
0.3999723792076111, 0.11356648802757263, -0.3099844455718994, -2.3416838986113277e+38
0.4114893972873688, 0.10994643718004227, -0.32061803340911865, -2.3416838986113277e+38
0.39771196246147156, 0.12127794325351715, -0.3064168691635132, -2.3416838986113277e+38
0.40412023663520813, 0.13397254049777985, -0.30930137634277344, -2.3817171158629193e+38
0.38981667160987854, 0.13261878490447998, -0.28931689262390137, -2.3683727101123888e+38
0.39529213309288025, 0.1448373943567276, -0.2909843921661377, -2.3550283043618582e+38
0.4132603406906128, -0.14264430105686188, -0.30570125579833984, -2.3817171158629193e+38
0.41075289249420166, -0.12212937325239182, -0.31033533811569214, -2.3683723044641967e+38
0.4185916781425476, -0.12618355453014374, -0.31194543838500977, -2.3550283043618582e+38
0.4150986075401306, -0.10512805730104446, -0.3152797222137451, -2.3815609413089712e+38
0.4232426583766937, -0.10873647034168243, -0.3171486258506775, -2.3948532212668204e+38
0.42864349484443665, -0.10221974551677704, -0.32794713973999023, -2.4081457040487656e+38
0.43164747953414917, -0.09352555871009827, -0.3327271342277527, -2.421490109799296e+38
0.4277707040309906, -0.0829196646809578, -0.3406808376312256, -2.3550283043618582e+38
0.43703949451446533, -0.07517983764410019, -0.34132474660873413, -2.394957472852183e+38
0.4418795704841614, -0.06674757599830627, -0.35130971670150757, -2.39506152161345e+38
0.44402408599853516, -0.05672533065080643, -0.3547590970993042, -2.395061724437546e+38
0.4330105781555176, -0.03316711634397507, -0.34506118297576904, -2.354976989865561e+38
0.4409113824367523, -0.04476749897003174, -0.3454204201698303, -2.3550285071859543e+38
0.43671876192092896, -0.022827407345175743, -0.3327535390853882, -2.368372912936485e+38
0.43330103158950806, -0.012189026921987534, -0.3236137628555298, -2.39506152161345e+38
0.41978052258491516, 0.007694871164858341, -0.3083077073097229, -2.381665192894334e+38
0.42586109042167664, -0.001714874990284443, -0.3048756718635559, -2.3817173186870154e+38
0.41461101174354553, 0.01666085794568062, -0.29498404264450073, -2.3816132699257486e+38
0.4190331697463989, 0.02564118057489395, -0.2882711887359619, -2.3949055498835978e+38
0.4125458598136902, 0.03410723805427551, -0.2904757857322693, -2.3683727101123888e+38
0.4181457757949829, 0.04342909902334213, -0.2873767018318176, -2.3949055498835978e+38
0.41027727723121643, 0.059987738728523254, -0.28762054443359375, -2.3418396675170837e+38
0.4173426628112793, 0.05222085118293762, -0.2863888144493103, -2.4082497528100323e+38
0.41070687770843506, 0.06913407891988754, -0.2902536392211914, -2.3416838986113277e+38
0.4187154769897461, 0.0804843008518219, -0.29427409172058105, -2.3816130671016526e+38
0.4144032895565033, 0.08969096839427948, -0.3038708567619324, -2.3817171158629193e+38
0.41425490379333496, 0.0992850810289383, -0.30582964420318604, -2.3683727101123888e+38
0.42799025774002075, 0.11634848266839981, -0.3248027563095093, -2.3151512616642147e+38
0.4296228289604187, 0.1284591108560562, -0.33202213048934937, -2.3284956674147453e+38
0.41745319962501526, 0.14334549009799957, -0.32704073190689087, -2.395061724437546e+38
0.42669978737831116, 0.13712772727012634, -0.32778310775756836, -2.368372912936485e+38
0.4087025821208954, 0.14533543586730957, -0.3065298795700073, -2.39506152161345e+38
0.411163866519928, 0.15477803349494934, -0.2980037331581116, -2.3416841014354237e+38
0.406015545129776, 0.15968291461467743, -0.28821319341659546, -2.3550285071859543e+38
0.4291502833366394, -0.15199096500873566, -0.30776453018188477, -2.3817169130388233e+38
0.425136923789978, -0.14014148712158203, -0.31313908100128174, -2.4084059273639804e+38
0.43524789810180664, -0.13474425673484802, -0.3146091103553772, -2.368372912936485e+38
0.4341128170490265, -0.11440335959196091, -0.3246878385543823, -2.394957675676279e+38
0.43927812576293945, -0.12677259743213654, -0.32058918476104736, -2.3817173186870154e+38
0.4468124508857727, -0.10959094017744064, -0.3317486047744751, -2.3548729411042943e+38
0.45027652382850647, -0.1004105806350708, -0.33687645196914673, -2.3549248640728796e+38
0.4439968466758728, -0.07666362076997757, -0.33769941329956055, -2.3683207871438034e+38
0.4508037567138672, -0.08928725868463516, -0.33549875020980835, -2.3950100042930566e+38
0.4487401843070984, -0.056886762380599976, -0.34504514932632446, -2.3683727101123888e+38
0.45373237133026123, -0.06827577203512192, -0.3377789258956909, -2.328443947270256e+38
0.4448482394218445, -0.03411758691072464, -0.3330778479576111, -2.368372912936485e+38
0.4503820836544037, -0.04512399435043335, -0.327018141746521, -2.3683213956160915e+38
0.43589258193969727, -0.011990327388048172, -0.3104623556137085, -2.368372912936485e+38
0.4462581276893616, -0.023109329864382744, -0.3156965374946594, -2.354976989865561e+38
0.43093881011009216, 0.007638287730515003, -0.2982974052429199, -2.3416321784668384e+38
0.43717265129089355, -0.0020023025572299957, -0.2944672107696533, -2.2882549611129083e+38
0.42535579204559326, 0.025936782360076904, -0.28562551736831665, -2.394801501122331e+38
0.4319043457508087, 0.01695769652724266, -0.2826879024505615, -2.3015468354225654e+38
0.4244154989719391, 0.044056057929992676, -0.2846900224685669, -2.36811268962127e+38
0.4314556121826172, 0.03549569845199585, -0.28247952461242676, -2.3015468354225654e+38
0.42246556282043457, 0.06184796988964081, -0.28228455781936646, -2.314787192411829e+38
0.429918110370636, 0.053810395300388336, -0.280742347240448, -2.3282356469236265e+38
0.42289888858795166, 0.071310855448246, -0.2847450375556946, -2.3282354440995304e+38
0.4231002628803253, 0.08084341883659363, -0.2869054079055786, -2.3549242556005915e+38
0.43324458599090576, 0.09400847554206848, -0.2944350242614746, -2.328339492860797e+38
0.4329829514026642, 0.10403787344694138, -0.29602789878845215, -2.328339492860797e+38
0.4362022280693054, 0.13043932616710663, -0.3282182812690735, -2.2884624501631536e+38
0.4428895115852356, 0.1324496567249298, -0.32417017221450806, -2.275118044412623e+38
0.43206676840782166, 0.14967592060565948, -0.3247947096824646, -2.368372912936485e+38
0.4384866952896118, 0.15188908576965332, -0.3204711675643921, -2.2616176669322405e+38
0.4325225353240967, 0.15793663263320923, -0.3099730610847473, -2.2883064784333016e+38
0.42658188939094543, 0.16343912482261658, -0.2995535135269165, -2.3149952899343627e+38
0.4534193277359009, -0.19628368318080902, -0.3335351347923279, -2.328339492860797e+38
0.4379904270172119, -0.16974453628063202, -0.31370413303375244, -2.328339492860797e+38
0.4491357207298279, -0.16493897140026093, -0.31511759757995605, -2.3416838986113277e+38
0.4414653778076172, -0.1368771642446518, -0.3097277283668518, -2.3550283043618582e+38
0.45046573877334595, -0.1414441615343094, -0.3103974461555481, -2.328339492860797e+38
0.4498007297515869, -0.1204066351056099, -0.32165175676345825, -2.354976787041465e+38
0.4550260305404663, -0.1332506537437439, -0.3166894316673279, -2.3416838986113277e+38
0.45368409156799316, -0.11153105646371841, -0.3271973133087158, -2.3416325841150305e+38
0.46452566981315613, -0.10411392897367477, -0.3277076482772827, -2.301651289832024e+38
0.4582922160625458, -0.0797097384929657, -0.3297053575515747, -2.3417887586689786e+38
0.46815192699432373, -0.09432880580425262, -0.33269864320755005, -2.3282881783645e+38
0.458161860704422, -0.057260043919086456, -0.32574671506881714, -2.288515184428123e+38
0.46297958493232727, -0.06866300106048584, -0.3180149793624878, -2.354977395513753e+38
0.44283682107925415, -0.03151284158229828, -0.29071247577667236, -2.3416327869391265e+38
0.4524851143360138, -0.04325737804174423, -0.29384106397628784, -2.328288989660884e+38
0.4442403316497803, -0.021939458325505257, -0.29282045364379883, -2.3416327869391265e+38
0.45235273241996765, -0.012640051543712616, -0.291032075881958, -2.328288786836788e+38
0.44031786918640137, 0.007610101252794266, -0.2833777666091919, -2.3416845070836158e+38
0.4487502872943878, -0.0023008612915873528, -0.28344398736953735, -2.328288584012692e+38
0.4384172558784485, 0.02654743380844593, -0.2797122597694397, -2.3416841014354237e+38
0.4452492594718933, 0.01722506247460842, -0.27634382247924805, -2.2749101497141857e+38
0.4373602271080017, 0.04535031318664551, -0.2786927819252014, -2.3149952899343627e+38
0.44474512338638306, 0.036471374332904816, -0.2760887145996094, -2.3149433669657773e+38
0.43640273809432983, 0.05462987720966339, -0.2776005268096924, -2.3283396956848932e+38
0.4371183216571808, 0.06446190178394318, -0.28027504682540894, -2.3149431641416813e+38
0.43775755167007446, 0.08436813205480576, -0.28465503454208374, -2.314891038349e+38
0.44629400968551636, 0.07640668004751205, -0.2833523750305176, -2.3281313953382637e+38
0.4397619962692261, 0.09550026059150696, -0.2908438444137573, -2.328339492860797e+38
0.4505764842033386, 0.1100098192691803, -0.29771649837493896, -2.368372912936485e+38
0.4496800899505615, 0.13448859751224518, -0.31986576318740845, -2.2750661214440378e+38
0.4573712944984436, 0.1254419982433319, -0.31420350074768066, -2.368372912936485e+38
0.44499140977859497, 0.15412738919258118, -0.3158901333808899, -2.2616174641081444e+38
0.45549720525741577, 0.14761453866958618, -0.3160703778266907, -2.328339492860797e+38
0.4347262382507324, 0.16798707842826843, -0.29999011754989624, -2.3550283043618582e+38
0.4474581182003021, 0.16474910080432892, -0.3057326078414917, -2.4084059273639804e+38
0.4263090491294861, 0.17067627608776093, -0.2845395803451538, -2.3416838986113277e+38
0.42973601818084717, 0.18215790390968323, -0.27859193086624146, -2.354976178569177e+38
0.4936434030532837, -0.2328360378742218, -0.3755212426185608, -2.3550285071859543e+38
0.46923768520355225, -0.19538410007953644, -0.3422853350639343, -2.3683727101123888e+38
0.47852909564971924, -0.18633130192756653, -0.3360421657562256, -2.3550283043618582e+38
0.4628310203552246, -0.14879187941551208, -0.316914439201355, -2.3416838986113277e+38
0.4727576971054077, -0.15381671488285065, -0.31714314222335815, -2.3550283043618582e+38
0.4663311541080475, -0.12669254839420319, -0.31742262840270996, -2.3416841014354237e+38
0.47332900762557983, -0.12880687415599823, -0.31183040142059326, -2.368372912936485e+38
0.47179970145225525, -0.10600142925977707, -0.32269734144210815, -2.314892255293576e+38
0.47916391491889954, -0.1079101637005806, -0.3173856735229492, -2.3814581094922807e+38
0.47608017921447754, -0.08430345356464386, -0.3264715075492859, -2.3416319756427424e+38
0.4832228422164917, -0.0978919267654419, -0.3225638270378113, -2.381509626812674e+38
0.47787874937057495, -0.0714687705039978, -0.30879563093185425, -2.3282350384513384e+38
0.47499391436576843, -0.05890832096338272, -0.30196696519851685, -2.3015464297743733e+38
0.4595392942428589, -0.04423093795776367, -0.2898626923561096, -2.328288989660884e+38
0.46877142786979675, -0.03505820035934448, -0.28831231594085693, -2.3148405351490868e+38
0.45948946475982666, -0.013067079707980156, -0.2872803807258606, -2.3015482551912376e+38
0.46926337480545044, -0.013817358762025833, -0.28778237104415894, -2.3014961293985562e+38
0.4563177227973938, 0.00748634897172451, -0.28071749210357666, -2.328287975540404e+38
0.46527546644210815, -0.002938595600426197, -0.28021615743637085, -2.3415285353537637e+38
0.45430487394332886, 0.01745612360537052, -0.27695417404174805, -2.3282356469236265e+38
0.4661145508289337, 0.017795849591493607, -0.28162091970443726, -2.354872332632006e+38
0.4515874683856964, 0.036973677575588226, -0.27253609895706177, -2.36811268962127e+38
0.46229255199432373, 0.04834367334842682, -0.2761554718017578, -2.3680088436840993e+38
0.45487532019615173, 0.06795598566532135, -0.28153669834136963, -2.328027346576997e+38
0.4619092047214508, 0.06902792304754257, -0.27746957540512085, -2.3413204378312303e+38
0.45536574721336365, 0.07850319147109985, -0.283841609954834, -2.3280794723696783e+38
0.462383508682251, 0.0797535702586174, -0.2796670198440552, -2.3279762349047958e+38
0.4550354480743408, 0.11036902666091919, -0.28868407011032104, -2.368268864175218e+38
0.46237289905548096, 0.10132309794425964, -0.28299081325531006, -2.341424283768401e+38
0.4644436538219452, 0.12739785015583038, -0.30951422452926636, -2.354976381393273e+38
0.4706133008003235, 0.14075793325901031, -0.30528879165649414, -2.3280792695455823e+38
0.4623710811138153, 0.1498250663280487, -0.31104177236557007, -2.3549242556005915e+38
0.4677410125732422, 0.16324687004089355, -0.30583351850509644, -2.3547680810466434e+38
0.4565093219280243, 0.16945062577724457, -0.305839478969574, -2.4083018786027137e+38
0.46308737993240356, 0.1718306690454483, -0.3002331256866455, -2.368112486797174e+38
0.44469088315963745, 0.18256507813930511, -0.28895455598831177, -2.3682165355584407e+38
0.4481121301651001, 0.19472452998161316, -0.2820262312889099, -2.1413618406235175e+38
0.5055906176567078, -0.24101074039936066, -0.376213014125824, -2.341736227228105e+38
0.5095425248146057, -0.25725945830345154, -0.3663792014122009, -2.3414764095610823e+38
0.5159682035446167, -0.2303360253572464, -0.36785888671875, -2.3413717523275275e+38
0.5139548182487488, -0.21202602982521057, -0.35971003770828247, -2.341423878120209e+38
0.4918540120124817, -0.1805392950773239, -0.3368494510650635, -2.3682167383825367e+38
0.5099484920501709, -0.17761515080928802, -0.34467077255249023, -2.341423878120209e+38
0.49244141578674316, -0.1529514342546463, -0.330719530582428, -2.368269066999314e+38
0.48709094524383545, -0.135650634765625, -0.3179577589035034, -2.354976584217369e+38
0.4852987229824066, -0.12160136550664902, -0.3119593858718872, -2.3948534240909164e+38
0.48660987615585327, -0.1098378598690033, -0.311759352684021, -2.394801501122331e+38
0.48827195167541504, -0.08608600497245789, -0.31036221981048584, -2.3547686895189315e+38
0.49524515867233276, -0.09979213774204254, -0.3054500222206116, -2.288202429672035e+38
0.48247218132019043, -0.07168316096067429, -0.29848265647888184, -2.3547686895189315e+38
0.4933028817176819, -0.06244207173585892, -0.29701972007751465, -2.2881513179998336e+38
0.49303489923477173, -0.05055534094572067, -0.2953141927719116, -2.3146843605951387e+38
0.4865201711654663, -0.03738023340702057, -0.2836359143257141, -2.3412169975422516e+38
0.4767548441886902, -0.014265591278672218, -0.2834223508834839, -2.3547690951671236e+38
0.48562484979629517, -0.025990044698119164, -0.2813844084739685, -2.3412165918940596e+38
0.47517603635787964, -0.0033579180017113686, -0.28034836053848267, -2.3547682838707394e+38
0.4807763695716858, 0.007305707782506943, -0.2724109888076782, -2.3015472410707574e+38
0.47338321805000305, 0.02853812649846077, -0.2774377465248108, -2.3680603610044926e+38
0.48104289174079895, 0.018094927072525024, -0.27289485931396484, -2.274806303777015e+38
0.4728638529777527, 0.0390944629907608, -0.2770187258720398, -2.3680086408600032e+38
0.48297828435897827, 0.04003291577100754, -0.2767619490623474, -2.3547682838707394e+38
0.4740604758262634, 0.07170800119638443, -0.28176945447921753, -2.3011320601461707e+38
0.4832943379878998, 0.06220100820064545, -0.27883797883987427, -2.3413204378312303e+38
0.4774385392665863, 0.09534946829080582, -0.29055100679397583, -2.3279245147603064e+38
0.48474764823913574, 0.08525345474481583, -0.28364694118499756, -2.287891500332811e+38
0.47964227199554443, 0.11979517340660095, -0.29830753803253174, -2.3280794723696783e+38
0.4876033663749695, 0.10988494753837585, -0.2917165160179138, -2.2879951434458855e+38
0.4923415780067444, 0.13708089292049408, -0.30399972200393677, -2.2347732893495194e+38
0.4911630153656006, 0.14912661910057068, -0.3045769929885864, -2.301079123057105e+38
0.4775993227958679, 0.16797810792922974, -0.30544108152389526, -2.341424283768401e+38
0.4896475076675415, 0.16106419265270233, -0.304807186126709, -2.314579703361584e+38
0.4674326181411743, 0.18498991429805756, -0.2936021685600281, -2.247961926194294e+38
0.4793696701526642, 0.17916454374790192, -0.2933306097984314, -2.3281845352514253e+38
0.4565995931625366, 0.19997358322143555, -0.2808604836463928, -2.2747022550157482e+38
0.46828973293304443, 0.19518257677555084, -0.2808341979980469, -2.301339549196416e+38
0.4566473364830017, 0.20907263457775116, -0.26757049560546875, -2.3279760320806997e+38
0.5200960636138916, -0.24669234454631805, -0.3578110933303833, -2.3279758292566037e+38
0.5289771556854248, -0.26894789934158325, -0.35576510429382324, -2.3277683402063583e+38
0.5166655778884888, -0.21030345559120178, -0.34294629096984863, -2.3279754236084116e+38
0.5256374478340149, -0.23085561394691467, -0.3408447504043579, -2.354405025914738e+38
0.5222077369689941, -0.1838746815919876, -0.3443533182144165, -2.3012872205796386e+38
0.5224214792251587, -0.1958152800798416, -0.32766443490982056, -2.28778664027516e+38
0.5055962800979614, -0.1426345854997635, -0.31085407733917236, -2.287943017653204e+38
0.5148114562034607, -0.16010630130767822, -0.30907952785491943, -2.2878908918605227e+38
0.5191799998283386, -0.13486544787883759, -0.31017327308654785, -2.234565394651082e+38
0.5168720483779907, -0.11983770877122879, -0.3042454123497009, -2.2479615205461018e+38
0.502957284450531, -0.10160945355892181, -0.2993272542953491, -2.3013910665168093e+38
0.5117374658584595, -0.09106502681970596, -0.29247117042541504, -2.2479100032257085e+38
0.5011755228042603, -0.0637269839644432, -0.291442334651947, -2.2747026606639403e+38
0.5088809728622437, -0.07729833573102951, -0.2865625023841858, -2.247962331842486e+38
0.50419682264328, -0.05255173146724701, -0.2949025630950928, -2.2879955490940776e+38
0.5116902589797974, -0.041252247989177704, -0.28707683086395264, -2.274495171613695e+38
0.4963103234767914, -0.027163034304976463, -0.28086745738983154, -2.3145281860411906e+38
0.5029054880142212, -0.016000140458345413, -0.27284640073776245, -2.2745470945822803e+38
0.4876853823661804, -0.0036851875483989716, -0.2666337490081787, -2.2614625064987725e+38
0.49612802267074585, 0.007203262764960527, -0.2624328136444092, -2.2347738978218075e+38
0.49127131700515747, 0.029499199241399765, -0.2723149061203003, -2.30133833225184e+38
0.49642521142959595, 0.018403099849820137, -0.2629162073135376, -2.2613061291207284e+38
0.49822157621383667, 0.05330648273229599, -0.28419041633605957, -2.3279230949916342e+38
0.5138177871704102, 0.04335939139127731, -0.2890917658805847, -2.261253394855759e+38
0.49669206142425537, 0.06461481004953384, -0.2827121615409851, -2.327767326085878e+38
0.5046514868736267, 0.06561906635761261, -0.2771869897842407, -2.2344615487139113e+38
0.4982913136482239, 0.08874661475419998, -0.28763526678085327, -2.2877353257788627e+38
0.5063461065292358, 0.10250072181224823, -0.2835800051689148, -2.261098842894579e+38
0.5041955709457397, 0.12864986062049866, -0.3023495674133301, -2.2611501573908763e+38
0.512725830078125, 0.11793264746665955, -0.29486823081970215, -2.247806157288538e+38
0.5020034909248352, 0.1535259485244751, -0.3036879897117615, -2.2611501573908763e+38
0.514624834060669, 0.14532333612442017, -0.30201709270477295, -2.2610465142778016e+38
0.49697941541671753, 0.16340447962284088, -0.29832786321640015, -2.3146318291542652e+38
0.5021687746047974, 0.17773538827896118, -0.29101991653442383, -2.5417990760211807e+38
0.48614874482154846, 0.18159618973731995, -0.28668391704559326, -2.234877743758978e+38
0.4901081621646881, 0.19514283537864685, -0.2784816026687622, -2.5151102645201196e+38
0.47750627994537354, 0.20052236318588257, -0.27910315990448, -2.2347736949977115e+38
0.48699861764907837, 0.2060122787952423, -0.27698785066604614, -2.0346076087397533e+38
0.46798932552337646, 0.21774370968341827, -0.2704801559448242, -2.2745466889340882e+38
0.4699658751487732, 0.22975406050682068, -0.2607317566871643, -2.221169471580158e+38
0.5576180219650269, -0.3099152147769928, -0.36110490560531616, -2.127966931673074e+38
0.5419135093688965, -0.27821084856987, -0.3543868064880371, -2.261098437246387e+38
0.5471954345703125, -0.2607406675815582, -0.33582156896591187, -2.154655540350039e+38
0.536505401134491, -0.2202886939048767, -0.3325764536857605, -2.2878391717160334e+38
0.5439232587814331, -0.22297446429729462, -0.32274341583251953, -2.1547595891113056e+38
0.532986044883728, -0.18537253141403198, -0.32000720500946045, -2.2611499545667803e+38
0.5372388362884521, -0.20100130140781403, -0.30959898233413696, -2.128018854641659e+38
0.5180915594100952, -0.15949708223342896, -0.29498839378356934, -2.261149346094492e+38
0.5325362682342529, -0.15216925740242004, -0.2939056158065796, -2.181239897441641e+38
0.5288774967193604, -0.12407981604337692, -0.3028561472892761, -2.2478053459921537e+38
0.5349457263946533, -0.13926208019256592, -0.2946782112121582, -2.1812401002657372e+38
0.5262539982795715, -0.10900182276964188, -0.29697299003601074, -2.2212211917246474e+38
0.5396716594696045, -0.09949734807014465, -0.29480069875717163, -2.088037966006845e+38
0.5243381261825562, -0.06864409148693085, -0.2892882823944092, -2.194585317312652e+38
0.5362863540649414, -0.08452024310827255, -0.2886285185813904, -2.0746939659045065e+38
0.5278074145317078, -0.05676247179508209, -0.2929290533065796, -2.194585520136748e+38
0.535642147064209, -0.044689424335956573, -0.2841876745223999, -2.0479540427312442e+38
0.5223301649093628, -0.0302052590996027, -0.28350573778152466, -2.1943768141419263e+38
0.5364702939987183, -0.018932150676846504, -0.28394192457199097, -2.114415848168682e+38
0.5061010718345642, -0.004388193599879742, -0.26006293296813965, -2.1680520718932508e+38
0.518053412437439, 0.007020710967481136, -0.2592267394065857, -2.0080770000336007e+38
0.5131667852401733, 0.03078254498541355, -0.270013689994812, -2.11472657468381e+38
0.5283241271972656, 0.01932496204972267, -0.27277320623397827, -1.9814918316456143e+38
0.5292643308639526, 0.04496115446090698, -0.2928330898284912, -2.0746935602563144e+38
0.5442665219306946, 0.05982253700494766, -0.29515761137008667, -1.994836237396145e+38
0.5261039137840271, 0.06989683955907822, -0.29001861810684204, -2.101278931468397e+38
0.5358871221542358, 0.08440244942903519, -0.2860633134841919, -1.9815445659105838e+38
0.521088719367981, 0.10684658586978912, -0.2869250178337097, -2.127967337321266e+38
0.5328425168991089, 0.09663327783346176, -0.28330713510513306, -1.9682003629841493e+38
0.5274571776390076, 0.13641875982284546, -0.29972416162490845, -2.088038168830941e+38
0.5356992483139038, 0.13848817348480225, -0.29232966899871826, -2.0080770000336007e+38
0.5173158645629883, 0.1580733060836792, -0.28980404138565063, -2.0478485742013052e+38
0.5305436849594116, 0.14969007670879364, -0.2875036597251892, -2.021265028406087e+38
0.515341579914093, 0.17056237161159515, -0.2895626425743103, -2.101380546340511e+38
0.5228469371795654, 0.17294315993785858, -0.2818711996078491, -2.1814987009881838e+38
0.5036234855651855, 0.20360565185546875, -0.2813684940338135, -2.6621583426188823e+38
0.5173824429512024, 0.19744734466075897, -0.2799926996231079, -2.7823087003976663e+38
0.4931657910346985, 0.22246883809566498, -0.2725844979286194, -2.0480572801961268e+38
0.5105582475662231, 0.2208784818649292, -0.2768811583518982, -1.8348585288232462e+38
0.4818776249885559, 0.23935778439044952, -0.2628556489944458, -2.1278111627673178e+38
0.49093061685562134, 0.24554690718650818, -0.25946861505508423, -2.0746428542323053e+38
0.5814271569252014, -0.3476216793060303, -0.35450947284698486, -2.0615582661487975e+38
0.5865986943244934, -0.3320954144001007, -0.35606980323791504, -2.034817531679151e+38
0.5604913234710693, -0.2696121335029602, -0.3332606554031372, -2.0215242376008218e+38
0.5838003158569336, -0.3082357347011566, -0.3472943902015686, -2.0747986231380613e+38
0.5628312826156616, -0.2356632798910141, -0.32812297344207764, -2.0481609233092015e+38
0.5722874402999878, -0.2581566274166107, -0.32337385416030884, -2.0747986231380613e+38
0.5337849855422974, -0.1796668916940689, -0.2824764847755432, -2.0747978118416772e+38
0.5627220869064331, -0.21472440659999847, -0.3037486672401428, -2.048213860398267e+38
0.5401992797851562, -0.1544521003961563, -0.2853727340698242, -2.074746294521284e+38
0.5399664640426636, -0.1664106547832489, -0.269264817237854, -2.088194343384889e+38
0.5450326204299927, -0.1282348930835724, -0.2869299054145813, -2.0746424485841132e+38
0.5530998706817627, -0.13030537962913513, -0.278342068195343, -2.101435917318729e+38
0.5524762272834778, -0.10310086607933044, -0.2925572395324707, -2.0879868543346438e+38
0.5643774271011353, -0.1210659071803093, -0.29000526666641235, -2.0747990287862534e+38
0.5532189607620239, -0.08919300138950348, -0.29186534881591797, -2.0746424485841132e+38
0.5668014287948608, -0.07806314527988434, -0.28808504343032837, -2.1013316657333664e+38
0.5531708002090454, -0.06127304583787918, -0.2891894578933716, -2.0348698602959285e+38
0.5656711459159851, -0.04926992207765579, -0.2845872640609741, -2.074746902993572e+38
0.5532011985778809, -0.020341308787465096, -0.28689706325531006, -2.0214735315768126e+38
0.5642582774162292, -0.03499802201986313, -0.2821546196937561, -2.008233174587549e+38
0.5557247400283813, 0.006602762266993523, -0.28952252864837646, -2.021525454545398e+38
0.5682597160339355, -0.007503030821681023, -0.2859591245651245, -2.0612984484817748e+38
0.5560512542724609, 0.020205384120345116, -0.28998076915740967, -2.021525454545398e+38
0.5649653673171997, 0.03423518314957619, -0.2822301983833313, -2.008129328650378e+38
0.5589786767959595, 0.04789675772190094, -0.2943609952926636, -2.0081810487948674e+38
0.5710068941116333, 0.06320959329605103, -0.290488600730896, -2.0481625459019697e+38
0.5552326440811157, 0.07487338781356812, -0.2912532687187195, -2.021525454545398e+38
0.5613934993743896, 0.08934645354747772, -0.28103500604629517, -2.034766014358758e+38
0.5452756285667419, 0.11318663507699966, -0.2825886607170105, -2.0614033085394256e+38
0.5578781962394714, 0.10233041644096375, -0.27810555696487427, -2.0347658115346618e+38
0.5439639091491699, 0.14056125283241272, -0.28452008962631226, -2.0612984484817748e+38
0.5574971437454224, 0.13065147399902344, -0.2807769179344177, -2.0879868543346438e+38
0.5366350412368774, 0.16500551998615265, -0.2794969081878662, -2.1146740432429366e+38
0.5506693124771118, 0.15630735456943512, -0.27644211053848267, -2.1546036173814535e+38
0.5356626510620117, 0.19356799125671387, -0.28349757194519043, -2.8622181490505173e+38
0.5549434423446655, 0.18881870806217194, -0.28650611639022827, -2.2614081496410348e+38
0.5412139892578125, 0.21298032999038696, -0.2938748002052307, -2.822341512001066e+38
0.5633013248443604, 0.2267945259809494, -0.30282485485076904, -2.8889075690238665e+38
0.5344240665435791, 0.2552819848060608, -0.2953222393989563, -2.034922188912706e+38
0.551193356513977, 0.2674190104007721, -0.29808509349823, -2.0615582661487975e+38
0.5254215598106384, 0.2628295421600342, -0.2868770956993103, -2.008129328650378e+38
0.53644859790802, 0.28731295466423035, -0.2868981957435608, -2.021525454545398e+38
0.5072354078292847, 0.27566418051719666, -0.26967811584472656, -2.0481102172851923e+38
0.5216694474220276, 0.28811097145080566, -0.27142125368118286, -2.0081810487948674e+38
0.6019625663757324, -0.3438881039619446, -0.35271602869033813, -2.0747986231380613e+38
0.6088472604751587, -0.34633129835128784, -0.3379245400428772, -2.1147275888042902e+38
0.5833155512809753, -0.3030225336551666, -0.32446616888046265, -2.0746945743767946e+38
0.5885412693023682, -0.28836023807525635, -0.3265027403831482, -2.114675665835705e+38
0.5778209567070007, -0.24100489914417267, -0.3055301308631897, -2.1015391547836117e+38
0.579980731010437, -0.25739219784736633, -0.29129719734191895, -2.1680009602210496e+38
0.5835633277893066, -0.22448763251304626, -0.28852134943008423, -2.1147789033005874e+38
0.5651115775108337, -0.19394832849502563, -0.26484566926956177, -2.1547604004076898e+38
0.5507020950317383, -0.15608333051204681, -0.2616194486618042, -2.1280713860825326e+38
0.5590808391571045, -0.17407849431037903, -0.2555130124092102, -2.1414161974812553e+38
0.5538344979286194, -0.14319203794002533, -0.26299697160720825, -2.1013823717573755e+38
0.5691142082214355, -0.13440650701522827, -0.259867787361145, -2.1547092887354886e+38
0.583167314529419, -0.12772908806800842, -0.29258400201797485, -2.0879868543346438e+38
0.5989949107170105, -0.11682271212339401, -0.2884370684623718, -2.128072805851205e+38
0.5805925130844116, -0.08098523318767548, -0.284865140914917, -2.0615069516525003e+38
0.5998795032501221, -0.10124080628156662, -0.28779423236846924, -2.114832448861941e+38
0.5803089141845703, -0.06609201431274414, -0.2833789587020874, -2.087987259982836e+38
0.5936145782470703, -0.05327623337507248, -0.2776697278022766, -2.1147281972765783e+38
0.5826224684715271, -0.0372258722782135, -0.28424668312072754, -2.0747992316103495e+38
0.5851356387138367, -0.022912031039595604, -0.28649115562438965, -2.0481106229333844e+38
0.586941123008728, -0.008373359218239784, -0.28814470767974854, -2.0481625459019697e+38
0.5977272987365723, 0.006249279715120792, -0.28021544218063354, -2.0748511545789348e+38
0.5883747935295105, 0.021072212606668472, -0.28963810205459595, -2.048213860398267e+38
0.5980949401855469, 0.021266918629407883, -0.2806514501571655, -2.0881957631535614e+38
0.585057258605957, 0.06498753279447556, -0.2873225808143616, -2.048214266046459e+38
0.5965157747268677, 0.051192864775657654, -0.2796875834465027, -2.07490307754752e+38
0.5793368816375732, 0.09320653975009918, -0.28284382820129395, -2.034921783264514e+38
0.5885524749755859, 0.09460582584142685, -0.2737876772880554, -2.1547088830872965e+38
0.5754966139793396, 0.10678733885288239, -0.27977854013442993, -2.048213860398267e+38
0.584504246711731, 0.10838431864976883, -0.27070385217666626, -2.141364477336766e+38
0.5648715496063232, 0.14680534601211548, -0.2726280689239502, -2.154499974268379e+38
0.5791466236114502, 0.13646213710308075, -0.2679750919342041, -2.1413123515440846e+38
0.5702961683273315, 0.1802128106355667, -0.28320395946502686, -2.1946883519534384e+38
0.6137605905532837, 0.18539297580718994, -0.30942267179489136, -2.101435511670537e+38
0.5942642092704773, 0.21144545078277588, -0.31374168395996094, -2.2881490869347772e+38
0.5997222065925598, 0.22974291443824768, -0.30198395252227783, -2.902250960653917e+38
0.5839921236038208, 0.2571006715297699, -0.3111676573753357, -2.635573174230896e+38
0.602191150188446, 0.24961638450622559, -0.30785518884658813, -2.8489777920612535e+38
0.5691823363304138, 0.2804599702358246, -0.300664484500885, -2.0882470776498586e+38
0.5872147083282471, 0.2745148539543152, -0.2977704405784607, -2.00797213997595e+38
0.5708963871002197, 0.2965885400772095, -0.28648507595062256, -2.141364882984958e+38
0.5594978332519531, 0.30353987216949463, -0.27709686756134033, -2.1679496457247524e+38
0.5423147082328796, 0.30736044049263, -0.2795869708061218, -2.1148841690064304e+38
0.5420585870742798, 0.32109197974205017, -0.2646435499191284, -2.061350777098552e+38
0.5993480682373047, -0.3702148497104645, -0.292438268661499, -1.8747382082341382e+38
0.6154898405075073, -0.34863045811653137, -0.32274067401885986, -2.114831840389653e+38
0.615240216255188, -0.36606064438819885, -0.3047637343406677, -1.8747382082341382e+38
0.6215164661407471, -0.33281880617141724, -0.3248363137245178, -2.0747986231380613e+38
0.6091830730438232, -0.29574644565582275, -0.28565287590026855, -1.9414077055459175e+38
0.586756706237793, -0.2598004937171936, -0.27876293659210205, -2.088143028888592e+38
0.6134092211723328, -0.25999143719673157, -0.28285086154937744, -1.901374488294326e+38
0.6041431427001953, -0.23708482086658478, -0.2906985282897949, -2.0615586717969896e+38
0.6238139867782593, -0.22968164086341858, -0.28700023889541626, -1.9680965170469786e+38
0.5653282403945923, -0.16040043532848358, -0.24199266731739044, -2.0614024972430415e+38
0.5731675624847412, -0.1784640997648239, -0.23443005979061127, -1.9680963142228825e+38
0.5689769983291626, -0.14737392961978912, -0.24366186559200287, -2.101279539940685e+38
0.5848191976547241, -0.13841615617275238, -0.23961247503757477, -1.9014785370555926e+38
0.5951132774353027, -0.12937401235103607, -0.2665836215019226, -2.1280206800585235e+38
0.6056090593338013, -0.11620364338159561, -0.2561725974082947, -1.888134536953254e+38
0.6040271520614624, -0.0854993388056755, -0.2710978388786316, -2.0080256855373035e+38
0.6125304698944092, -0.10274245589971542, -0.2613013982772827, -1.91477142548573e+38
0.6136714816093445, -0.05645541846752167, -0.27867716550827026, -2.0479552596758204e+38
0.6243120431900024, -0.07390818744897842, -0.2700459361076355, -1.941460236986791e+38
0.6147415041923523, -0.02515890635550022, -0.278456449508667, -2.034767028479238e+38
0.6245372295379639, -0.025744954124093056, -0.2681047320365906, -1.914771831133922e+38
0.6114205121994019, -0.009318826720118523, -0.27482032775878906, -2.0081301399467623e+38
0.6224292516708374, 0.00605848990380764, -0.26566338539123535, -1.9148241597506993e+38
0.6130086183547974, 0.021643400192260742, -0.2762959599494934, -1.9947857341962317e+38
0.6073716878890991, 0.03672788664698601, -0.2709527611732483, -1.9947855313721357e+38
0.6040979623794556, 0.06688704341650009, -0.2687597870826721, -1.9814920344697103e+38
0.6157031059265137, 0.05259965360164642, -0.2600882053375244, -1.9281162368844525e+38
0.5977375507354736, 0.0960000678896904, -0.2642263174057007, -1.9681472230709877e+38
0.6106029748916626, 0.0827862098813057, -0.2566990256309509, -1.9280121881231857e+38
0.6088655591011047, 0.13094308972358704, -0.27801811695098877, -1.9548555515854266e+38
0.629416823387146, 0.12006821483373642, -0.2766045928001404, -1.914771831133922e+38
0.6442848443984985, 0.18031597137451172, -0.31760138273239136, -1.9281669429084616e+38
0.6695998907089233, 0.1705639660358429, -0.31799083948135376, -1.9015835999373395e+38
0.6338461637496948, 0.21196311712265015, -0.31165242195129395, -1.9149249633264295e+38
0.6598780155181885, 0.20459476113319397, -0.3129621148109436, -1.9415119571312802e+38
0.6277226805686951, 0.24585342407226562, -0.3109006881713867, -2.8755619463287598e+38
0.6472363471984863, 0.23628443479537964, -0.3057928681373596, -2.2082398411060223e+38
0.6321451663970947, 0.2652186155319214, -0.29678481817245483, -2.7422750774978826e+38
0.6203294992446899, 0.27582117915153503, -0.2881700396537781, -2.6355224682068868e+38
0.5956713557243347, 0.29722708463668823, -0.2902633547782898, -1.9147182855725683e+38
0.615105390548706, 0.2911219000816345, -0.2862638235092163, -1.8080145568887172e+38
0.5714664459228516, 0.3119959235191345, -0.271332323551178, -1.901374893942518e+38
0.6034836769104004, 0.3204406499862671, -0.28167593479156494, -1.954752111296448e+38
0.5650178790092468, 0.3437481224536896, -0.2724757194519043, -1.9013740826461338e+38
0.5906165838241577, 0.34802863001823425, -0.2762833833694458, -1.928063299795387e+38
0.6137354373931885, -0.382478266954422, -0.2859598994255066, -1.888239599835001e+38
0.6187090277671814, -0.38371819257736206, -0.26933741569519043, -1.8749461029325756e+38
0.6306455731391907, -0.37855228781700134, -0.2983826994895935, -1.90153187979285e+38
0.6539474725723267, -0.37538662552833557, -0.29372382164001465, -1.9015831942891474e+38
0.6544722318649292, -0.3566446006298065, -0.31304460763931274, -1.9014274253833914e+38
0.667921245098114, -0.341941237449646, -0.2983412742614746, -1.914771831133922e+38
0.6220766305923462, -0.28352150321006775, -0.2739529609680176, -1.914771831133922e+38
0.6434415578842163, -0.27753373980522156, -0.2693224549293518, -1.9280121881231857e+38
0.6262437105178833, -0.2475360482931137, -0.27148646116256714, -1.9280119852990897e+38
0.672548234462738, -0.2573937177658081, -0.28885161876678467, -1.9547007968001508e+38
0.6090019941329956, -0.19900602102279663, -0.25005030632019043, -1.9414081111941095e+38
0.591633677482605, -0.16961753368377686, -0.21399347484111786, -1.941355985401428e+38
0.5836815237998962, -0.15141791105270386, -0.22260402143001556, -1.8880304881919874e+38
0.6110926866531372, -0.14755447208881378, -0.2269238382577896, -1.901375096766614e+38
0.5929257869720459, -0.10987180471420288, -0.22610093653202057, -1.8747386138823303e+38
0.6143044233322144, -0.13273490965366364, -0.22801215946674347, -1.888083019632861e+38
0.6221914291381836, -0.08845508098602295, -0.24964167177677155, -1.9014278310315834e+38
0.6488549709320068, -0.11223634332418442, -0.25409841537475586, -1.9014278310315834e+38
0.6512447595596313, -0.06218397617340088, -0.2733510136604309, -1.9014270197351993e+38
0.6915844678878784, -0.08804389834403992, -0.2872192859649658, -1.91477142548573e+38
0.6554995775222778, -0.045708589255809784, -0.27636629343032837, -1.8880826139846688e+38
0.6980728507041931, -0.0323992520570755, -0.29030513763427734, -1.914771831133922e+38
0.6378486156463623, 0.005928811151534319, -0.2598825693130493, -1.8881353482496383e+38
0.6536598205566406, 0.005795640405267477, -0.2533191442489624, -1.9014797540001688e+38
0.6320685148239136, 0.03806294500827789, -0.25509220361709595, -1.914771831133922e+38
0.6540831923484802, 0.022629279643297195, -0.25371217727661133, -1.8748947884362784e+38
0.630658745765686, 0.05398070812225342, -0.25426483154296875, -1.8747386138823303e+38
0.6494406461715698, 0.0726110115647316, -0.25110679864883423, -1.9413565938737163e+38
0.6322775483131409, 0.10308308154344559, -0.2580258846282959, -1.901531474144658e+38
0.6784383058547974, 0.09574660658836365, -0.2758474349975586, -1.9414085168423016e+38
0.6958104372024536, 0.15927539765834808, -0.3171807527542114, -1.9415125656035684e+38
0.7140032649040222, 0.1436305195093155, -0.30769723653793335, -1.9015835999373395e+38
0.6954652070999146, 0.1996028870344162, -0.32074403762817383, -1.9814938598865746e+38
0.7153984308242798, 0.18538154661655426, -0.31219571828842163, -1.914771831133922e+38
0.685565710067749, 0.21531762182712555, -0.31406170129776, -1.968149048487852e+38
0.6844227313995361, 0.23278695344924927, -0.2924307584762573, -1.9280622856749067e+38
0.6522741317749023, 0.25641584396362305, -0.2913821339607239, -2.8221841205025416e+38
0.6728026866912842, 0.24652186036109924, -0.28495079278945923, -2.2082396382819262e+38
0.6351867914199829, 0.28412896394729614, -0.2814464569091797, -2.6622108740597558e+38
0.6638522148132324, 0.28182312846183777, -0.2827235460281372, -2.6754498112803473e+38
0.6392711400985718, 0.3289027214050293, -0.29225218296051025, -1.928062894147195e+38
0.6611341238021851, 0.3223593235015869, -0.2867318391799927, -1.8479964596440116e+38
0.6249592304229736, 0.3370693325996399, -0.2821911573410034, -1.954752111296448e+38
0.6244373321533203, 0.354096919298172, -0.2643629312515259, -1.914772033958018e+38
0.633956789970398, 0.3861490488052368, -0.27722978591918945, -1.8748947884362784e+38
0.6751362085342407, -0.4181196987628937, -0.2939324975013733, -1.861600885885661e+38
0.7011736035346985, -0.41501584649086, -0.28746211528778076, -1.7948788571330082e+38
0.6899991035461426, -0.3825916647911072, -0.2982029318809509, -1.8748410400508287e+38
0.6970701217651367, -0.36433839797973633, -0.30022674798965454, -1.8747891170822434e+38
0.6989172697067261, -0.3179030120372772, -0.29448169469833374, -1.8747895227304355e+38
0.6994462013244629, -0.33852121233940125, -0.2747170925140381, -1.8747893199063394e+38
0.7241805791854858, -0.30999669432640076, -0.2873800992965698, -1.8482564801351304e+38
0.6398991942405701, -0.17719213664531708, -0.23342792689800262, -1.874737802585946e+38
0.6660694479942322, -0.1700032651424408, -0.23177103698253632, -1.861445319804001e+38
0.6704192161560059, -0.13636182248592377, -0.2524292469024658, -1.8613416766909263e+38
0.669421911239624, -0.15291327238082886, -0.23259900510311127, -1.861445319804001e+38
0.7186886668205261, -0.0934138223528862, -0.2861882448196411, -1.8747382082341382e+38
0.7358665466308594, -0.07590274512767792, -0.2748516798019409, -1.821515137193196e+38
0.7255123853683472, -0.03471303731203079, -0.2892000675201416, -1.8613935996595116e+38
0.7413184642791748, -0.05633000284433365, -0.2780500054359436, -1.8482562773110344e+38
0.7224310636520386, -0.014402620494365692, -0.26363420486450195, -1.7281568283803555e+38
0.7081900835037231, 0.005278654396533966, -0.25328826904296875, -1.7415533599235674e+38
0.6702785491943359, 0.0230393148958683, -0.24630393087863922, -1.928063299795387e+38
0.6632775068283081, 0.03990119695663452, -0.2411402314901352, -1.8880300825437953e+38
0.6785058975219727, 0.07683531194925308, -0.2538423538208008, -1.901374488294326e+38
0.6912984848022461, 0.0599958673119545, -0.2418300360441208, -1.7014680168792944e+38
0.714424729347229, 0.12234348803758621, -0.28343039751052856, -1.8614970399484903e+38
0.7394406795501709, 0.10688944905996323, -0.2778638005256653, -1.7014682197033905e+38
0.7350850105285645, 0.1698867678642273, -0.30227696895599365, -1.8747893199063394e+38
0.7555869817733765, 0.17545007169246674, -0.29331135749816895, -1.728208751348941e+38
0.7250857353210449, 0.20877116918563843, -0.2980719804763794, -1.861340865394542e+38
0.7351449728012085, 0.21126334369182587, -0.2818388342857361, -1.7014680168792944e+38
0.7140297889709473, 0.22501416504383087, -0.29142266511917114, -1.8749454944602875e+38
0.7236164212226868, 0.22759713232517242, -0.27532583475112915, -1.7281568283803555e+38
0.6854449510574341, 0.2725764811038971, -0.27581411600112915, -2.5818836077690696e+38
0.7073969841003418, 0.26212602853775024, -0.26773709058761597, -1.981385551819291e+38
0.6836893558502197, 0.3147945702075958, -0.2802225947380066, -2.261775666903053e+38
0.706838846206665, 0.30609431862831116, -0.2726055979728699, -2.3951663816711008e+38
0.6775534749031067, 0.3323497176170349, -0.27837204933166504, -1.888133320008678e+38
0.6709439754486084, 0.34942492842674255, -0.27626359462738037, -1.8747893199063394e+38
0.7303215265274048, -0.3606594502925873, -0.2740844488143921, -2.208710798657019e+38
0.7374358177185059, -0.3411557078361511, -0.27594614028930664, -1.9816997263440517e+38
0.7867007255554199, -0.08379310369491577, -0.26088273525238037, -3.195984670191825e+38
0.7565443515777588, -0.03692556172609329, -0.2644510865211487, -2.7420698195126937e+38
0.7723027467727661, -0.05953369289636612, -0.25127851963043213, -3.1826402644412945e+38
0.750404417514801, -0.015707554295659065, -0.2600322961807251, -2.862220988587862e+38
0.7802747488021851, -0.017105525359511375, -0.2554031014442444, -3.2626547759758925e+38
0.7350760102272034, 0.02491757646203041, -0.24972377717494965, -2.7692794832923765e+38
0.8035027980804443, 0.027013486251235008, -0.2696559429168701, -3.20912057277163e+38
0.7681596279144287, 0.0687943771481514, -0.27244138717651367, -2.796020217762023e+38
0.7852959632873535, 0.0924328938126564, -0.25964492559432983, -3.1827441103784652e+38
0.7832114696502686, 0.13767313957214355, -0.28501129150390625, -2.822865203817032e+38
0.7903217077255249, 0.11571555584669113, -0.26354658603668213, -3.156055298877404e+38
0.7661908864974976, 0.1775815337896347, -0.2761572003364563, -2.956256527057368e+38
0.796798825263977, 0.16316017508506775, -0.2697380781173706, -3.182691984585784e+38
0.7548649311065674, 0.21804484724998474, -0.27180343866348267, -3.0761474728173214e+38
0.7658601403236389, 0.19835691154003143, -0.25315260887145996, -3.235757866952298e+38
0.7527244687080383, 0.23973077535629272, -0.27229708433151245, -3.1427650471605154e+38
0.7496579885482788, 0.26113250851631165, -0.2723379135131836, -3.2362276075587185e+38
0.7636388540267944, 0.3172248303890228, -0.28714025020599365, -3.1827972502916268e+38
0.7584509253501892, 0.33880168199539185, -0.28634750843048096, -3.1694526417170002e+38
0.7731603384017944, 0.37199482321739197, -0.27391910552978516, -3.155949424699273e+38
0.7461084127426147, 0.3806442618370056, -0.28385215997695923, -3.1695051731578737e+38
0.7391049861907959, 0.40088599920272827, -0.2822316288948059, -3.1961416560421573e+38
0.782585620880127, -0.06041911244392395, -0.23349334299564362, -3.2093276561736834e+38
0.8080711364746094, -0.04076365381479263, -0.22277994453907013, nan
0.8142035007476807, 0.004259961657226086, -0.2506226897239685, -3.1027293960197713e+38
0.8227798938751221, -0.018958067521452904, -0.23018915951251984, nan
0.837865948677063, 0.027985546737909317, -0.2641444206237793, -3.1695550678854987e+38
0.8366351127624512, 0.05190417170524597, -0.2636743187904358, -3.089592682143582e+38
0.8107825517654419, 0.07287342846393585, -0.24933551251888275, -3.1029370878941127e+38
0.8065736293792725, 0.09521785378456116, -0.24750302731990814, -3.1029370878941127e+38
0.8119163513183594, 0.11930830031633377, -0.2513125538825989, -3.08959227649539e+38
0.8147320747375488, 0.1424408107995987, -0.22855646908283234, nan
0.7862677574157715, 0.18161369860172272, -0.2398039847612381, -3.3164473770785053e+38
0.8058334589004517, 0.1634446084499359, -0.22487346827983856, nan
0.7632771730422974, 0.21821783483028412, -0.22936265170574188, nan
0.7738915681838989, 0.19852447509765625, -0.2103341966867447, -3.355959336403283e+38
0.7709362506866455, 0.24461737275123596, -0.2355794757604599, nan
0.764542281627655, 0.2628796696662903, -0.21004049479961395, -3.249255607719432e+38
0.7981951236724854, 0.3078017830848694, -0.2558802366256714, nan
0.7807656526565552, 0.3745901584625244, -0.253118634223938, nan
0.7949041128158569, 0.35531648993492126, -0.23318816721439362, nan
0.7604724168777466, 0.38563162088394165, -0.24354137480258942, nan
0.772039532661438, 0.4187326729297638, -0.22848306596279144, -3.1159677247680747e+38
0.8236238956451416, -0.06509088724851608, -0.20632998645305634, -2.501916354248848e+38
0.8383275270462036, -0.042975105345249176, -0.1877310425043106, -3.329532370810205e+38
0.8445999622344971, -0.019917171448469162, -0.21565459668636322, -3.3292179934613486e+38
0.8266948461532593, 0.09722147136926651, -0.20806433260440826, -2.9690230869582906e+38
0.7991087436676025, 0.11516523361206055, -0.1954755336046219, -3.329269916429934e+38
0.8107931613922119, 0.13975520431995392, -0.17770271003246307, -3.089020718192759e+38
0.793700098991394, 0.18166111409664154, -0.19558541476726532, -3.2892888249710237e+38
0.801841139793396, 0.18329326808452606, -0.17559422552585602, -3.2627056848239976e+38
0.7696333527565002, 0.2179550975561142, -0.18634815514087677, -2.4487474372415476e+38
0.7899845838546753, 0.2021290510892868, -0.1714654117822647, -3.2628091251129762e+38
0.7660882472991943, 0.2389911562204361, -0.18604186177253723, -3.315978042120277e+38
0.7581394910812378, 0.25627171993255615, -0.16123272478580475, -3.2092229989401285e+38
0.766607940196991, 0.2856520116329193, -0.18962232768535614, -2.6754467689189068e+38
0.7666121125221252, 0.3077106475830078, -0.16832973062992096, -2.8222352321747428e+38
0.7888410091400146, 0.34889498353004456, -0.20487917959690094, -3.2892892306192158e+38
0.7686874270439148, 0.3606773614883423, -0.19688378274440765, -3.3026336363697463e+38
0.7642908096313477, 0.409496545791626, -0.19960196316242218, -3.3560112593718685e+38
0.7893750667572021, -0.1022975817322731, -0.1228676289319992, -3.3428240422957662e+38
0.7785756587982178, -0.07873546332120895, -0.11865118145942688, -3.3161869509391945e+38
0.7836849689483643, -0.03752096742391586, -0.14176397025585175, -3.3561686508703928e+38
0.7950190305709839, -0.05994226783514023, -0.12394574284553528, -2.355338219580602e+38
0.7801727056503296, 0.00476431380957365, -0.14012068510055542, -2.4354050597319774e+38
0.7945083379745483, -0.01680421270430088, -0.12330780923366547, -3.3428246507680543e+38
0.7717499732971191, 0.02544482797384262, -0.1368861049413681, -3.2227249990132794e+38
0.761513352394104, 0.0250468198210001, -0.11191491782665253, -3.23606940476381e+38
0.7642066478729248, 0.08633775264024734, -0.1346997618675232, -2.8490816379984242e+38
0.7421873807907104, 0.06306479871273041, -0.10559435188770294, -2.595537928738344e+38
0.734598696231842, 0.10100600868463516, -0.12362219393253326, -3.2893946991491547e+38
0.7669901847839355, 0.12777534127235413, -0.11538198590278625, -3.0091619755639173e+38
0.7698458433151245, 0.15028510987758636, -0.13864250481128693, -2.4220081225405734e+38
0.7755184173583984, 0.17279140651226044, -0.11969403922557831, -3.3294277135766503e+38
0.7867752313613892, 0.19983920454978943, -0.14708712697029114, -3.3027389020755892e+38
0.7798709869384766, 0.2187139242887497, -0.12300403416156769, -2.3552860937879207e+38
0.7695645093917847, 0.23788435757160187, -0.14248649775981903, -3.2360164676747445e+38
0.7699580788612366, 0.2596469223499298, -0.12168397009372711, -3.2893944963250587e+38
0.7794138193130493, 0.28952956199645996, -0.14919592440128326, -2.63551820890087e+38
0.7893273830413818, 0.31824791431427, -0.13134872913360596, -2.782307077804898e+38
0.7802238464355469, -0.23116910457611084, -0.08038283884525299, -3.3561165250777114e+38
0.7911345958709717, -0.1683664619922638, -0.10314629971981049, -3.3160833078261198e+38
0.7920001745223999, -0.19055810570716858, -0.08191221952438354, -2.942492072603946e+38
0.7953656911849976, -0.12510308623313904, -0.10311955213546753, -2.7688064975004194e+38
0.7990871667861938, -0.14785124361515045, -0.08247862756252289, -3.102572815817631e+38
0.7856763601303101, -0.10098234564065933, -0.09966132044792175, -3.3561165250777114e+38
0.7846711874008179, -0.07941780984401703, -0.09893625974655151, -3.3428242451198623e+38
0.7732621431350708, -0.05668747425079346, -0.09516435861587524, -2.3953714368321937e+38
0.7665365934371948, -0.035288967192173004, -0.07220269739627838, -3.3962018681219844e+38
0.7755967378616333, 0.004861566703766584, -0.09541474282741547, -2.4620936684089424e+38
0.7971127033233643, -0.016714666038751602, -0.07997334003448486, -3.3561686508703928e+38
0.7352573871612549, 0.043070077896118164, -0.0834045559167862, -3.23606940476381e+38
0.7411799430847168, 0.024290941655635834, -0.06549111008644104, -3.262758216264871e+38
0.7292129993438721, 0.0801466554403305, -0.08201685547828674, -2.889114855250016e+38
0.7341046333312988, 0.08063387125730515, -0.06412308663129807, -2.9024592610005464e+38
0.7241249680519104, 0.09806261211633682, -0.08081135153770447, -3.316083713474312e+38
0.7289056777954102, 0.09866315871477127, -0.06306201219558716, -3.3027914335164627e+38
0.7642126083374023, 0.14734984934329987, -0.0939238965511322, -2.4353517169947198e+38
0.7678683996200562, 0.16893470287322998, -0.07457312941551208, -3.3428755596161595e+38
0.7695213556289673, 0.19162504374980927, -0.09688928723335266, -3.3294277135766503e+38
0.7705645561218262, 0.21310830116271973, -0.07659758627414703, -2.3953716396562897e+38
0.7707128524780273, 0.23623335361480713, -0.09897594153881073, -3.23606940476381e+38
0.7692668437957764, 0.2571965456008911, -0.07788750529289246, -3.316135433618801e+38
0.748296320438385, 0.2695976793766022, -0.09401433169841766, -2.675604363241527e+38
0.7443325519561768, 0.28864428400993347, -0.07305645942687988, -2.8357368265997016e+38
0.7739872932434082, 0.3319297730922699, -0.10463663935661316, -3.2761026220154016e+38
0.787888765335083, -0.25756335258483887, -0.06107001006603241, -3.1692946417461878e+38
0.7822587490081787, -0.27753445506095886, -0.03862801939249039, -2.7556697836242302e+38
0.7798218727111816, -0.20745864510536194, -0.05778124928474426, -2.9691287583123257e+38
0.7830843925476074, -0.2082749456167221, -0.036904238164424896, -2.982472758414664e+38
0.7854690551757812, -0.18733982741832733, -0.05840367078781128, -2.94249186977985e+38
0.8041428327560425, -0.17108431458473206, -0.03968585282564163, -3.3561165250777114e+38
0.8053005933761597, -0.12671346962451935, -0.061239294707775116, -2.7688064975004194e+38
0.8073256015777588, -0.1493835300207138, -0.03983171284198761, -3.1426060330692227e+38
0.7427923679351807, -0.0714062973856926, -0.04696071147918701, -3.3294798393693317e+38
0.7803720235824585, -0.09872646629810333, -0.034416645765304565, -3.396149133857015e+38
0.7341590523719788, -0.05095815658569336, -0.04487084597349167, -2.4354046540837853e+38
0.7353973388671875, -0.032133668661117554, -0.025985807180404663, nan
0.7583272457122803, -0.014628896489739418, -0.04984135925769806, -3.3962018681219844e+38
0.7486038208007812, 0.005189678631722927, -0.02817550301551819, -2.5288672144819884e+38
0.7381603121757507, 0.024150218814611435, -0.045451484620571136, -3.23606940476381e+38
0.7417643070220947, 0.02422240376472473, -0.026993587613105774, -3.3028946709813453e+38
0.72783362865448, 0.06081746518611908, -0.0434151291847229, -2.622226740239405e+38
0.7313281297683716, 0.06107346713542938, -0.025331705808639526, -2.608986180426045e+38
0.7259095907211304, 0.09777867794036865, -0.04341850429773331, -3.302843356485048e+38
0.7297617197036743, 0.1172073632478714, -0.025640197098255157, -3.0759365357574435e+38
0.7329344749450684, 0.1375499665737152, -0.04560548812150955, -2.475593031768845e+38
0.7465521693229675, 0.16148443520069122, -0.04901845008134842, -3.3562718883352754e+38
0.7785854339599609, 0.19365039467811584, -0.05659021437168121, -3.316239482380068e+38
0.7746133208274841, 0.21410170197486877, -0.05630087852478027, -2.3553903453732834e+38
0.7631576657295227, 0.25329405069351196, -0.055105820298194885, -3.329531356689725e+38
0.7825576066970825, 0.2393813282251358, -0.03708560764789581, -3.3027389020755892e+38
0.7380813360214233, 0.2839714288711548, -0.051007241010665894, -2.8491327496706254e+38
0.7587566375732422, 0.27274009585380554, -0.033980004489421844, -2.728929454802776e+38
0.7485034465789795, 0.31309640407562256, -0.05428173393011093, -3.30284274801276e+38
0.7705833911895752, -0.24717088043689728, -0.01462901383638382, -3.1827954248747625e+38
0.763201892375946, -0.26557889580726624, 0.006803594529628754, -2.7823596092457715e+38
0.7680412530899048, -0.2233535796403885, -0.01381324976682663, -3.342928293881129e+38
0.7875955104827881, -0.2094026803970337, 0.005438446998596191, -2.9691287583123257e+38
0.7916065454483032, -0.18875326216220856, -0.016232207417488098, -2.955784555385891e+38
0.7936147451400757, -0.18921543657779694, 0.005142204463481903, -2.955732835241402e+38
0.773033082485199, -0.11768556386232376, -0.012796476483345032, -2.7689622664061754e+38
0.7725213766098022, -0.13830457627773285, 0.007574450224637985, -3.1959321387509516e+38
0.7265375852584839, -0.06816171109676361, -0.0061707086861133575, nan
0.7277814745903015, -0.08693373203277588, 0.012056984007358551, nan
0.7259300947189331, -0.04956008493900299, -0.0059600770473480225, -2.4220602483332548e+38
0.733036994934082, -0.03175806999206543, 0.011841949075460434, nan
0.741865873336792, -0.013664709404110909, -0.00792822614312172, -3.3962018681219844e+38
0.7439724206924438, -0.013734880834817886, 0.010877225548028946, -3.382857868019646e+38
0.7394751310348511, 0.024098819121718407, 0.011303562670946121, -3.3294798393693317e+38
0.7385823726654053, 0.042857058346271515, 0.011355236172676086, -3.32948044784162e+38
0.7302790880203247, 0.07946368306875229, -0.006601832807064056, -2.9159077155123437e+38
0.7361811399459839, 0.061428993940353394, 0.011521749198436737, -2.6622601603150927e+38
0.739782452583313, 0.11935831606388092, -0.008211206644773483, -3.0759365357574435e+38
0.73404860496521, 0.09880091995000839, 0.011536426842212677, -3.382857868019646e+38
0.778506338596344, 0.17106416821479797, -0.013943016529083252, -3.3695641682931246e+38
0.7566210627555847, 0.1433486044406891, 0.009150497615337372, -2.5555047114867523e+38
0.7967506647109985, 0.19910360872745514, 0.0049733854830265045, -3.3695134622691154e+38
0.8028594255447388, 0.2243531197309494, 0.004133928567171097, -2.422111765653648e+38
0.768683135509491, 0.25486254692077637, -0.014127910137176514, -3.3561165250777114e+38
0.7871215343475342, 0.2405921071767807, 0.005336567759513855, -3.302842139540472e+38
0.7428773641586304, 0.28547030687332153, -0.011511124670505524, -2.9424399468112646e+38
0.7627696990966797, 0.2739415168762207, 0.007022112607955933, -2.7423259863459878e+38
0.733478307723999, 0.3019219934940338, -0.010721765458583832, -3.3428242451198623e+38
0.7343277335166931, 0.324587881565094, 0.00865890458226204, -3.2227761106854806e+38
0.7534471750259399, -0.25974053144454956, 0.028152791783213615, -2.822392420849171e+38
0.7523720264434814, -0.23697684705257416, 0.028398288413882256, -3.2227245933650874e+38
0.7709494829177856, -0.22413112223148346, 0.02758544124662876, -3.382857868019646e+38
0.7893450260162354, -0.20983970165252686, 0.04823806881904602, -3.0091623812121094e+38
0.7997593879699707, -0.16871333122253418, 0.026522232219576836, -3.3694094135078487e+38
0.79544997215271, -0.1896377056837082, 0.04820439964532852, -3.0091621783880133e+38
0.7423592805862427, -0.1094302237033844, 0.02971396967768669, -2.7822555604845048e+38
0.7652612924575806, -0.1359071135520935, 0.0485687330365181, -3.1826396559690064e+38
0.7226680517196655, -0.06728300452232361, 0.03086971677839756, nan
0.7295547127723694, -0.08717697113752365, 0.048972539603710175, nan
0.7292079925537109, -0.049842000007629395, 0.030583862215280533, -2.4354563742282746e+38
0.7349065542221069, -0.03186985105276108, 0.048947811126708984, nan
0.7401816844940186, 0.005298605188727379, 0.030093040317296982, -2.5555047114867523e+38
0.7459008097648621, -0.013799123466014862, 0.04884019494056702, -3.3963582455000286e+38
0.7413934469223022, 0.024137241765856743, 0.04888760298490524, -3.3295836853065024e+38
0.7404921054840088, 0.04294624924659729, 0.048893414437770844, -3.356325028248437e+38
0.733604907989502, 0.07979489862918854, 0.03033505380153656, -3.0092143041806947e+38
0.7380699515342712, 0.06156736612319946, 0.04891207814216614, -2.6623640062522633e+38
0.7431800365447998, 0.10045592486858368, 0.04883918538689613, -3.3962022737701765e+38
0.7591923475265503, 0.12362922728061676, 0.04865962266921997, -3.115969753009035e+38
0.8009895086288452, 0.17789015173912048, 0.026520971208810806, -3.3962022737701765e+38
0.7842726707458496, 0.15088093280792236, 0.048382215201854706, -2.595537928738344e+38
0.7980961799621582, 0.1994038075208664, 0.026542339473962784, -3.3695134622691154e+38
0.7944159507751465, 0.22058603167533875, 0.04820038750767708, -2.408715639758628e+38
0.7883598804473877, 0.24092042446136475, 0.026748819276690483, -3.3161869509391945e+38
0.7888917922973633, 0.24106144905090332, 0.04822650924324989, -3.3294798393693317e+38
0.7454376816749573, 0.2862682342529297, 0.028484735637903214, -2.915854981247374e+38
0.7643237113952637, 0.2744061052799225, 0.04841559752821922, -2.74232639199418e+38
0.725547194480896, 0.3181922733783722, 0.029140325263142586, -3.2360164676747445e+38
0.7362539768218994, 0.3028096854686737, 0.04863715544342995, -3.382908776867751e+38
0.7645080089569092, -0.2659618854522705, 0.06922049075365067, -2.769066315167442e+38
0.7519253492355347, -0.23685094714164734, 0.08886443078517914, -3.28944662211774e+38
0.7891696691513062, -0.20979590713977814, 0.06968264281749725, -2.995869898430164e+38
0.770463228225708, -0.2240011990070343, 0.0900001972913742, nan
0.7952660322189331, -0.18959538638591766, 0.06978341937065125, -3.0091619755639173e+38
0.7888427972793579, -0.16503587365150452, 0.09072883427143097, nan
0.7553796768188477, -0.13306012749671936, 0.08813177049160004, -3.222672467572406e+38
0.7340117692947388, -0.10732491314411163, 0.08645099401473999, -2.808995889305959e+38
0.7212756276130676, -0.08547013998031616, 0.08542339503765106, nan
0.722134530544281, -0.06722334027290344, 0.08539785444736481, nan
0.7347190380096436, -0.031858645379543304, 0.06755289435386658, nan
0.7286590337753296, -0.04979478567838669, 0.08579720556735992, -2.515418962794287e+38
0.7457073926925659, -0.013792682439088821, 0.06787562370300293, -3.3831176856866687e+38
0.7396070957183838, 0.005302436649799347, 0.0864829570055008, -2.608985774777853e+38
0.7412010431289673, 0.024133386090397835, 0.06773340702056885, -3.342927888232937e+38
0.7403005361557007, 0.042937301099300385, 0.06771600246429443, -3.3562726996316595e+38
0.7411371469497681, 0.08093336224555969, 0.06778669357299805, -2.969285338514466e+38
0.7369351387023926, 0.06148423254489899, 0.08636271953582764, -2.742326189170084e+38
0.7671768665313721, 0.12553927302360535, 0.0686703622341156, -3.115969955833131e+38
0.7495683431625366, 0.10178310424089432, 0.08741484582424164, -3.382858070843742e+38
0.8013875484466553, 0.17796975374221802, 0.06985516846179962, nan
0.7923026084899902, 0.153248593211174, 0.09073854982852936, -2.6355711459899355e+38
0.7942303419113159, 0.2205405831336975, 0.06979545950889587, -2.4354563742282746e+38
0.7975188493728638, 0.19927501678466797, 0.09145502746105194, nan
0.7820239067077637, 0.2608170211315155, 0.0696096271276474, -3.3962022737701765e+38
0.7878285646438599, 0.24077960848808289, 0.09116880595684052, -3.3561686508703928e+38
0.7641680240631104, 0.2743595838546753, 0.06915059685707092, -2.742326189170084e+38
0.7450098991394043, 0.2861349880695343, 0.08874449133872986, -2.982576604351835e+38
0.7354474067687988, 0.32494834065437317, 0.06859757006168365, -3.2494134048661485e+38
0.7354594469070435, 0.3025558888912201, 0.08831004798412323, nan
0.7867237329483032, -0.20918484032154083, 0.1124057024717331, -3.062592130006913e+38
0.7927005290985107, -0.189005047082901, 0.11276368051767349, -3.035903521329948e+38
0.7537660598754883, -0.1327604204416275, 0.10775052011013031, -3.2226209502520127e+38
0.7301700115203857, -0.10670307278633118, 0.1236218586564064, -2.9022501493575328e+38
0.7197109460830688, -0.08525551855564117, 0.1034957617521286, nan
0.718252420425415, -0.0667891725897789, 0.12135516852140427, nan
0.7321068048477173, -0.03170245885848999, 0.1045696809887886, nan
0.724665641784668, -0.04945133626461029, 0.122197724878788, -2.582141397195132e+38
0.7378904819488525, 0.005313891917467117, 0.10514718294143677, -2.635623474606713e+38
0.735429048538208, 0.005330317188054323, 0.12364520877599716, -2.689000894784739e+38
0.7385207414627075, 0.02407969906926155, 0.1052255928516388, -3.356169259342681e+38
0.7376322746276855, 0.04281267523765564, 0.10516279935836792, -3.3829101966364234e+38
0.7352413535118103, 0.06136015057563782, 0.10496017336845398, -2.7690675321120184e+38
0.728996217250824, 0.07933590561151505, 0.12293592840433121, -3.0094745274959096e+38
0.7478644251823425, 0.10156913846731186, 0.10661373287439346, -3.396254399562858e+38
0.7644712328910828, 0.1251305192708969, 0.1086624413728714, -3.142658564510096e+38
0.7905080318450928, 0.15293283760547638, 0.11183192580938339, -2.675604363241527e+38
0.7986116409301758, 0.17741453647613525, 0.11300518363714218, nan
0.8019188642501831, 0.2241227924823761, 0.11399363726377487, -2.4620938712330385e+38
0.7862393856048584, 0.24035821855068207, 0.11252887547016144, -3.3695134622691154e+38
0.7839559316635132, 0.23975242674350739, 0.1337462216615677, -3.356169056518585e+38
0.7619948983192444, 0.2737097442150116, 0.11047860980033875, -2.7823592035975794e+38
0.7337063550949097, 0.3243875205516815, 0.10849308967590332, -3.196139830625293e+38
0.7289960384368896, -0.0876900777220726, 0.14198626577854156, nan
0.7337270975112915, -0.032033808529376984, 0.14233806729316711, nan
0.7373228669166565, -0.013513373211026192, 0.14295081794261932, nan
0.7328610420227051, 0.023966334760189056, 0.1420535147190094, -3.342927888232937e+38
0.7319976091384888, 0.042549505829811096, 0.14194869995117188, -3.36961710538219e+38
0.7296674251556396, 0.060951799154281616, 0.14160768687725067, -2.849185483935595e+38
