(0.354947030544281, -0.06493350118398666, -0.306446373462677, -2.501504418509798e+38)
(0.35912951827049255, -0.07391829043626785, -0.3063163161277771, -2.448283781358008e+38)
(0.3562493324279785, -0.05819201469421387, -0.30947643518447876, -2.474815607008737e+38)
(0.3622031807899475, -0.05230790376663208, -0.31080693006515503, -2.4349906901037748e+38)
(0.3585326671600342, -0.04423753172159195, -0.31484127044677734, -2.501504418509798e+38)
(0.3643856644630432, -0.03785109519958496, -0.31581056118011475, -2.394957270028087e+38)
(0.36606746912002563, -0.032567188143730164, -0.34572094678878784, -2.4483866131746986e+38)
(0.37217360734939575, -0.025222310796380043, -0.34627705812454224, -2.461731221749325e+38)
(0.3713594973087311, -0.01776186376810074, -0.3670992851257324, -2.5017642361768208e+38)
(0.3747202157974243, -0.009056050330400467, -0.355046808719635, -2.4750756274998557e+38)
(0.3736235797405243, -0.0008989647030830383, -0.3758199214935303, -2.4750754246757597e+38)
(0.3767191767692566, 0.007842597551643848, -0.3627821207046509, -2.4483866131746986e+38)
(0.37533581256866455, 0.016656074672937393, -0.38348108530044556, -2.448439144615572e+38)
(0.375409334897995, 0.016385987401008606, -0.3572307229042053, -2.4350947388650415e+38)
(0.3722131848335266, 0.033679015934467316, -0.370469331741333, -2.421750333114511e+38)
(0.36501389741897583, 0.03861541673541069, -0.31458479166030884, -2.4483870188228907e+38)
(0.3733629584312439, 0.06069668382406235, -0.38062793016433716, -2.39506152161345e+38)
(0.36675846576690674, 0.047124966979026794, -0.32351136207580566, -2.4349906901037748e+38)
(0.35853978991508484, 0.06817834824323654, -0.3161139488220215, -2.421750333114511e+38)
(0.36215025186538696, 0.06045158952474594, -0.30703532695770264, -2.435146864657723e+38)
(0.3555535674095154, 0.08152931928634644, -0.30771464109420776, -2.4083018786027137e+38)
(0.360233336687088, 0.08272553235292435, -0.30629807710647583, -2.4084059273639804e+38)
(0.35221877694129944, 0.09403238445520401, -0.2986208200454712, -2.4348345155498267e+38)
(0.35802125930786133, 0.08868129551410675, -0.2995508909225464, -2.39506152161345e+38)
(0.36324992775917053, -0.0831480324268341, -0.3056853413581848, -2.3949578785003752e+38)
(0.3680025339126587, -0.08461051434278488, -0.30360299348831177, -2.395061724437546e+38)
(0.36426568031311035, -0.067377969622612, -0.3030936121940613, -2.4483352986784014e+38)
(0.3690805435180664, -0.06863968819379807, -0.30123770236968994, -2.4084061301880765e+38)
(0.36572736501693726, -0.060452379286289215, -0.30627840757369995, -2.4483352986784014e+38)
(0.37205469608306885, -0.05441633611917496, -0.3075219988822937, -2.4350947388650415e+38)
(0.36829403042793274, -0.04608496278524399, -0.31191933155059814, -2.461679501604836e+38)
(0.37451061606407166, -0.039511144161224365, -0.3127825856208801, -2.448439144615572e+38)
(0.37281256914138794, -0.032246850430965424, -0.3266218304634094, -2.4350947388650415e+38)
(0.3790295422077179, -0.024977652356028557, -0.32703936100006104, -2.4617835503661026e+38)
(0.37836116552352905, -0.017520828172564507, -0.34651076793670654, -2.4617316273975172e+38)
(0.3797677457332611, -0.01686534471809864, -0.3287147879600525, -2.448439144615572e+38)
(0.37932899594306946, -0.0006492491811513901, -0.34894227981567383, -2.4483872216469867e+38)
(0.37682366371154785, 8.4657222032547e-06, -0.3160873055458069, -2.39506152161345e+38)
(0.3718146085739136, 0.023789670318365097, -0.31872063875198364, -2.461575452843569e+38)
(0.374703049659729, 0.015861283987760544, -0.3078448176383972, -2.4350947388650415e+38)
(0.3681696653366089, 0.030848076567053795, -0.304607629776001, -2.4615233270508877e+38)
(0.3717435300350189, 0.03854570537805557, -0.29846352338790894, -2.4615233270508877e+38)
(0.3689347803592682, 0.05443917214870453, -0.31157392263412476, -2.4483870188228907e+38)
(0.373542457818985, 0.04699404537677765, -0.30660510063171387, -2.4483872216469867e+38)
(0.36614468693733215, 0.06867846846580505, -0.3041492700576782, -2.39506152161345e+38)
(0.37206363677978516, 0.062225908041000366, -0.3042440414428711, -2.421750333114511e+38)
(0.3639585077762604, 0.08302289247512817, -0.3002801537513733, -2.3817171158629193e+38)
(0.37002089619636536, 0.0770450010895729, -0.30078065395355225, -2.3550283043618582e+38)
(0.3612959384918213, 0.09679726511240005, -0.29543572664260864, -2.39506152161345e+38)
(0.3674532175064087, 0.0913236066699028, -0.29628056287765503, -2.3817171158629193e+38)
(0.3644079566001892, 0.10494933277368546, -0.2908239960670471, -2.4083018786027137e+38)
(0.3803088068962097, -0.10898581147193909, -0.3158823251724243, -2.3683727101123888e+38)
(0.37473437190055847, -0.0971720814704895, -0.31240278482437134, -2.3817690388315047e+38)
(0.3820095360279083, -0.09182468056678772, -0.3142157196998596, -2.3284956674147453e+38)
(0.37348997592926025, -0.07801414281129837, -0.30041247606277466, -2.3550804301545396e+38)
(0.3803682029247284, -0.07234473526477814, -0.30188828706741333, -2.3284954645906492e+38)
(0.3756409287452698, -0.06281400471925735, -0.3025982975959778, -2.4084057245398844e+38)
(0.38236522674560547, -0.05662108212709427, -0.30373138189315796, -2.3818728847686754e+38)
(0.37852635979652405, -0.04802031069993973, -0.308526873588562, -2.4350943332168494e+38)
(0.3851289451122284, -0.04125127196311951, -0.3092591166496277, -2.368528884666337e+38)
(0.3808388411998749, -0.0325758159160614, -0.31336313486099243, -2.395217696167398e+38)
(0.38627710938453674, -0.03332787752151489, -0.3115922212600708, -2.3551844789158064e+38)
(0.3817901313304901, -0.008256033062934875, -0.3135494589805603, -2.381821164624186e+38)
(0.3866632580757141, -0.01674349047243595, -0.3105231523513794, -2.368528884666337e+38)
(0.3783731460571289, 0.00021171290427446365, -0.30073654651641846, -2.3684769616977516e+38)
(0.3839831054210663, 0.008002592250704765, -0.299943745136261, -2.3952698219600794e+38)
(0.37873852252960205, 0.01589249260723591, -0.301912784576416, -2.368528884666337e+38)
(0.38274672627449036, 0.023831650614738464, -0.2961428165435791, -2.39506152161345e+38)
(0.3760586380958557, 0.031077325344085693, -0.2932175397872925, -2.421594158560563e+38)
(0.3756902813911438, 0.038705043494701385, -0.2927740216255188, -2.4349385643110934e+38)
(0.37753772735595703, 0.04718632251024246, -0.3006485104560852, -2.421750333114511e+38)
(0.38337770104408264, 0.05625808238983154, -0.30238598585128784, -2.381925416209549e+38)
(0.37720412015914917, 0.06314562261104584, -0.3026723861694336, -2.4084059273639804e+38)
(0.3826925754547119, 0.07258782535791397, -0.3037562370300293, -2.39506152161345e+38)
(0.37625110149383545, 0.07906731963157654, -0.30357664823532104, -2.3550283043618582e+38)
(0.37494218349456787, 0.08648133277893066, -0.30135178565979004, -2.3683727101123888e+38)
(0.37349915504455566, 0.09373554587364197, -0.29886817932128906, -2.39506152161345e+38)
(0.3785468339920044, 0.09514698386192322, -0.29688870906829834, -2.4084059273639804e+38)
(0.3673342168331146, 0.11310283094644547, -0.28570204973220825, -2.4215422355919775e+38)
(0.37510162591934204, 0.10929953306913376, -0.2910277247428894, -2.421750333114511e+38)
(0.3958253264427185, -0.11829409748315811, -0.3267807960510254, -2.3683727101123888e+38)
(0.3896239101886749, -0.10548612475395203, -0.3233641982078552, -2.3683727101123888e+38)
(0.3959541916847229, -0.09818471223115921, -0.31952691078186035, -2.3817171158629193e+38)
(0.3895110785961151, -0.08609768748283386, -0.31584227085113525, -2.3683207871438034e+38)
(0.39396631717681885, -0.07746342569589615, -0.30691999197006226, -2.39506152161345e+38)
(0.38915205001831055, -0.058676719665527344, -0.3064325451850891, -2.381664990070238e+38)
(0.394400417804718, -0.06865149736404419, -0.30564606189727783, -2.39506152161345e+38)
(0.39062678813934326, -0.04215192794799805, -0.3072914481163025, -2.368528884666337e+38)
(0.3962518870830536, -0.04307318478822708, -0.3051748275756836, -2.381821367448282e+38)
(0.39037811756134033, -0.0335192009806633, -0.3049154281616211, -2.3418921989579572e+38)
(0.39710134267807007, -0.026071744039654732, -0.30499571561813354, -2.3550283043618582e+38)
(0.3900693655014038, -0.008441764861345291, -0.30089205503463745, -2.3418921989579572e+38)
(0.3964880108833313, -0.017363915219902992, -0.3021310567855835, -2.3683727101123888e+38)
(0.38916462659835815, -0.00014784280210733414, -0.297515869140625, -2.3552366047084877e+38)
(0.3950825035572052, 0.007928524166345596, -0.2964819669723511, -2.394957472852183e+38)
(0.38816675543785095, 0.024085089564323425, -0.2945025563240051, -2.4084059273639804e+38)
(0.39378470182418823, 0.016145534813404083, -0.2925977110862732, -2.3950611159652578e+38)
(0.3866118788719177, 0.031852491199970245, -0.29007983207702637, -2.4216462843532442e+38)
(0.38620108366012573, 0.039756763726472855, -0.28959447145462036, -2.3816130671016526e+38)
(0.3874692916870117, 0.0565045028924942, -0.2961946129798889, -2.381925416209549e+38)
(0.3937980830669403, 0.0492435023188591, -0.2954605221748352, -2.3817167102147273e+38)
(0.3878609240055084, 0.06505154818296432, -0.2991376519203186, -2.3817171158629193e+38)
(0.3936113715171814, 0.07482083886861801, -0.2997780442237854, -2.3816130671016526e+38)
(0.38815492391586304, 0.08240857720375061, -0.30430519580841064, -2.408353801571299e+38)
(0.3936702013015747, 0.08367599546909332, -0.3021497130393982, -2.4083018786027137e+38)
(0.3863988518714905, 0.09883784502744675, -0.3038173317909241, -2.4349906901037748e+38)
(0.3845953047275543, 0.1062924787402153, -0.3008382320404053, -2.4216462843532442e+38)
(0.38134294748306274, 0.11221112310886383, -0.29311615228652954, -2.4349906901037748e+38)
(0.3780532479286194, 0.11776581406593323, -0.28537243604660034, -2.421750333114511e+38)
(0.38075774908065796, 0.12617161870002747, -0.2791627049446106, -2.3817171158629193e+38)
(0.40139085054397583, -0.12022904306650162, -0.3233788013458252, -2.4084059273639804e+38)
(0.4057231545448303, -0.13154450058937073, -0.3199847340583801, -2.3683727101123888e+38)
(0.4052703380584717, -0.10324781388044357, -0.327744722366333, -2.341840073165276e+38)
(0.4111623764038086, -0.10504981875419617, -0.32442086935043335, -2.3551844789158064e+38)
(0.4065803289413452, -0.08416042476892471, -0.32533836364746094, -2.3550804301545396e+38)
(0.4125898480415344, -0.08572937548160553, -0.32231295108795166, -2.3284956674147453e+38)
(0.4054000675678253, -0.06406494230031967, -0.3167247772216797, -2.341736024404009e+38)
(0.41328030824661255, -0.06642285734415054, -0.31925100088119507, -2.3551844789158064e+38)
(0.40374407172203064, -0.053864508867263794, -0.30976712703704834, -2.3683727101123888e+38)
(0.40200483798980713, -0.04401513934135437, -0.3029000163078308, -2.3417879473725944e+38)
(0.40175896883010864, -0.03509226441383362, -0.3006964921951294, -2.301806855913684e+38)
(0.40888428688049316, -0.027395496144890785, -0.3005574941635132, -2.301650681359736e+38)
(0.39995425939559937, -0.008884217590093613, -0.29261088371276855, -2.394957472852183e+38)
(0.4065980911254883, -0.01801445707678795, -0.29334843158721924, -2.2883062756092055e+38)
(0.4004976749420166, -0.0005254363641142845, -0.29373985528945923, -2.4083018786027137e+38)
(0.40673378109931946, 0.007850772701203823, -0.2924279570579529, -2.3816130671016526e+38)
(0.4009750485420227, 0.016338016837835312, -0.29499006271362305, -2.4084059273639804e+38)
(0.40524256229400635, 0.024883519858121872, -0.28872060775756836, -2.3816130671016526e+38)
(0.3976948857307434, 0.032666489481925964, -0.28639715909957886, -2.4216984101459256e+38)
(0.40446561574935913, 0.0418194904923439, -0.28792905807495117, -2.3815609413089712e+38)
(0.39861178398132324, 0.058206528425216675, -0.2922293543815613, -2.408353801571299e+38)
(0.4053017497062683, 0.0506984144449234, -0.2912653684616089, -2.3816130671016526e+38)
(0.39902687072753906, 0.06704746931791306, -0.2950233221054077, -2.4349906901037748e+38)
(0.40664103627204895, 0.07801899313926697, -0.2996598482131958, -2.368268661351122e+38)
(0.4007456302642822, 0.09512364864349365, -0.306538462638855, -2.394957472852183e+38)
(0.40836769342422485, 0.08830639719963074, -0.3066093325614929, -2.394957472852183e+38)
(0.40504205226898193, 0.11794289946556091, -0.325348436832428, -2.368268661351122e+38)
(0.4172172546386719, 0.11430024355649948, -0.33691948652267456, -2.368268661351122e+38)
(0.40623366832733154, 0.12933388352394104, -0.33248019218444824, -2.3550802273304436e+38)
(0.4076576828956604, 0.13750578463077545, -0.31964415311813354, -2.3551844789158064e+38)
(0.38839849829673767, 0.13103528320789337, -0.28488844633102417, -2.341840073165276e+38)
(0.39083167910575867, 0.13962076604366302, -0.2776530385017395, -2.3285477932074267e+38)
(0.4113636612892151, -0.133603036403656, -0.31600135564804077, -2.394957472852183e+38)
(0.4170750379562378, -0.13568170368671417, -0.3117983937263489, -2.4349906901037748e+38)
(0.41927188634872437, -0.10868442803621292, -0.3266746401786804, -2.3817690388315047e+38)
(0.42545515298843384, -0.11057043820619583, -0.32287508249282837, -2.381665192894334e+38)
(0.4201251268386841, -0.09874187409877777, -0.32578837871551514, -2.3418398703411798e+38)
(0.42864349484443665, -0.10221974551677704, -0.32794713973999023, -2.3551840732676143e+38)
(0.4212517738342285, -0.07882048934698105, -0.3232870101928711, -2.3552366047084877e+38)
(0.42984098196029663, -0.08168461918830872, -0.3255283832550049, -2.3551840732676143e+38)
(0.42362284660339355, -0.059962958097457886, -0.3251650333404541, -2.3552366047084877e+38)
(0.4279087781906128, -0.05016958713531494, -0.31463801860809326, -2.3551840732676143e+38)
(0.4149790406227112, -0.028080081567168236, -0.2980809211730957, -2.3683727101123888e+38)
(0.42167341709136963, -0.03821970522403717, -0.29771506786346436, -2.355132758771317e+38)
(0.4125993549823761, -0.01853173039853573, -0.2909756898880005, -2.3683727101123888e+38)
(0.419636607170105, -0.010211221873760223, -0.28999102115631104, -2.39490595553179e+38)
(0.41276898980140686, 0.007810498587787151, -0.29015403985977173, -2.394957472852183e+38)
(0.41894447803497314, 0.007769288495182991, -0.2877011299133301, -2.4081463125210537e+38)
(0.4128507077693939, 0.025352122262120247, -0.29072582721710205, -2.3814570953718005e+38)
(0.419111430644989, 0.016701385378837585, -0.2881699800491333, -2.4213868723344135e+38)
(0.4109116792678833, 0.03381001949310303, -0.28623366355895996, -2.3814570953718005e+38)
(0.4181457757949829, 0.04342909902334213, -0.2873767018318176, -2.434730669612656e+38)
(0.41125500202178955, 0.0514511913061142, -0.288917601108551, -2.4348347183739227e+38)
(0.41191616654396057, 0.06061658263206482, -0.29191309213638306, -2.3547682838707394e+38)
(0.41236966848373413, 0.06988635659217834, -0.2946280241012573, -2.341579849850061e+38)
(0.42052358388900757, 0.08140306174755096, -0.29880857467651367, -2.4614712012582064e+38)
(0.41425490379333496, 0.0992850810289383, -0.30582964420318604, -2.394957472852183e+38)
(0.422441691160202, 0.09218741953372955, -0.30567634105682373, -2.4480750753631865e+38)
(0.4274997115135193, 0.13004638254642487, -0.34740597009658813, -2.3683207871438034e+38)
(0.43416255712509155, 0.13205327093601227, -0.3437223434448242, -2.3150997443438215e+38)
(0.4216136336326599, 0.14738163352012634, -0.3385620713233948, -2.3818730875927714e+38)
(0.4334712028503418, 0.1429957002401352, -0.3453871011734009, -2.3551840732676143e+38)
(0.41053372621536255, 0.14726097881793976, -0.311653733253479, -2.3817171158629193e+38)
(0.4130265712738037, 0.15683409571647644, -0.30299705266952515, -2.3550283043618582e+38)
(0.4095885157585144, 0.16392694413661957, -0.2979047894477844, -2.3549244584246875e+38)
(0.42466700077056885, -0.1587732434272766, -0.3010684847831726, -2.3418396675170837e+38)
(0.425136923789978, -0.14014148712158203, -0.31313908100128174, -2.4084059273639804e+38)
(0.43524789810180664, -0.13474425673484802, -0.3146091103553772, -2.3417883530207865e+38)
(0.4341128170490265, -0.11440335959196091, -0.3246878385543823, -2.3550285071859543e+38)
(0.43927812576293945, -0.12677259743213654, -0.32058918476104736, -2.3550806329786357e+38)
(0.44076043367385864, -0.09690053761005402, -0.33489227294921875, -2.3817173186870154e+38)
(0.4468124508857727, -0.10959094017744064, -0.3317486047744751, -2.3548729411042943e+38)
(0.43910735845565796, -0.07407978922128677, -0.3260330557823181, -2.3817171158629193e+38)
(0.4481767416000366, -0.08776018768548965, -0.3295142650604248, -2.3683211927919955e+38)
(0.4345250725746155, -0.05125203728675842, -0.3114622235298157, -2.3683727101123888e+38)
(0.44855889678001404, -0.0659448504447937, -0.32612431049346924, -2.3283396956848932e+38)
(0.4345289468765259, -0.039994992315769196, -0.29160362482070923, -2.36826926982341e+38)
(0.43407192826271057, -0.0302241463214159, -0.28948843479156494, -2.3683213956160915e+38)
(0.42596468329429626, -0.01058988831937313, -0.2872772812843323, -2.3949582841485673e+38)
(0.43337172269821167, -0.02054307796061039, -0.28707295656204224, -2.381666004190718e+38)
(0.4266650080680847, -0.0014800913631916046, -0.2885071635246277, -2.394906564004078e+38)
(0.4331739842891693, -0.0016969479620456696, -0.28561192750930786, -2.3282366610441066e+38)
(0.42535579204559326, 0.025936782360076904, -0.28562551736831665, -2.408042669407979e+38)
(0.4319043457508087, 0.01695769652724266, -0.2826879024505615, -2.3280287663456692e+38)
(0.4244154989719391, 0.044056057929992676, -0.2846900224685669, -2.381405172403215e+38)
(0.4314556121826172, 0.03549569845199585, -0.28247952461242676, -2.2880466607662788e+38)
(0.42537251114845276, 0.05354904383420944, -0.28791606426239014, -2.381404766755023e+38)
(0.4325419068336487, 0.06415224075317383, -0.2877945303916931, -2.3414758010887942e+38)
(0.42682960629463196, 0.08268967270851135, -0.295779287815094, -2.381404766755023e+38)
(0.4350234568119049, 0.07487628608942032, -0.29480957984924316, -2.368112486797174e+38)
(0.4373959004878998, 0.09628423303365707, -0.30386316776275635, -2.3680086408600032e+38)
(0.4463094472885132, 0.1122295930981636, -0.3264843225479126, -2.368113095269462e+38)
(0.4439201056957245, 0.1247345581650734, -0.3439685106277466, -2.341580458322349e+38)
(0.4509804844856262, 0.126691997051239, -0.3398962616920471, -2.3282881783645e+38)
(0.4343670606613159, 0.15178875625133514, -0.33051860332489014, -2.3416838986113277e+38)
(0.4469863772392273, 0.14736373722553253, -0.33694392442703247, -2.2884107300186643e+38)
(0.42856478691101074, 0.15786127746105194, -0.3198122978210449, -2.3550283043618582e+38)
(0.4332086443901062, 0.17037585377693176, -0.3155190348625183, -2.3282873670681158e+38)
(0.4190513491630554, 0.17072151601314545, -0.3038254380226135, -2.341579647025965e+38)
(0.4413715600967407, -0.18195277452468872, -0.3066401481628418, -2.354976178569177e+38)
(0.43533527851104736, -0.16672375798225403, -0.3075312376022339, -2.3683727101123888e+38)
(0.44629597663879395, -0.16200177371501923, -0.30892688035964966, -2.3683727101123888e+38)
(0.4414653778076172, -0.1368771642446518, -0.3097277283668518, -2.3416838986113277e+38)
(0.4477423429489136, -0.13902467489242554, -0.3045821785926819, -2.3550283043618582e+38)
(0.4457206130027771, -0.12885981798171997, -0.31581950187683105, -2.3283918214775746e+38)
(0.45654383301734924, -0.12245095521211624, -0.3167220950126648, -2.3015468354225654e+38)
(0.45368409156799316, -0.11153105646371841, -0.3271973133087158, -2.3548733467524863e+38)
(0.4606488049030304, -0.11349479854106903, -0.32237309217453003, -2.31457990618568e+38)
(0.4529741406440735, -0.0770338922739029, -0.31827211380004883, -2.368217752503017e+38)
(0.4623628258705139, -0.09111878275871277, -0.32081282138824463, -2.4213351521899242e+38)
(0.46029239892959595, -0.0675077810883522, -0.31255751848220825, -2.421283432045435e+38)
(0.45515018701553345, -0.054624274373054504, -0.3005411624908447, -2.4079909492634897e+38)
(0.44283682107925415, -0.03151284158229828, -0.29071247577667236, -2.3548733467524863e+38)
(0.45196959376335144, -0.032850928604602814, -0.291728138923645, -2.3280804864901585e+38)
(0.44208985567092896, -0.02152126468718052, -0.28828465938568115, -2.3949586897967594e+38)
(0.4500996470451355, -0.012344086542725563, -0.2865268588066101, -2.341529143826052e+38)
(0.44031786918640137, 0.007610101252794266, -0.2833777666091919, -2.328393241246247e+38)
(0.4487502872943878, -0.0023008612915873528, -0.28344398736953735, -2.328288989660884e+38)
(0.44042253494262695, 0.02675689570605755, -0.2839314341545105, -2.3415289410019558e+38)
(0.4494935870170593, 0.017410634085536003, -0.28481829166412354, -2.301443800781779e+38)
(0.4400303363800049, 0.03630691021680832, -0.28360652923583984, -2.3148395210286066e+38)
(0.4413810968399048, 0.04625358432531357, -0.2871835231781006, -2.341580052674157e+38)
(0.44327765703201294, 0.06659690290689468, -0.2933635711669922, -2.3282354440995304e+38)
(0.45154890418052673, 0.05784541368484497, -0.2913905382156372, -2.3416313671704542e+38)
(0.44408857822418213, 0.08735263347625732, -0.2982296943664551, -2.354715955253962e+38)
(0.45532697439193726, 0.08001386374235153, -0.3016554117202759, -2.3546642351094727e+38)
(0.4581368565559387, 0.10315899550914764, -0.3110508918762207, -2.381404969579119e+38)
(0.4658811688423157, 0.11898302286863327, -0.32923775911331177, -2.4348345155498267e+38)
(0.45549264550209045, 0.1269049495458603, -0.32973939180374146, -2.3149437726139694e+38)
(0.45482343435287476, 0.13826212286949158, -0.33118629455566406, -2.275066729916326e+38)
(0.4608913064002991, 0.15184427797794342, -0.32743263244628906, -2.328443947270256e+38)
(0.4568406045436859, 0.1608811765909195, -0.3222312331199646, -2.3684250387291662e+38)
(0.44182920455932617, 0.17523974180221558, -0.31622225046157837, -2.3550281015377622e+38)
(0.4481620788574219, 0.1776627004146576, -0.3109997510910034, -2.4083016757786176e+38)
(0.4330012798309326, 0.19021224975585938, -0.30428624153137207, -2.3817165073906312e+38)
(0.4388660788536072, 0.19265513122081757, -0.2988471984863281, -2.4349904872796787e+38)
(0.48079735040664673, -0.21823468804359436, -0.3497188687324524, -2.3550283043618582e+38)
(0.4528259038925171, -0.17757198214530945, -0.3079518675804138, -2.3817171158629193e+38)
(0.4647614061832428, -0.17271602153778076, -0.3090210556983948, -2.3817171158629193e+38)
(0.45981699228286743, -0.14617414772510529, -0.31080639362335205, -2.3683727101123888e+38)
(0.4695279002189636, -0.15107184648513794, -0.31093108654022217, -2.3683727101123888e+38)
(0.4633619785308838, -0.1245143786072731, -0.31151044368743896, -2.3416319756427424e+38)
(0.4702472686767578, -0.12659421563148499, -0.30600523948669434, -2.3683727101123888e+38)
(0.4677000045776367, -0.11548014730215073, -0.3172636032104492, -2.381353857906918e+38)
(0.47916391491889954, -0.1079101637005806, -0.3173856735229492, -2.4081463125210537e+38)
(0.4725800156593323, -0.09444139897823334, -0.3218245506286621, -2.3680094521563874e+38)
(0.47306662797927856, -0.08285410702228546, -0.3206302523612976, -2.381353857906918e+38)
(0.4703722596168518, -0.07005549967288971, -0.313551127910614, -2.3946982636574485e+38)
(0.47787874937057495, -0.0714687705039978, -0.30879563093185425, -2.341424283768401e+38)
(0.4672122597694397, -0.04654860496520996, -0.3045412302017212, -2.4079384178226162e+38)
(0.4775053858757019, -0.048412732779979706, -0.30522119998931885, -2.3546125149649834e+38)
(0.4630960524082184, -0.02404899336397648, -0.294747531414032, -2.3680092493322914e+38)
(0.4785979390144348, -0.026163088157773018, -0.3052492141723633, -2.3413202350071342e+38)
(0.4604029059410095, -0.0028657307848334312, -0.28862881660461426, -2.3547169693744422e+38)
(0.4708494246006012, 0.00733571732416749, -0.29009437561035156, -2.3415285353537637e+38)
(0.4587206244468689, 0.027852721512317657, -0.2856014370918274, -2.4214899069752e+38)
(0.4685670733451843, 0.01789858005940914, -0.286038339138031, -2.354872332632006e+38)
(0.4621754288673401, 0.04913398623466492, -0.29338788986206055, -2.3282867585958277e+38)
(0.47300344705581665, 0.03970909118652344, -0.29480642080307007, -2.4215416271196894e+38)
(0.4695470333099365, 0.07281837612390518, -0.30965399742126465, -2.3546644379335687e+38)
(0.4788668155670166, 0.06312882155179977, -0.30711662769317627, -2.3414758010887942e+38)
(0.47299879789352417, 0.08539119362831116, -0.31777137517929077, -2.3546646407576648e+38)
(0.4811262786388397, 0.09873045235872269, -0.3156331181526184, -2.3146318291542652e+38)
(0.47334909439086914, 0.1208704486489296, -0.32449662685394287, -2.3814570953718005e+38)
(0.4842068552970886, 0.11225643008947372, -0.3232879638671875, -2.3680615779490688e+38)
(0.48032447695732117, 0.13480712473392487, -0.3208213448524475, -2.3414766123851784e+38)
(0.4794064164161682, 0.14678990840911865, -0.32184457778930664, -2.3547684866948355e+38)
(0.46369779109954834, 0.16323046386241913, -0.3169390559196472, -2.394957675676279e+38)
(0.47513431310653687, 0.15641891956329346, -0.31675368547439575, -2.3547682838707394e+38)
(0.4545462131500244, 0.18009793758392334, -0.30549556016921997, -2.4480750753631865e+38)
(0.46589112281799316, 0.1743089109659195, -0.30565160512924194, -2.4079382149985202e+38)
(0.4473138153553009, 0.19796806573867798, -0.2985091805458069, -2.4079905436152976e+38)
(0.4533185362815857, 0.20044542849063873, -0.29242056608200073, -2.23440942292123e+38)
(0.49175572395324707, -0.22561690211296082, -0.34985363483428955, -2.3416836957872317e+38)
(0.4951614737510681, -0.24051533639431, -0.3400670289993286, -2.301599366863439e+38)
(0.4974208474159241, -0.2114453911781311, -0.3347318172454834, -2.3414766123851784e+38)
(0.4962528944015503, -0.19522668421268463, -0.3284373879432678, -2.3148397238527026e+38)
(0.4830661118030548, -0.15902139246463776, -0.31706100702285767, -2.4081459068728616e+38)
(0.49006187915802, -0.16138964891433716, -0.3102271556854248, -2.3413723607998156e+38)
(0.4836845099925995, -0.13325481116771698, -0.3118460178375244, -2.394801501122331e+38)
(0.4888378381729126, -0.14703620970249176, -0.3049166798591614, -2.3680094521563874e+38)
(0.4820300340652466, -0.11950605362653732, -0.30613911151885986, -2.4082497528100323e+38)
(0.49412801861763, -0.11178190261125565, -0.3058052062988281, -2.3414232696479208e+38)
(0.48827195167541504, -0.08608600497245789, -0.31036221981048584, -2.3415281297055717e+38)
(0.49601632356643677, -0.08773040771484375, -0.3047448396682739, -2.2615136181709737e+38)
(0.4886017441749573, -0.0741560086607933, -0.30914151668548584, -2.354820612487517e+38)
(0.4964306354522705, -0.07562868297100067, -0.30367833375930786, -2.248117897924146e+38)
(0.48822128772735596, -0.050347961485385895, -0.3056141138076782, -2.367956515067322e+38)
(0.4961569905281067, -0.051442794501781464, -0.3004276156425476, -2.3279762349047958e+38)
(0.48791271448135376, -0.01564168743789196, -0.3025347590446472, -2.3814570953718005e+38)
(0.5006491541862488, -0.02861971966922283, -0.30586063861846924, -2.3279758292566037e+38)
(0.4889882802963257, -0.004303233698010445, -0.3039812445640564, -2.3547682838707394e+38)
(0.5067170262336731, -0.00521920807659626, -0.3147051930427551, -2.341319829358942e+38)
(0.47853827476501465, 0.029032303020358086, -0.28626227378845215, -2.314891038349e+38)
(0.5009791851043701, 0.030777450650930405, -0.3055528402328491, -2.341319626534846e+38)
(0.4881214499473572, 0.05290108174085617, -0.3039088845252991, -2.328027346576997e+38)
(0.49924996495246887, 0.054327331483364105, -0.3039736747741699, -2.3412161862458675e+38)
(0.486713171005249, 0.06411921977996826, -0.3024473786354065, -2.3146318291542652e+38)
(0.495789110660553, 0.07729631662368774, -0.3004370331764221, -2.2745470945822803e+38)
(0.48892974853515625, 0.10031693428754807, -0.31058114767074585, -2.3012361089074374e+38)
(0.49966365098953247, 0.09073573350906372, -0.3082156181335449, -2.2745472974063763e+38)
(0.49176281690597534, 0.1264609843492508, -0.31967228651046753, -2.3146843605951387e+38)
(0.49964070320129395, 0.12844666838645935, -0.3138883709907532, -2.3012874234037347e+38)
(0.48687314987182617, 0.14901892840862274, -0.3161311149597168, -2.3279752207843156e+38)
(0.4944092035293579, 0.15126541256904602, -0.310083270072937, -2.3012874234037347e+38)
(0.4775993227958679, 0.16797810792922974, -0.30544108152389526, -2.3280802836660625e+38)
(0.4896475076675415, 0.16106419265270233, -0.304807186126709, -2.2747547864566217e+38)
(0.4726133346557617, 0.17673395574092865, -0.29964983463287354, -2.32813261228284e+38)
(0.4793696701526642, 0.17916454374790192, -0.2933306097984314, -2.3149441782621614e+38)
(0.4621560275554657, 0.2059507966041565, -0.2913837432861328, -2.3012359060833414e+38)
(0.4742201566696167, 0.2010151445865631, -0.29136765003204346, -2.3146318291542652e+38)
(0.4536454975605011, 0.2097366601228714, -0.27929437160491943, -2.3279762349047958e+38)
(0.4621933102607727, 0.21532267332077026, -0.27765387296676636, -2.3012874234037347e+38)
(0.500831127166748, -0.2260957658290863, -0.3248000741004944, -2.2882557724092924e+38)
(0.5034886002540588, -0.2403910905122757, -0.3138570785522461, -2.287942612005012e+38)
(0.5042992830276489, -0.21405836939811707, -0.32632511854171753, -2.3413210463035184e+38)
(0.5101686716079712, -0.2003314346075058, -0.3120531439781189, -2.3544569488833234e+38)
(0.4970719814300537, -0.16375480592250824, -0.30305469036102295, -2.3279249204084985e+38)
(0.5010568499565125, -0.1776767522096634, -0.2940635681152344, -2.3144764658967012e+38)
(0.498171865940094, -0.13761137425899506, -0.2988598346710205, -2.2745472974063763e+38)
(0.5030161738395691, -0.15156133472919464, -0.29086101055145264, -2.261203297304038e+38)
(0.5113180875778198, -0.13010364770889282, -0.2982158660888672, -2.2477544371440485e+38)
(0.5130444169044495, -0.11773964017629623, -0.2984629273414612, -2.274495171613695e+38)
(0.502957284450531, -0.10160945355892181, -0.2993272542953491, -2.2879947377976934e+38)
(0.5153591632843018, -0.09264452010393143, -0.29787975549697876, -2.2612026888317498e+38)
(0.5077968835830688, -0.07845616340637207, -0.303274929523468, -2.2613584577375058e+38)
(0.519684910774231, -0.06848020106554031, -0.30113059282302856, -2.247962331842486e+38)
(0.510964035987854, -0.05443979799747467, -0.30542176961898804, -2.314580311833872e+38)
(0.5193438529968262, -0.055595509707927704, -0.29936641454696655, -2.3012361089074374e+38)
(0.5123472213745117, -0.029918240383267403, -0.3056643009185791, -2.287943017653204e+38)
(0.514067530632019, -0.017792735248804092, -0.30770576000213623, -2.3012870177555426e+38)
(0.5196018218994141, 0.006843826733529568, -0.3156741261482239, -2.314631423506073e+38)
(0.5314475893974304, -0.006276488304138184, -0.3142489790916443, -2.261254206152143e+38)
(0.5163363814353943, 0.019340991973876953, -0.3106980323791504, -2.314631017857881e+38)
(0.5364279747009277, 0.019956277683377266, -0.3214191198348999, -2.2346177232678594e+38)
(0.5086871385574341, 0.04321391135454178, -0.2996751070022583, -2.3279758292566037e+38)
(0.51933354139328, 0.05665674805641174, -0.29788076877593994, -2.221273723165521e+38)
(0.5091795921325684, 0.06776215136051178, -0.30209314823150635, -2.2878910946846188e+38)
(0.5188151597976685, 0.08180619031190872, -0.2991868853569031, -2.2345140801547847e+38)
(0.5112031698226929, 0.09340444952249527, -0.3078192472457886, -2.2745472974063763e+38)
(0.5199120044708252, 0.10804469138383865, -0.3037886619567871, -2.2345138773306887e+38)
(0.5115487575531006, 0.11933523416519165, -0.311892032623291, -2.287891500332811e+38)
(0.5192546844482422, 0.1343572586774826, -0.3067171573638916, -2.2479098004016125e+38)
(0.5020034909248352, 0.1535259485244751, -0.3036879897117615, -2.2745984090785775e+38)
(0.514624834060669, 0.14532333612442017, -0.30201709270477295, -2.2212731146932328e+38)
(0.49697941541671753, 0.16340447962284088, -0.29832786321640015, -2.2748586323937924e+38)
(0.5043454170227051, 0.16575108468532562, -0.29149550199508667, -2.1414664978570723e+38)
(0.48935240507125854, 0.18426288664340973, -0.2919721007347107, -2.2350335126647342e+38)
(0.49624568223953247, 0.18672733008861542, -0.2848777174949646, -2.6620542938576156e+38)
(0.4838278591632843, 0.20662041008472443, -0.2897520065307617, -2.248013443514687e+38)
(0.493733286857605, 0.2123895138502121, -0.2877434492111206, -2.1280699663138604e+38)
(0.4705067574977875, 0.23457802832126617, -0.2790029048919678, -2.2745986119026736e+38)
(0.4833340346813202, 0.23052717745304108, -0.27866095304489136, -2.2079287089427022e+38)
(0.5444008111953735, -0.2946842312812805, -0.3413611054420471, -2.1546036173814535e+38)
(0.5195714831352234, -0.2536255717277527, -0.3195842504501343, -2.30102720008852e+38)
(0.5357962250709534, -0.24919022619724274, -0.31920790672302246, -2.1811360515044705e+38)
(0.5227024555206299, -0.22378411889076233, -0.31571120023727417, -2.3143716058390504e+38)
(0.5216560363769531, -0.20695704221725464, -0.31022030115127563, -2.274494563141407e+38)
(0.5071383118629456, -0.16541124880313873, -0.2818356156349182, -2.261098640070483e+38)
(0.5104721784591675, -0.1790459007024765, -0.27180689573287964, -2.154551491588772e+38)
(0.510111927986145, -0.15381640195846558, -0.28330546617507935, -2.247806157288538e+38)
(0.5171924829483032, -0.15605993568897247, -0.2753866910934448, -2.1545518972369642e+38)
(0.52083420753479, -0.11974655836820602, -0.2913360595703125, -2.261099248542771e+38)
(0.528645396232605, -0.12175630778074265, -0.2838246822357178, -2.1412080999587218e+38)
(0.5273006558418274, -0.09601258486509323, -0.2965627908706665, -2.207877597270501e+38)
(0.5343608260154724, -0.11090704053640366, -0.28951460123062134, -2.1411559741660404e+38)
(0.5279159545898438, -0.0829487070441246, -0.2957589626312256, -2.2079295202390864e+38)
(0.5319528579711914, -0.07109501212835312, -0.29997432231903076, -2.1812405059139293e+38)
(0.5307918787002563, -0.04453732818365097, -0.29608064889907837, -2.2078252686537236e+38)
(0.5402679443359375, -0.058979667723178864, -0.29129838943481445, -2.1144677711372674e+38)
(0.5332684516906738, -0.032020047307014465, -0.2987220287322998, -2.194480660079097e+38)
(0.544174075126648, -0.019801201298832893, -0.29408085346221924, -2.141104051197455e+38)
(0.5538707375526428, -0.007145637646317482, -0.3064587116241455, -2.127811365591414e+38)
(0.5547866821289062, 0.006560986395925283, -0.30749809741973877, -2.0745383998228465e+38)
(0.5498673319816589, 0.020300855860114098, -0.3206638693809509, -2.1679999461005694e+38)
(0.554787278175354, 0.03409526124596596, -0.30782872438430786, -1.9947849228998476e+38)
(0.5366862416267395, 0.04600212723016739, -0.30314821004867554, -2.1413117430717964e+38)
(0.5403968095779419, 0.05909298360347748, -0.290050745010376, -2.008129328650378e+38)
(0.5261039137840271, 0.06989683955907822, -0.29001861810684204, -2.1413119458958925e+38)
(0.5346900820732117, 0.070979543030262, -0.28339213132858276, -2.008129328650378e+38)
(0.5283137559890747, 0.10974890738725662, -0.2971299886703491, -2.1678441771948134e+38)
(0.5367738604545593, 0.1114640161395073, -0.29006844758987427, -1.994836440220241e+38)
(0.528112530708313, 0.12310351431369781, -0.29863661527633667, -2.141259414455019e+38)
(0.536476194858551, 0.12500415742397308, -0.2914124131202698, -2.0481617346055856e+38)
(0.5173158645629883, 0.1580733060836792, -0.28980404138565063, -2.0747452804008037e+38)
(0.5305436849594116, 0.14969007670879364, -0.2875036597251892, -1.981439300204741e+38)
(0.5117316842079163, 0.16809949278831482, -0.284298837184906, -2.0215739295043507e+38)
(0.5093676447868347, 0.18016739189624786, -0.2836408019065857, -2.862322603459976e+38)
(0.5149294137954712, 0.21339398622512817, -0.29830384254455566, -2.6488135312201597e+38)
(0.5293979048728943, 0.20693525671958923, -0.29687798023223877, -2.7689642946471358e+38)
(0.5116105675697327, 0.22546318173408508, -0.29692965745925903, -1.874787291665379e+38)
(0.5187596082687378, 0.24395780265331268, -0.29239392280578613, -2.0081810487948674e+38)
(0.48876240849494934, 0.24717973172664642, -0.2736479640007019, -2.12781156841551e+38)
(0.5061138868331909, 0.26250213384628296, -0.28200411796569824, -2.0746428542323053e+38)
(0.5015435814857483, 0.27333590388298035, -0.27953583002090454, -2.0614024972430415e+38)
(0.5558490753173828, -0.283515989780426, -0.331401526927948, -2.1012781201720127e+38)
(0.5604913234710693, -0.2696121335029602, -0.3332606554031372, -2.101330043140598e+38)
(0.5527381300926208, -0.24412865936756134, -0.3183854818344116, -2.1146744488911286e+38)
(0.5585035085678101, -0.22820164263248444, -0.3018701672554016, -2.088038371655037e+38)
(0.5167461633682251, -0.1669328361749649, -0.2599126100540161, -2.061505329059732e+38)
(0.5322741270065308, -0.19052255153656006, -0.26526379585266113, -2.1280196659380433e+38)
(0.5273402333259583, -0.14632485806941986, -0.26862066984176636, -2.0481615317814896e+38)
(0.5312430262565613, -0.1604910045862198, -0.25843071937561035, -2.154655945998231e+38)
(0.5406781435012817, -0.12596368789672852, -0.2813349962234497, -2.021525454545398e+38)
(0.5417734980583191, -0.1385778784751892, -0.266667902469635, -2.0880904974477184e+38)
(0.5467921495437622, -0.11482979357242584, -0.28715163469314575, -2.048057888668415e+38)
(0.5643774271011353, -0.1210659071803093, -0.29000526666641235, -2.03492198608861e+38)
(0.5488896369934082, -0.08762125670909882, -0.28639131784439087, -2.0612982456576787e+38)
(0.5714853405952454, -0.07950134575366974, -0.29366523027420044, -2.0746428542323053e+38)
(0.5489858984947205, -0.06018117815256119, -0.28393810987472534, -2.034766014358758e+38)
(0.5656711459159851, -0.04926992207765579, -0.2845872640609741, -2.034766217182854e+38)
(0.5686657428741455, -0.035695724189281464, -0.2873604893684387, -2.0214216086082273e+38)
(0.5755938291549683, -0.022341130301356316, -0.29496562480926514, -2.0347658115346618e+38)
(0.5677077174186707, -0.0077325161546468735, -0.3045971393585205, -2.0347654058864697e+38)
(0.5783337354660034, 0.006378702353686094, -0.29766732454299927, -2.0214214057841312e+38)
(0.5786687135696411, 0.020877789705991745, -0.2981146574020386, -2.008129328650378e+38)
(0.5783095359802246, 0.03537004441022873, -0.2979561686515808, -2.0214737344009087e+38)
(0.5772608518600464, 0.04978093504905701, -0.2971954345703125, -2.0348181401514392e+38)
(0.5755335688591003, 0.0640372782945633, -0.2958409786224365, -2.0348181401514392e+38)
(0.5433382987976074, 0.07206985354423523, -0.276350200176239, -2.0214737344009087e+38)
(0.5531830787658691, 0.087031289935112, -0.2712710499763489, -2.074486679678357e+38)
(0.5451599359512329, 0.09943738579750061, -0.2809619903564453, -2.0348181401514392e+38)
(0.5538007020950317, 0.11491299420595169, -0.2746760845184326, -2.088038574479133e+38)
(0.5360792279243469, 0.1366613358259201, -0.2744203805923462, -2.008284691907942e+38)
(0.5491963624954224, 0.12704244256019592, -0.2707746624946594, -2.0481611261332975e+38)
(0.5346152782440186, 0.14972855150699615, -0.274599552154541, -2.048213454750075e+38)
(0.532694935798645, 0.1626257300376892, -0.27438294887542725, -2.0480562660756466e+38)
(0.5535599589347839, 0.20641843974590302, -0.30709564685821533, -2.86232240063588e+38)
(0.5644129514694214, 0.19497746229171753, -0.29821985960006714, -2.2482716385889416e+38)
(0.5605225563049316, 0.22798433899879456, -0.31955963373184204, -2.8356865262238846e+38)
(0.5739798545837402, 0.2349662333726883, -0.3162597417831421, -2.8889075690238665e+38)
(0.539201557636261, 0.25988778471946716, -0.30187416076660156, -2.0216290976584726e+38)
(0.5564912557601929, 0.2724478244781494, -0.3049554228782654, -2.074902671899328e+38)
(0.5253671407699585, 0.279528945684433, -0.29098761081695557, -2.034817531679151e+38)
(0.5468597412109375, 0.2985711097717285, -0.3007214665412903, -2.0481098116370003e+38)
(0.5416685342788696, 0.311125785112381, -0.2983180284500122, -2.0481098116370003e+38)
(0.5833155512809753, -0.3030225336551666, -0.32446616888046265, -2.0614540145634348e+38)
(0.5813634395599365, -0.28141921758651733, -0.3176601529121399, -2.114727183156098e+38)
(0.5795553922653198, -0.2607947587966919, -0.3113842010498047, -2.1280715889066287e+38)
(0.5917600393295288, -0.2490987926721573, -0.3011660575866699, -2.1014878402873145e+38)
(0.5760979652404785, -0.22193409502506256, -0.3000044822692871, -2.127811771239606e+38)
(0.5548651814460754, -0.18661880493164062, -0.25340133905410767, -2.154760806055882e+38)
(0.5507020950317383, -0.15608333051204681, -0.2616194486618042, -2.1811364571526625e+38)
(0.5542378425598145, -0.17088410258293152, -0.25014883279800415, -2.1946897717221107e+38)
(0.5659101009368896, -0.13478291034698486, -0.2748100757598877, -2.154500582740667e+38)
(0.571194052696228, -0.15067414939403534, -0.2641777992248535, -2.2211700800524462e+38)
(0.5845466256141663, -0.11274795979261398, -0.29232609272003174, -2.114571819898534e+38)
(0.5919396281242371, -0.12978343665599823, -0.2826359272003174, -2.1945337999922586e+38)
(0.596031665802002, -0.10141561180353165, -0.3036983609199524, -2.0879351341901545e+38)
(0.6113119721412659, -0.08892370015382767, -0.2985684275627136, -2.1677936739949003e+38)
(0.5902631282806396, -0.0686141848564148, -0.29454857110977173, -2.1012276169720997e+38)
(0.6039930582046509, -0.05537024140357971, -0.28863251209259033, -2.1545531141815404e+38)
(0.5970302224159241, -0.03880525380373001, -0.28052836656570435, -2.1679498485488484e+38)
(0.5997112989425659, -0.024018092080950737, -0.2828013300895691, -2.1546573657669032e+38)
(0.591833233833313, -0.008666200563311577, -0.29359161853790283, -2.0747988259621574e+38)
(0.6027826070785522, 0.006189602427184582, -0.28552669286727905, -2.1014880431114105e+38)
(0.5932728052139282, 0.021248074248433113, -0.29508984088897705, -2.034922188912706e+38)
(0.6031471490859985, 0.021445870399475098, -0.28596031665802, -2.088299811914828e+38)
(0.5868830680847168, 0.05048653483390808, -0.28869515657424927, -2.048214266046459e+38)
(0.585057258605957, 0.06498753279447556, -0.2873225808143616, -2.061454623035723e+38)
(0.5734230875968933, 0.07716567814350128, -0.2751582860946655, -2.0747986231380613e+38)
(0.5885524749755859, 0.09460582584142685, -0.2737876772880554, -2.1281245259956942e+38)
(0.5623288750648499, 0.11663897335529327, -0.26631689071655273, -2.114675665835705e+38)
(0.5708378553390503, 0.11836009472608566, -0.2574983239173889, -2.114831840389653e+38)
(0.5574764013290405, 0.12892000377178192, -0.26238739490509033, -2.1013823717573755e+38)
(0.5700639486312866, 0.13262249529361725, -0.2582114338874817, -2.1014874346391224e+38)
(0.591045618057251, 0.19237905740737915, -0.3072776794433594, -2.2212723033968486e+38)
(0.607780933380127, 0.18225064873695374, -0.30291879177093506, -2.154656554470519e+38)
(0.5913046598434448, 0.2269476056098938, -0.31323862075805664, -2.9286276258711778e+38)
(0.6090555787086487, 0.21802860498428345, -0.30943024158477783, -2.368163598469375e+38)
(0.6001915335655212, 0.25146836042404175, -0.3270195722579956, -2.8755110374806546e+38)
(0.608639121055603, 0.25441181659698486, -0.31508898735046387, -2.8489784005335416e+38)
(0.581206738948822, 0.291705846786499, -0.3153949975967407, -2.0882462663534745e+38)
(0.5885251760482788, 0.2945117652416229, -0.3030414581298828, -2.0614022944189455e+38)
(0.5589290857315063, 0.30714333057403564, -0.29620158672332764, -2.1547604004076898e+38)
(0.5769352912902832, 0.3025379776954651, -0.29354506731033325, -2.114675868659801e+38)
(0.5654863119125366, 0.3290267586708069, -0.2884889245033264, -2.101279945588877e+38)
(0.6215164661407471, -0.33281880617141724, -0.3248363137245178, -2.0880913087441026e+38)
(0.6344887614250183, -0.3192504346370697, -0.3117326498031616, -1.967992468285712e+38)
(0.6007363200187683, -0.2720958888530731, -0.2939094305038452, -2.114676071483897e+38)
(0.6152539253234863, -0.2811462879180908, -0.288180410861969, -1.927959048210024e+38)
(0.6185576915740967, -0.2480725795030594, -0.30600935220718384, -2.0615588746210856e+38)
(0.6557456254959106, -0.251941978931427, -0.3186333179473877, -1.954700999624247e+38)
(0.587902307510376, -0.19042955338954926, -0.26784366369247437, -2.0348698602959285e+38)
(0.6323456168174744, -0.1978132277727127, -0.28992795944213867, -1.954752719768736e+38)
(0.613542914390564, -0.17164401710033417, -0.2895054221153259, -2.0614018887707534e+38)
(0.616283655166626, -0.15578360855579376, -0.29009777307510376, -2.1013833858778557e+38)
(0.6247972249984741, -0.14250314235687256, -0.29674506187438965, -2.141364477336766e+38)
(0.6423717737197876, -0.13045254349708557, -0.2911471724510193, -1.9014781314074005e+38)
(0.6399980783462524, -0.11357378214597702, -0.30859899520874023, -2.0746428542323053e+38)
(0.664088249206543, -0.10181155055761337, -0.30866938829421997, -1.9281673485566537e+38)
(0.6523483991622925, -0.08186698704957962, -0.31824254989624023, -2.0214218114323233e+38)
(0.6629804372787476, -0.08333161473274231, -0.3063933849334717, -1.954752111296448e+38)
(0.6259636878967285, -0.026337606832385063, -0.2895886301994324, -2.02152586019359e+38)
(0.6360886096954346, -0.026943383738398552, -0.27889055013656616, -1.8748943827880863e+38)
(0.6280590295791626, -0.010288702324032784, -0.2913081645965576, -2.0215777831621754e+38)
(0.6395901441574097, 0.005860960576683283, -0.28166335821151733, -1.8882913199794903e+38)
(0.635080099105835, 0.03899011015892029, -0.29842257499694824, -1.968148237191468e+38)
(0.6460809111595154, 0.022643182426691055, -0.2877655029296875, -1.888239194186809e+38)
(0.6336864233016968, 0.05543780326843262, -0.29751014709472656, -1.9814922372938063e+38)
(0.654319167137146, 0.07489743828773499, -0.29684609174728394, -1.928062691323099e+38)
(0.628338098526001, 0.0876423642039299, -0.29374730587005615, -2.021421000135939e+38)
(0.62846839427948, 0.1031607836484909, -0.2744879126548767, -1.9414081111941095e+38)
(0.6034841537475586, 0.11316628754138947, -0.27118271589279175, -1.981440111501125e+38)
(0.6236493587493896, 0.11825145035982132, -0.2711542844772339, -1.928063705443579e+38)
(0.6513351798057556, 0.18361222743988037, -0.32478559017181396, -1.9414072998977254e+38)
(0.6621935367584229, 0.16751164197921753, -0.3109268546104431, -1.9281158312362604e+38)
(0.6500341892242432, 0.20192494988441467, -0.3257864713668823, -1.941354971280948e+38)
(0.6502128839492798, 0.21868644654750824, -0.3060510754585266, -1.9280618800267147e+38)
(0.6277226805686951, 0.24585342407226562, -0.3109006881713867, -2.835632777838435e+38)
(0.6472363471984863, 0.23628443479537964, -0.3057928681373596, -2.2616683729562496e+38)
(0.6194495558738708, 0.2785003185272217, -0.3086622953414917, -2.6355222653827907e+38)
(0.6471588611602783, 0.2760998010635376, -0.31172341108322144, -2.7555160429594346e+38)
(0.6167013645172119, 0.3163621425628662, -0.3131715655326843, -1.9147698028929616e+38)
(0.6374529600143433, 0.3098694682121277, -0.3089286684989929, -1.808014151240525e+38)
(0.5908264517784119, 0.33205533027648926, -0.2929151654243469, -1.9013740826461338e+38)
(0.6043761968612671, 0.34180787205696106, -0.28660809993743896, -1.928062894147195e+38)
(0.5782233476638794, 0.35921135544776917, -0.2875834107398987, -1.9147192996930485e+38)
(0.597822904586792, 0.35587096214294434, -0.28393667936325073, -1.928063299795387e+38)
(0.6727561950683594, -0.3042636513710022, -0.31868159770965576, -1.928063705443579e+38)
(0.7138098478317261, -0.3332049250602722, -0.33184558153152466, -1.9147195025171445e+38)
(0.6778225898742676, -0.24272586405277252, -0.3135678172111511, -1.9280121881231857e+38)
(0.6597167253494263, -0.19183345139026642, -0.2917594313621521, -1.914667579548559e+38)
(0.6884868741035461, -0.18438343703746796, -0.29249733686447144, -1.9147710198375378e+38)
(0.6431800723075867, -0.1467987447977066, -0.272710919380188, -1.9014785370555926e+38)
(0.6408883929252625, -0.12671731412410736, -0.24883528053760529, -1.9014270197351993e+38)
(0.6488549709320068, -0.11223634332418442, -0.25409841537475586, -1.9014274253833914e+38)
(0.6772016286849976, -0.10302292555570602, -0.2764269709587097, -1.914771831133922e+38)
(0.6735064387321472, -0.0847812369465828, -0.293931245803833, -1.9147188940448564e+38)
(0.6789859533309937, -0.06757790595293045, -0.297782301902771, -1.9014781314074005e+38)
(0.6761264204978943, -0.048768751323223114, -0.2944919466972351, -1.888134131305062e+38)
(0.6980728507041931, -0.0323992520570755, -0.29030513763427734, -1.9016343059613486e+38)
(0.6560851335525513, 0.005721337161958218, -0.2758581042289734, -1.8616540257988225e+38)
(0.6870942115783691, 0.005419441498816013, -0.28078174591064453, -1.8616536201506304e+38)
(0.6832059621810913, 0.042139045894145966, -0.29992932081222534, -1.9014787398796886e+38)
(0.7025914192199707, 0.02426694706082344, -0.29356199502944946, -1.8748937743157982e+38)
(0.6814985275268555, 0.06035719811916351, -0.2989002466201782, -1.914822942806123e+38)
(0.6970895528793335, 0.0806863009929657, -0.29040658473968506, -1.928063299795387e+38)
(0.6612756848335266, 0.09296637028455734, -0.282632052898407, -1.928062894147195e+38)
(0.7008479833602905, 0.10056933015584946, -0.29437685012817383, -1.9414077055459175e+38)
(0.6799778342247009, 0.15359152853488922, -0.3030627369880676, -1.9281158312362604e+38)
(0.7140032649040222, 0.1436305195093155, -0.30769723653793335, -1.95475251694464e+38)
(0.6954652070999146, 0.1996028870344162, -0.32074403762817383, -1.9549608172912696e+38)
(0.7153984308242798, 0.18538154661655426, -0.31219571828842163, -1.91477142548573e+38)
(0.685565710067749, 0.21531762182712555, -0.31406170129776, -1.981389405477116e+38)
(0.6928926706314087, 0.23745286464691162, -0.2996777892112732, -1.9546454258219328e+38)
(0.6681637763977051, 0.2669335901737213, -0.30610692501068115, -2.8086326313499577e+38)
(0.6895883083343506, 0.2566291093826294, -0.2994180917739868, -2.2213755408617312e+38)
(0.6588990688323975, 0.30242979526519775, -0.3038141131401062, -2.6620540910335196e+38)
(0.680962324142456, 0.29393962025642395, -0.29771506786346436, -2.6751899936133246e+38)
(0.6564126014709473, 0.3441181182861328, -0.30875343084335327, -1.9414586143940226e+38)
(0.6891207098960876, 0.345295786857605, -0.3117222189903259, -1.8879252224861444e+38)
(0.6263600587844849, 0.3600149154663086, -0.28755372762680054, -1.928063096971291e+38)
(0.7562763690948486, -0.38974884152412415, -0.34614884853363037, -1.8747893199063394e+38)
(0.7855575084686279, -0.3817664682865143, -0.3381664752960205, -1.9013742854702298e+38)
(0.7908027172088623, -0.35799264907836914, -0.33852338790893555, -1.901374488294326e+38)
(0.7185752391815186, -0.17529840767383575, -0.2919565439224243, -1.8880300825437953e+38)
(0.7029321193695068, -0.10909204185009003, -0.27509409189224243, -1.8880813970400925e+38)
(0.7304891347885132, -0.11560880392789841, -0.2729828953742981, -1.861444711331713e+38)
(0.7101731896400452, -0.0914064347743988, -0.2795925736427307, -1.9013217540293563e+38)
(0.7080895900726318, -0.07146551460027695, -0.27705419063568115, -1.9013219568534524e+38)
(0.7131352424621582, -0.05289269983768463, -0.28021514415740967, -1.8880815998641886e+38)
(0.7170659303665161, -0.03386532515287399, -0.28270089626312256, -1.901425802790623e+38)
(0.729942262172699, 0.004989854991436005, -0.2921009659767151, -1.8613927883631275e+38)
(0.748545229434967, -0.015842966735363007, -0.28235870599746704, -1.768033871077999e+38)
(0.7295116186141968, 0.045068420469760895, -0.2920742630958557, -1.9013740826461338e+38)
(0.7407307028770447, 0.04559239745140076, -0.27690064907073975, -1.701520345496072e+38)
(0.7190596461296082, 0.06389731168746948, -0.28448301553726196, -1.8880296768956032e+38)
(0.7299723625183105, 0.06469691544771194, -0.26960891485214233, -1.7014680168792944e+38)
(0.7284650206565857, 0.10550954937934875, -0.2932503819465637, -1.8880818026882846e+38)
(0.7485733032226562, 0.10881539434194565, -0.28445255756378174, -1.701520142671976e+38)
(0.7350850105285645, 0.1698867678642273, -0.30227696895599365, -1.9014268169111033e+38)
(0.7457780838012695, 0.17203769087791443, -0.2861563563346863, -1.714813031102113e+38)
(0.7353306412696838, 0.19149592518806458, -0.30420613288879395, -1.9014783342314965e+38)
(0.7449113726615906, 0.21558202803134918, -0.2890366315841675, -1.7147596883648555e+38)
(0.7207338213920593, 0.2502422630786896, -0.29909610748291016, -1.9012678028198106e+38)
(0.743048369884491, 0.2371286302804947, -0.2897339463233948, -1.714707359748078e+38)
(0.7035382986068726, 0.2842941880226135, -0.2905144691467285, -2.59507143331746e+38)
(0.7264926433563232, 0.2733907401561737, -0.2820940613746643, -1.928007320344881e+38)
(0.7133632898330688, 0.3371990919113159, -0.30476081371307373, -2.2750160238923167e+38)
(0.7168104648590088, 0.3130115270614624, -0.2802262306213379, -2.4218547875239698e+38)
(0.8103770017623901, -0.3971497416496277, -0.3284943103790283, -1.9685116979715653e+38)
(0.7997387647628784, -0.36093342304229736, -0.317333459854126, -1.794878451484816e+38)
(0.8205791711807251, -0.34736281633377075, -0.3288409113883972, -2.1418332038227063e+38)
(0.8093682527542114, -0.31275272369384766, -0.3178700804710388, -2.3420508074010578e+38)
(0.7558379173278809, -0.07884286344051361, -0.26518911123275757, -2.5153708934835265e+38)
(0.7867007255554199, -0.08379310369491577, -0.26088273525238037, -3.196088718953092e+38)
(0.7565443515777588, -0.03692556172609329, -0.2644510865211487, -2.7689665257121922e+38)
(0.7824130058288574, -0.060961686074733734, -0.2575397491455078, -3.19624489350704e+38)
(0.8011847734451294, -0.018238453194499016, -0.2683184742927551, -3.1829006905806054e+38)
(0.8030954599380493, 0.004334095399826765, -0.2693573236465454, -3.2227252018373755e+38)
(0.7919644117355347, 0.026782400906085968, -0.28764182329177856, -2.7559867976863353e+38)
(0.8135032653808594, 0.05048598349094391, -0.2760714292526245, -3.209276544501482e+38)
(0.7780916690826416, 0.0699906051158905, -0.279075026512146, -2.809416343657043e+38)
(0.7743087410926819, 0.09133849292993546, -0.2771764397621155, -2.822708623614892e+38)
(0.7691992521286011, 0.11221762001514435, -0.2745722532272339, -2.8362090010952746e+38)
(0.783522367477417, 0.136654332280159, -0.26028239727020264, -3.1827439075543692e+38)
(0.7661908864974976, 0.1775815337896347, -0.2761572003364563, -2.862949735564921e+38)
(0.7858985662460327, 0.15992973744869232, -0.26291823387145996, -3.1960885161289958e+38)
(0.7662543654441833, 0.2001483291387558, -0.2778013348579407, -2.982945135734333e+38)
(0.7644559144973755, 0.22041532397270203, -0.2539299726486206, -3.2092771529737703e+38)
(0.7393796443939209, 0.2556365430355072, -0.2652047872543335, -3.236018495915705e+38)
(0.7620340585708618, 0.24223053455352783, -0.2542404532432556, -3.222672670396502e+38)
(0.7353121042251587, 0.2761003375053406, -0.26467686891555786, -3.2226740901651743e+38)
(0.7304534912109375, 0.2961442768573761, -0.263759970664978, -3.196089124601284e+38)
(0.8086936473846436, -0.041202113032341, -0.2479235976934433, -3.116125521914791e+38)
(0.8191242218017578, -0.04182618856430054, -0.22856484353542328, nan)
(0.8013261556625366, -0.018020639196038246, -0.243418887257576, -3.076144836104073e+38)
(0.8032851219177246, 0.00437727989628911, -0.24440480768680573, -3.089592682143582e+38)
(0.8107825517654419, 0.07287342846393585, -0.24933551251888275, -3.129677213891471e+38)
(0.8059935569763184, 0.09449420124292374, -0.22241432964801788, nan)
(0.7801916599273682, 0.11278892308473587, -0.2331269234418869, -3.089592073671294e+38)
(0.7828909158706665, 0.13455446064472198, -0.21175511181354523, nan)
(0.7862677574157715, 0.18161369860172272, -0.2398039847612381, -3.2765182085881804e+38)
(0.7949782609939575, 0.16027694940567017, -0.21912477910518646, nan)
(0.7752896547317505, 0.20047259330749512, -0.2348298877477646, -3.383273657416521e+38)
(0.7718312740325928, 0.22032783925533295, -0.210657998919487, -3.39620004270512e+38)
(0.7709362506866455, 0.24461737275123596, -0.2355794757604599, nan)
(0.764542281627655, 0.2628796696662903, -0.21004049479961395, -3.236119907963723e+38)
(0.7518234252929688, 0.2811524569988251, -0.22818584740161896, nan)
(0.8106223344802856, -0.01811675913631916, -0.19945089519023895, -3.3428747483197754e+38)
(0.8218045234680176, 0.0042963591404259205, -0.1802496463060379, -2.4753338225741102e+38)
(0.8353663682937622, 0.027651630342006683, -0.21117426455020905, -3.2626000134699626e+38)
(0.8155903816223145, 0.09544982761144638, -0.20274938642978668, -2.9556265554150787e+38)
(0.8246099948883057, 0.09634789824485779, -0.18241754174232483, -2.8490814351743282e+38)
(0.7889959812164307, 0.11311653256416321, -0.19062334299087524, -3.3292177906372525e+38)
(0.8002629280090332, 0.13718102872371674, -0.17311394214630127, -3.0356944096869342e+38)
(0.793700098991394, 0.18166111409664154, -0.19558541476726532, -3.289340545115513e+38)
(0.8124727010726929, 0.16335956752300262, -0.17927931249141693, -2.395267185246831e+38)
(0.7696333527565002, 0.2179550975561142, -0.18634815514087677, -2.4754360459185126e+38)
(0.7899845838546753, 0.2021290510892868, -0.1714654117822647, -3.2494134048661485e+38)
(0.7660882472991943, 0.2389911562204361, -0.18604186177253723, -3.2894449995249718e+38)
(0.7581394910812378, 0.25627171993255615, -0.16123272478580475, -3.222828642126354e+38)
(0.755984902381897, 0.2796342670917511, -0.18431255221366882, -2.7021349719476798e+38)
(0.7985323667526245, -0.1490148901939392, -0.12734796106815338, -3.0358503814167863e+38)
(0.7893750667572021, -0.1022975817322731, -0.1228676289319992, -3.3561682452222007e+38)
(0.7520636916160583, -0.054434776306152344, -0.12979131937026978, -2.3153052051531064e+38)
(0.7487573623657227, -0.03422566503286362, -0.12821662425994873, -3.356169056518585e+38)
(0.7542514801025391, 0.005035650450736284, -0.1300812065601349, -2.4620938712330385e+38)
(0.7673288583755493, -0.015388252213597298, -0.11396248638629913, -3.3294802450175238e+38)
(0.7467420101165771, 0.024659380316734314, -0.12719890475273132, -3.2226207474279167e+38)
(0.7454599142074585, 0.02454516664147377, -0.10639674961566925, -3.24930996457717e+38)
(0.7434792518615723, 0.06348372995853424, -0.12629978358745575, -2.6089334461610756e+38)
(0.7309290170669556, 0.08073154836893082, -0.10200938582420349, -2.8224964696104378e+38)
(0.7587664127349854, 0.10584414750337601, -0.1330438256263733, -3.2628618593779457e+38)
(0.7759263515472412, 0.12993648648262024, -0.11848275363445282, -3.0359029128576598e+38)
(0.7791669368743896, 0.15295454859733582, -0.14230063557624817, -2.4485918711598875e+38)
(0.7755184173583984, 0.17279140651226044, -0.11969403922557831, -3.369355867946495e+38)
(0.773739218711853, 0.217206671833992, -0.1429806500673294, -2.3553901425491874e+38)
(0.7700228691101074, 0.21460197865962982, -0.11952470242977142, -2.3553901425491874e+38)
(0.7695645093917847, 0.23788435757160187, -0.14248649775981903, -3.249361279073467e+38)
(0.7599311470985413, 0.2545379400253296, -0.11809681355953217, -3.302687384755196e+38)
(0.768515944480896, 0.2834298312664032, -0.14477063715457916, -2.6221226914781383e+38)
(0.7802238464355469, -0.23116910457611084, -0.08038283884525299, -3.3427713080307967e+38)
(0.7911345958709717, -0.1683664619922638, -0.10314629971981049, -3.3427717136789888e+38)
(0.7920001745223999, -0.19055810570716858, -0.08191221952438354, -2.9958171641651947e+38)
(0.7990871667861938, -0.14785124361515045, -0.08247862756252289, -3.102572410169439e+38)
(0.800694465637207, -0.12596692144870758, -0.08236689865589142, -2.755617860655645e+38)
(0.766480565071106, -0.07619477808475494, -0.09343814849853516, -3.356220168190786e+38)
(0.7910058498382568, -0.10171423107385635, -0.07939313352108002, -3.3828051337546765e+38)
(0.7451269030570984, -0.03346557170152664, -0.08645573258399963, -3.382908979691847e+38)
(0.7451125383377075, -0.05263644456863403, -0.06685468554496765, -2.382027031081663e+38)
(0.7507654428482056, 0.005119021050632, -0.08794854581356049, -2.448800779978805e+38)
(0.7619197368621826, -0.014896553009748459, -0.07088276743888855, -3.3695130566209234e+38)
(0.7280440330505371, 0.042546093463897705, -0.08123378455638885, -3.2227245933650874e+38)
(0.7338576316833496, 0.024064037948846817, -0.06360024958848953, -3.236068999115618e+38)
(0.7221250534057617, 0.07903984934091568, -0.07987700402736664, -2.8891144496018238e+38)
(0.7269399762153625, 0.07951942831277847, -0.06226568669080734, -2.915803261102885e+38)
(0.7241249680519104, 0.09806261211633682, -0.08081135153770447, -3.276154544983987e+38)
(0.7223852872848511, 0.1160922721028328, -0.06171765923500061, -3.0093181501178654e+38)
(0.7642126083374023, 0.14734984934329987, -0.0939238965511322, -2.4353519198188158e+38)
(0.7506676912307739, 0.16333115100860596, -0.07005412131547928, -3.3828047281064844e+38)
(0.7604153156280518, 0.1882464438676834, -0.09408988058567047, -3.2894987479104215e+38)
(0.7612792253494263, 0.2092639058828354, -0.07413323223590851, -2.3820787512261524e+38)
(0.7707128524780273, 0.23623335361480713, -0.09897594153881073, -3.2494649221865417e+38)
(0.7692668437957764, 0.2571965456008911, -0.07788750529289246, -3.3161356364428972e+38)
(0.748296320438385, 0.2695976793766022, -0.09401433169841766, -2.6889487689920577e+38)
(0.7443325519561768, 0.28864428400993347, -0.07305645942687988, -2.835788546744191e+38)
(0.787888765335083, -0.25756335258483887, -0.06107001006603241, -3.1826903619930156e+38)
(0.7798218727111816, -0.20745864510536194, -0.05778124928474426, -2.9958169613410986e+38)
(0.7830843925476074, -0.2082749456167221, -0.036904238164424896, -2.995869695606068e+38)
(0.8005130290985107, -0.17032629251480103, -0.06115307658910751, -3.3427717136789888e+38)
(0.8041428327560425, -0.17108431458473206, -0.03968585282564163, -3.3294798393693317e+38)
(0.7950737476348877, -0.12405183166265488, -0.05900351703166962, -2.755617860655645e+38)
(0.7968412637710571, -0.14621464908123016, -0.037974096834659576, -3.1293137531113736e+38)
(0.750718891620636, -0.07280059903860092, -0.048683084547519684, -3.3294802450175238e+38)
(0.7626122236251831, -0.09486741572618484, -0.03129265457391739, -3.382857462371454e+38)
(0.7341590523719788, -0.05095815658569336, -0.04487084597349167, -2.4087162482309163e+38)
(0.7353973388671875, -0.032133668661117554, -0.025985807180404663, -3.3962022737701765e+38)
(0.7449487447738647, 0.005214071366935968, -0.046904563903808594, -2.448749262658412e+38)
(0.7464556097984314, -0.013951743021607399, -0.027835913002490997, -3.356169056518585e+38)
(0.7301440238952637, 0.04246293753385544, -0.04378880560398102, -3.3027910278682706e+38)
(0.7336763143539429, 0.04262791574001312, -0.02563919872045517, -3.3161360420910893e+38)
(0.7241019010543823, 0.0788484513759613, -0.04278780519962311, -2.8757700438512932e+38)
(0.7313281297683716, 0.06107346713542938, -0.025331705808639526, -2.622226943063501e+38)
(0.7189998626708984, 0.09641847759485245, -0.04191512614488602, -3.3161877622355786e+38)
(0.7193883657455444, 0.1150231882929802, -0.04229070246219635, -3.076040178870518e+38)
(0.7255990505218506, 0.1354842334985733, -0.04399880766868591, -2.462040528495781e+38)
(0.7309507131576538, 0.1564188152551651, -0.04558689892292023, -3.3828047281064844e+38)
(0.7603832483291626, 0.18694578111171722, -0.05256742984056473, -3.316135433618801e+38)
(0.7652524709701538, 0.21023894846439362, -0.05422093719244003, -2.3554420655177727e+38)
(0.7631576657295227, 0.25329405069351196, -0.055105820298194885, -3.3294800421934278e+38)
(0.7825576066970825, 0.2393813282251358, -0.03708560764789581, -3.2761022163672095e+38)
(0.7380813360214233, 0.2839714288711548, -0.051007241010665894, -2.8758215611716865e+38)
(0.7587566375732422, 0.27274009585380554, -0.033980004489421844, -2.7289815805954573e+38)
(0.7485034465789795, 0.31309640407562256, -0.05428173393011093, -3.2894979366140373e+38)
(0.8390142917633057, -0.39188531041145325, -0.026777051389217377, -2.6754467689189068e+38)
(0.7705833911895752, -0.24717088043689728, -0.01462901383638382, -3.2226209502520127e+38)
(0.763201892375946, -0.26557889580726624, 0.006803594529628754, -2.7957551266685033e+38)
(0.7680412530899048, -0.2233535796403885, -0.01381324976682663, -3.356065007757318e+38)
(0.7875955104827881, -0.2094026803970337, 0.005438446998596191, -2.995869898430164e+38)
(0.7916065454483032, -0.18875326216220856, -0.016232207417488098, -2.9558364783544765e+38)
(0.7936147451400757, -0.18921543657779694, 0.005142204463481903, -2.942492478252138e+38)
(0.773033082485199, -0.11768556386232376, -0.012796476483345032, -2.769014797847049e+38)
(0.7725213766098022, -0.13830457627773285, 0.007574450224637985, -3.1560025646124347e+38)
(0.7265375852584839, -0.06816171109676361, -0.0061707086861133575, -3.3695134622691154e+38)
(0.7277814745903015, -0.08693373203277588, 0.012056984007358551, nan)
(0.7259300947189331, -0.04956008493900299, -0.0059600770473480225, -2.4887826827340996e+38)
(0.733036994934082, -0.03175806999206543, 0.011841949075460434, nan)
(0.7367517352104187, 0.005321496166288853, -0.007220569998025894, -2.528815697161595e+38)
(0.7439724206924438, -0.013734880834817886, 0.010877225548028946, nan)
(0.7394751310348511, 0.024098819121718407, 0.011303562670946121, -3.3294798393693317e+38)
(0.7385823726654053, 0.042857058346271515, 0.011355236172676086, -3.2896555309366577e+38)
(0.7302790880203247, 0.07946368306875229, -0.006601832807064056, -2.9291478696775115e+38)
(0.7361811399459839, 0.061428993940353394, 0.011521749198436737, -2.6490719291185102e+38)
(0.7324426174163818, 0.1176125705242157, -0.007224481552839279, -3.0759365357574435e+38)
(0.73404860496521, 0.09880091995000839, 0.011536426842212677, -3.356168853694489e+38)
(0.760934591293335, 0.1653868407011032, -0.011562205851078033, -3.382857462371454e+38)
(0.7566210627555847, 0.1433486044406891, 0.009150497615337372, -2.5421603057362217e+38)
(0.7869547605514526, 0.1955188512802124, 0.005895182490348816, -3.3695134622691154e+38)
(0.7925643920898438, 0.22013257443904877, 0.005107898265123367, -2.4087158425827242e+38)
(0.768683135509491, 0.25486254692077637, -0.014127910137176514, -3.3294802450175238e+38)
(0.7871215343475342, 0.2405921071767807, 0.005336567759513855, -3.3027910278682706e+38)
(0.7428773641586304, 0.28547030687332153, -0.011511124670505524, -2.915854372775086e+38)
(0.7627696990966797, 0.2739415168762207, 0.007022112607955933, -2.7289821890677454e+38)
(0.7431026697158813, 0.3081175982952118, -0.0120868980884552, -3.2894977337899413e+38)
(0.744398832321167, 0.3315613269805908, 0.007662694901227951, -3.1693469703629652e+38)
(0.7774094939231873, 0.38038671016693115, -0.018266044557094574, -2.4087162482309163e+38)
(0.7534471750259399, -0.25974053144454956, 0.028152791783213615, -2.7823592035975794e+38)
(0.7523720264434814, -0.23697684705257416, 0.028398288413882256, -3.2227249990132794e+38)
(0.7709494829177856, -0.22413112223148346, 0.02758544124662876, -3.3962022737701765e+38)
(0.7714362144470215, -0.22426120936870575, 0.048394203186035156, -3.3962022737701765e+38)
(0.7997593879699707, -0.16871333122253418, 0.026522232219576836, -3.3695132594450194e+38)
(0.79544997215271, -0.1896377056837082, 0.04820439964532852, -2.9558366811785725e+38)
(0.7423592805862427, -0.1094302237033844, 0.02971396967768669, -2.7957551266685033e+38)
(0.7652612924575806, -0.1359071135520935, 0.0485687330365181, -3.1826913761134957e+38)
(0.7226680517196655, -0.06728300452232361, 0.03086971677839756, -3.3695130566209234e+38)
(0.7223235964775085, -0.08561387658119202, 0.049046970903873444, nan)
(0.7292079925537109, -0.049842000007629395, 0.030583862215280533, -2.502126682836438e+38)
(0.7349065542221069, -0.03186985105276108, 0.048947811126708984, nan)
(0.7401816844940186, 0.005298605188727379, 0.030093040317296982, -2.528815494337499e+38)
(0.7459008097648621, -0.013799123466014862, 0.04884019494056702, -3.3829095881641353e+38)
(0.7413934469223022, 0.024137241765856743, 0.04888760298490524, -3.3428242451198623e+38)
(0.7404921054840088, 0.04294624924659729, 0.048893414437770844, -3.3163441396136228e+38)
(0.733604907989502, 0.07979489862918854, 0.03033505380153656, -2.969181086929103e+38)
(0.7380699515342712, 0.06156736612319946, 0.04891207814216614, -2.6758126635881567e+38)
(0.7431800365447998, 0.10045592486858368, 0.04883918538689613, -3.3828061478751567e+38)
(0.7591923475265503, 0.12362922728061676, 0.04865962266921997, -3.08928114433207e+38)
(0.8009895086288452, 0.17789015173912048, 0.026520971208810806, -3.3962022737701765e+38)
(0.7753704786300659, 0.1483938843011856, 0.048474326729774475, -2.5821933201637173e+38)
(0.798674464225769, 0.19953280687332153, 0.04818480461835861, nan)
(0.7944159507751465, 0.22058603167533875, 0.04820038750767708, -2.4354046540837853e+38)
(0.7716411352157593, 0.2557010054588318, 0.027461625635623932, -3.356169259342681e+38)
(0.7888917922973633, 0.24106144905090332, 0.04822650924324989, -3.3561686508703928e+38)
(0.7454376816749573, 0.2862682342529297, 0.028484735637903214, -2.9291478696775115e+38)
(0.7643237113952637, 0.2744061052799225, 0.04841559752821922, -2.74232639199418e+38)
(0.7358565330505371, 0.3026827573776245, 0.028796406462788582, -3.356220168190786e+38)
(0.725547194480896, 0.3181922733783722, 0.029140325263142586, -3.2227245933650874e+38)
(0.7796984910964966, 0.3811105489730835, 0.025905221700668335, -2.4354046540837853e+38)
(0.7530215978622437, -0.25961577892303467, 0.08920963853597641, -2.79570360934811e+38)
(0.7519253492355347, -0.23685094714164734, 0.08886443078517914, -3.262757810616679e+38)
(0.7712739706039429, -0.22421783208847046, 0.06921453028917313, -3.3962018681219844e+38)
(0.7777243256568909, -0.20501114428043365, 0.09030923247337341, -3.0092141013565987e+38)
(0.7952660322189331, -0.18959538638591766, 0.06978341937065125, -2.9825252898555376e+38)
(0.7888427972793579, -0.16503587365150452, 0.09072883427143097, nan)
(0.7553796768188477, -0.13306012749671936, 0.08813177049160004, -3.1826913761134957e+38)
(0.7340117692947388, -0.10732491314411163, 0.08645099401473999, -2.8090480150986405e+38)
(0.7221486568450928, -0.08558988571166992, 0.06725571304559708, nan)
(0.722134530544281, -0.06722334027290344, 0.08539785444736481, -3.396305916883251e+38)
(0.7347190380096436, -0.031858645379543304, 0.06755289435386658, nan)
(0.7286590337753296, -0.04979478567838669, 0.08579720556735992, -2.5155751373482353e+38)
(0.740565299987793, 0.005296043120324612, 0.06771188974380493, -2.6355709431658395e+38)
(0.7374468445777893, -0.013387545943260193, 0.08634257316589355, -3.3829615111327206e+38)
(0.7412010431289673, 0.024133386090397835, 0.06773340702056885, -3.3695134622691154e+38)
(0.7403005361557007, 0.042937301099300385, 0.06771600246429443, -3.3296885453641533e+38)
(0.7411371469497681, 0.08093336224555969, 0.06778669357299805, -2.969181289753199e+38)
(0.7369351387023926, 0.06148423254489899, 0.08636271953582764, -2.7025014750892177e+38)
(0.7420567274093628, 0.10031486302614212, 0.08687391877174377, nan)
(0.7580485343933105, 0.12345641851425171, 0.08813023567199707, -3.1160220816258125e+38)
(0.7923026084899902, 0.153248593211174, 0.09073854982852936, -2.648915146092274e+38)
(0.8003935813903809, 0.1777709573507309, 0.09148379415273666, nan)
(0.8045583963394165, 0.22476914525032043, 0.07012073695659637, -2.4353527311152e+38)
(0.7975188493728638, 0.19927501678466797, 0.09145502746105194, nan)
(0.7820239067077637, 0.2608170211315155, 0.0696096271276474, -3.3962018681219844e+38)
(0.7878285646438599, 0.24077960848808289, 0.09116880595684052, -3.3561686508703928e+38)
(0.7641680240631104, 0.2743595838546753, 0.06915059685707092, -2.7556703920965183e+38)
(0.7450098991394043, 0.2861349880695343, 0.08874449133872986, -2.9558364783544765e+38)
(0.7354474067687988, 0.32494834065437317, 0.06859757006168365, -3.2227249990132794e+38)
(0.7354594469070435, 0.3025558888912201, 0.08831004798412323, -3.3695130566209234e+38)
(0.7690082788467407, -0.2236122041940689, 0.11070521920919418, nan)
(0.7927005290985107, -0.189005047082901, 0.11276368051767349, -3.0359029128576598e+38)
(0.7453218698501587, -0.13021592795848846, 0.1067853569984436, -3.209380187614557e+38)
(0.7301700115203857, -0.10670307278633118, 0.1236218586564064, -2.8757700438512932e+38)
(0.7197109460830688, -0.08525551855564117, 0.1034957617521286, nan)
(0.718252420425415, -0.0667891725897789, 0.12135516852140427, nan)
(0.7321068048477173, -0.03170245885848999, 0.1045696809887886, nan)
(0.724665641784668, -0.04945133626461029, 0.122197724878788, -2.568901040205868e+38)
(0.7430129051208496, -0.01370292529463768, 0.10574644804000854, nan)
(0.735429048538208, 0.005330317188054323, 0.12364520877599716, -2.67570861482689e+38)
(0.7385207414627075, 0.02407969906926155, 0.1052255928516388, -3.3561686508703928e+38)
(0.7376322746276855, 0.04281267523765564, 0.10516279935836792, -3.369721154143457e+38)
(0.7385029792785645, 0.0806710347533226, 0.10542544722557068, -2.9692849328662738e+38)
(0.7328125238418579, 0.06118221580982208, 0.1233939528465271, -2.7825159866238157e+38)
(0.7379746437072754, 0.09980221837759018, 0.12449652701616287, nan)
(0.753890872001648, 0.12282820791006088, 0.12718364596366882, -3.1827441103784652e+38)
(0.800032377243042, 0.15559948980808258, 0.11291833966970444, -2.6490196005017328e+38)
(0.8086516857147217, 0.1806555986404419, 0.11415523290634155, nan)
(0.8019188642501831, 0.2241227924823761, 0.11399363726377487, -2.4621451857293357e+38)
(0.8034344911575317, 0.20204994082450867, 0.1359071433544159, -3.396305916883251e+38)
(0.7862393856048584, 0.24035821855068207, 0.11252887547016144, -3.382857056723262e+38)
(0.7839559316635132, 0.23975242674350739, 0.1337462216615677, -3.38285766519555e+38)
(0.7619948983192444, 0.2737097442150116, 0.11047860980033875, -2.7690665179915382e+38)
(0.7289960384368896, -0.0876900777220726, 0.14198626577854156, nan)
(0.7337270975112915, -0.032033808529376984, 0.14233806729316711, nan)
(0.7373228669166565, -0.013513373211026192, 0.14295081794261932, nan)
(0.7328610420227051, 0.023966334760189056, 0.1420535147190094, -3.2365379284256543e+38)
(0.7319976091384888, 0.042549505829811096, 0.14194869995117188, -3.3163972795267843e+38)
(0.732938289642334, 0.08011684566736221, 0.14241468906402588, -2.982578429768699e+38)
(0.735435962677002, 0.11870140582323074, 0.14339685440063477, -3.1827958305229545e+38)
