0.3560329079627991, -0.07063427567481995, -0.2922315001487732, -2.421750333114511e+38
0.35648423433303833, -0.06320372968912125, -0.29099321365356445, -2.4350947388650415e+38
0.35238027572631836, -0.05473177880048752, -0.29105299711227417, -2.3818732904168674e+38
0.358036607503891, -0.04914974421262741, -0.29233646392822266, -2.4350947388650415e+38
0.3545580506324768, -0.04149250686168671, -0.29619401693344116, -2.3952698219600794e+38
0.3601197302341461, -0.03543207794427872, -0.29713577032089233, -2.3950093958207685e+38
0.3562988042831421, -0.027735812589526176, -0.30039799213409424, -2.4350943332168494e+38
0.36172354221343994, -0.02122902125120163, -0.3009414076805115, -2.4483868159987946e+38
0.3606160283088684, -0.014497188851237297, -0.3176268935203552, -2.475127550468441e+38
0.363873153924942, -0.0068738143891096115, -0.30824989080429077, -2.44843873896738e+38
0.36709827184677124, -0.00013933703303337097, -0.34589052200317383, -2.4350943332168494e+38
0.36778688430786133, 0.00804184004664421, -0.3243280053138733, -2.44843873896738e+38
0.3698038160800934, 0.024645715951919556, -0.35857176780700684, -2.4881600127592674e+38
0.3678653836250305, 0.015881052240729332, -0.32474660873413086, -2.4483870188228907e+38
0.3683202862739563, 0.032679375261068344, -0.352566659450531, -2.5014522927171166e+38
0.3684071898460388, 0.039757583290338516, -0.32928067445755005, -2.4747636840401516e+38
0.3668156564235687, 0.05714146047830582, -0.35017675161361694, -2.474815607008737e+38
0.3715616464614868, 0.049180321395397186, -0.3443893790245056, -2.4881600127592674e+38
0.35656556487083435, 0.06671594083309174, -0.3068205714225769, -2.4216462843532442e+38
0.3631970286369324, 0.06109445542097092, -0.31163060665130615, -2.4216982073218296e+38
0.35368314385414124, 0.07975849509239197, -0.2987697720527649, -2.4614712012582064e+38
0.3593261241912842, 0.07400798797607422, -0.2993583083152771, -2.408353598747203e+38
0.3513272702693939, 0.0929950624704361, -0.29427284002304077, -2.448282970061624e+38
0.3570570945739746, 0.0877089872956276, -0.29518675804138184, -2.3950611159652578e+38
0.3599454164505005, -0.07945062965154648, -0.2914239168167114, -2.4084059273639804e+38
0.3637681007385254, -0.0884653702378273, -0.29009997844696045, -2.421750333114511e+38
0.3599821925163269, -0.06344461441040039, -0.2849618196487427, -2.4084059273639804e+38
0.3640355169773102, -0.07215643674135208, -0.2841542959213257, -2.3683727101123888e+38
0.36137545108795166, -0.056875891983509064, -0.2880094051361084, -2.39506152161345e+38
0.36738693714141846, -0.05115002393722534, -0.28921079635620117, -2.4084059273639804e+38
0.36382386088371277, -0.04324548691511154, -0.29341375827789307, -2.4350947388650415e+38
0.3697313964366913, -0.037007465958595276, -0.2942553758621216, -2.421750535938607e+38
0.36578506231307983, -0.029048042371869087, -0.29783254861831665, -2.421750333114511e+38
0.3715403079986572, -0.02233242802321911, -0.29825299978256226, -2.448439144615572e+38
0.367222398519516, -0.01440427266061306, -0.301200807094574, -2.461731221749325e+38
0.3727787733078003, -0.007257791236042976, -0.3011438250541687, -2.421749927466319e+38
0.36810848116874695, 0.0005537224933505058, -0.30346983671188354, -2.4484902562877733e+38
0.37226516008377075, 0.008096937090158463, -0.2984694242477417, -2.421749927466319e+38
0.36842626333236694, 0.015685876831412315, -0.3046092391014099, -2.4750241101794624e+38
0.3723044693470001, 0.023343361914157867, -0.2990456223487854, -2.4349908929278708e+38
0.36928486824035645, 0.031111769378185272, -0.30913829803466797, -2.4483350958543053e+38
0.3732488453388214, 0.031221169978380203, -0.30330127477645874, -2.4083018786027137e+38
0.37126368284225464, 0.05560288578271866, -0.3211366534233093, -2.435042207424168e+38
0.3759631812572479, 0.04795139282941818, -0.31592661142349243, -2.4216460815291482e+38
0.36724066734313965, 0.06942501664161682, -0.3087007999420166, -2.4084055217157883e+38
0.3744394779205322, 0.06357366591691971, -0.3134787082672119, -2.4084059273639804e+38
0.3640594184398651, 0.07509849220514297, -0.2979317903518677, -2.3817167102147273e+38
0.3687998652458191, 0.0842592790722847, -0.29865550994873047, -2.3817171158629193e+38
0.36166247725486755, 0.08899977058172226, -0.29363149404525757, -2.395061318789354e+38
0.36637306213378906, 0.09031917154788971, -0.29195916652679443, -2.3817171158629193e+38
0.37211617827415466, -0.09926775842905045, -0.2857051491737366, -2.3416838986113277e+38
0.37307482957839966, -0.09152310341596603, -0.28544890880584717, -2.3817171158629193e+38
0.3739107847213745, -0.08374059945344925, -0.2850140929222107, -2.354976178569177e+38
0.3686695694923401, -0.07347608357667923, -0.28215938806533813, -2.3683727101123888e+38
0.373399019241333, -0.07482161372900009, -0.2800317406654358, -2.3550283043618582e+38
0.3722248077392578, -0.05218429118394852, -0.2874715328216553, -2.421750333114511e+38
0.37687578797340393, -0.06117691844701767, -0.2868950366973877, -2.3817171158629193e+38
0.3747119903564453, -0.03782351315021515, -0.29264235496520996, -2.3684775701700397e+38
0.3798111081123352, -0.038658782839775085, -0.29090428352355957, -2.3684775701700397e+38
0.3769708573818207, -0.030942687764763832, -0.2992871403694153, -2.381821570272378e+38
0.37786751985549927, -0.023325128480792046, -0.3012147545814514, -2.381821570272378e+38
0.37794995307922363, -0.007567301392555237, -0.29969823360443115, -2.381821164624186e+38
0.3839426636695862, -0.016061358153820038, -0.3012356162071228, -2.355132758771317e+38
0.3762223422527313, 0.00808628462255001, -0.292785108089447, -2.38182096180009e+38
0.38241544365882874, 0.00015780329704284668, -0.2948142886161804, -2.368528884666337e+38
0.376325398683548, 0.015748484060168266, -0.2932242751121521, -2.395061724437546e+38
0.38026946783065796, 0.023498166352510452, -0.28771042823791504, -2.395061724437546e+38
0.3760586380958557, 0.031077325344085693, -0.2932175397872925, -2.4084059273639804e+38
0.3808809816837311, 0.039224445819854736, -0.2912483215332031, -2.36842483590507e+38
0.3793134093284607, 0.056025490164756775, -0.3086004853248596, -2.3950611159652578e+38
0.38469597697257996, 0.056847959756851196, -0.3069254755973816, -2.3817688360074086e+38
0.37867477536201477, 0.07230135053396225, -0.31015944480895996, -2.3683727101123888e+38
0.38511285185813904, 0.0654827430844307, -0.3101201057434082, -2.395061724437546e+38
0.37625110149383545, 0.07906731963157654, -0.30357664823532104, -2.3683727101123888e+38
0.38007235527038574, 0.08778984844684601, -0.299446165561676, -2.4084061301880765e+38
0.3719288408756256, 0.10081570595502853, -0.2961370348930359, -2.395061724437546e+38
0.3785468339920044, 0.09514698386192322, -0.29688870906829834, -2.421750535938607e+38
0.36956533789634705, 0.11573682725429535, -0.29437023401260376, -2.3683727101123888e+38
0.3743882179260254, 0.11742393672466278, -0.29210972785949707, -2.39506152161345e+38
0.38907065987586975, -0.11081229895353317, -0.3045979142189026, -2.3416838986113277e+38
0.380076140165329, -0.08650265634059906, -0.2871134877204895, -2.368268661351122e+38
0.38412708044052124, -0.09611176699399948, -0.2847564220428467, -2.3550283043618582e+38
0.3808259963989258, -0.07847639173269272, -0.2865425944328308, -2.3550283043618582e+38
0.3865351676940918, -0.0717604011297226, -0.28341245651245117, -2.3683727101123888e+38
0.38489294052124023, -0.05599696934223175, -0.29238414764404297, -2.381821164624186e+38
0.38843998312950134, -0.06455361843109131, -0.28692877292633057, -2.3551844789158064e+38
0.38637611269950867, -0.0401480570435524, -0.29342466592788696, -2.3551848845639984e+38
0.39179861545562744, -0.04950461536645889, -0.2931683659553528, -2.3551844789158064e+38
0.38894814252853394, -0.03295540064573288, -0.30027079582214355, -2.3418926046061493e+38
0.3955863118171692, -0.025605054572224617, -0.30035626888275146, -2.328443947270256e+38
0.38868477940559387, -0.008209779858589172, -0.2964327335357666, -2.3552368075325838e+38
0.3964880108833313, -0.017363915219902992, -0.3021310567855835, -2.3684254443773583e+38
0.38781023025512695, -2.1939165890216827e-05, -0.2931596040725708, -2.3552366047084877e+38
0.39365682005882263, 0.007954186759889126, -0.2921450138092041, -2.3550281015377622e+38
0.38555896282196045, 0.02374551072716713, -0.28611016273498535, -2.381821570272378e+38
0.39098024368286133, 0.023999013006687164, -0.2843758463859558, -2.3817171158629193e+38
0.3907374143600464, 0.03198673576116562, -0.28419601917266846, -2.4084059273639804e+38
0.3930268883705139, 0.04067524895071983, -0.2920076251029968, -2.39506152161345e+38
0.38824644684791565, 0.048541225492954254, -0.2973278760910034, -2.368528479018145e+38
0.3937980830669403, 0.0492435023188591, -0.2954605221748352, -2.3817171158629193e+38
0.3894815444946289, 0.07451201975345612, -0.30641859769821167, -2.395061724437546e+38
0.3950742185115814, 0.07565546035766602, -0.3043280839920044, -2.39506152161345e+38
0.38815492391586304, 0.08240857720375061, -0.30430519580841064, -2.4084061301880765e+38
0.3951510190963745, 0.08463578671216965, -0.30678415298461914, -2.421750333114511e+38
0.3863988518714905, 0.09883784502744675, -0.3038173317909241, -2.4084059273639804e+38
0.39134031534194946, 0.10918539017438889, -0.3030453324317932, -2.3817171158629193e+38
0.38134294748306274, 0.11221112310886383, -0.29311615228652954, -2.3551844789158064e+38
0.3856641352176666, 0.12232350558042526, -0.29153943061828613, -2.368528884666337e+38
0.383359432220459, 0.12917128205299377, -0.28775501251220703, -2.368528884666337e+38
0.39266324043273926, -0.1108659952878952, -0.29627525806427, -2.3817171158629193e+38
0.40188664197921753, -0.12722522020339966, -0.30858469009399414, -2.3550283043618582e+38
0.3932003378868103, -0.09233622252941132, -0.2910016179084778, -2.3816130671016526e+38
0.40083402395248413, -0.10572277754545212, -0.29793524742126465, -2.39506152161345e+38
0.39404386281967163, -0.08385666459798813, -0.2905411720275879, -2.3817171158629193e+38
0.4018060564994812, -0.07794350385665894, -0.29173916578292847, -2.39506152161345e+38
0.39714086055755615, -0.05918680876493454, -0.2923341393470764, -2.3284956674147453e+38
0.4023643136024475, -0.06916636973619461, -0.2908807396888733, -2.3417881501966905e+38
0.39885902404785156, -0.05134332925081253, -0.29542243480682373, -2.341840073165276e+38
0.40456849336624146, -0.05242101103067398, -0.2929443120956421, -2.341840073165276e+38
0.4001811146736145, -0.03450791537761688, -0.29610514640808105, -2.301755135769195e+38
0.4072164297103882, -0.02691156603395939, -0.29597437381744385, -2.328288584012692e+38
0.39995425939559937, -0.008884217590093613, -0.29261088371276855, -2.36826926982341e+38
0.40823426842689514, -0.01837651990354061, -0.2978324890136719, -2.3015478495430456e+38
0.4004976749420166, -0.0005254363641142845, -0.29373985528945923, -2.4083020814268097e+38
0.40673378109931946, 0.007850772701203823, -0.2924279570579529, -2.394957675676279e+38
0.3979565501213074, 0.024432707577943802, -0.28659921884536743, -2.3817171158629193e+38
0.40371468663215637, 0.024701949208974838, -0.2845444679260254, -2.3683727101123888e+38
0.4034382700920105, 0.03308829665184021, -0.2843284606933594, -2.3683727101123888e+38
0.40446561574935913, 0.0418194904923439, -0.28792905807495117, -2.3683727101123888e+38
0.39861178398132324, 0.058206528425216675, -0.2922293543815613, -2.3683727101123888e+38
0.4053017497062683, 0.0506984144449234, -0.2912653684616089, -2.3683727101123888e+38
0.4005416929721832, 0.0677734836935997, -0.29946011304855347, -2.3817171158629193e+38
0.4082925319671631, 0.07890601456165314, -0.30426663160324097, -2.3416838986113277e+38
0.4024568200111389, 0.08694972097873688, -0.3091629147529602, -2.3817171158629193e+38
0.4082467555999756, 0.09775818884372711, -0.30868375301361084, -2.3550283043618582e+38
0.4004482626914978, 0.1043357327580452, -0.3083859086036682, -2.3683727101123888e+38
0.407427042722702, 0.1167411282658577, -0.3120450973510742, -2.3683727101123888e+38
0.39771196246147156, 0.12127794325351715, -0.3064168691635132, -2.3284956674147453e+38
0.4024251103401184, 0.13227945566177368, -0.3043452501296997, -2.341840073165276e+38
0.38981667160987854, 0.13261878490447998, -0.28931689262390137, -2.3284956674147453e+38
0.3937651813030243, 0.14305157959461212, -0.28642064332962036, -2.3416838986113277e+38
0.4153934717178345, -0.14508774876594543, -0.3114527463912964, -2.3817171158629193e+38
0.4073534905910492, -0.12921921908855438, -0.30471837520599365, -2.3817171158629193e+38
0.4185916781425476, -0.12618355453014374, -0.31194543838500977, -2.3683727101123888e+38
0.4111635386943817, -0.1017746776342392, -0.30453526973724365, -2.408197424193255e+38
0.42109519243240356, -0.1069563776254654, -0.31159037351608276, -2.408197424193255e+38
0.4201251268386841, -0.09874187409877777, -0.32578837871551514, -2.4083016757786176e+38
0.43337056040763855, -0.10578849166631699, -0.3400809168815613, -2.4481263898594837e+38
0.41156017780303955, -0.07272632420063019, -0.2974279522895813, -2.3684767588736555e+38
0.4279446005821228, -0.07024668157100677, -0.3184528350830078, -2.3950089901725764e+38
0.4139254093170166, -0.05523904412984848, -0.2995907664299011, -2.341840073165276e+38
0.4200313985347748, -0.04696505516767502, -0.2950262427330017, -2.3816126614534605e+38
0.41193145513534546, -0.03613133728504181, -0.29128676652908325, -2.381665801366622e+38
0.4193812906742096, -0.028277819976210594, -0.2909005284309387, -2.368268864175218e+38
0.4125993549823761, -0.01853173039853573, -0.2909756898880005, -2.3815625639017395e+38
0.419636607170105, -0.010211221873760223, -0.28999102115631104, -2.3682694726475062e+38
0.4123823642730713, -0.0009214021265506744, -0.2893325090408325, -2.4081463125210537e+38
0.41894447803497314, 0.007769288495182991, -0.2877011299133301, -2.421594361384659e+38
0.41121017932891846, 0.02516254037618637, -0.28647381067276, -2.3683727101123888e+38
0.41731637716293335, 0.025448039174079895, -0.2840496301651001, -2.381664990070238e+38
0.4103878140449524, 0.04241182655096054, -0.28564363718032837, -2.3683727101123888e+38
0.41700053215026855, 0.034257132560014725, -0.28379446268081665, -2.394957675676279e+38
0.41125500202178955, 0.0514511913061142, -0.288917601108551, -2.3683727101123888e+38
0.4180208444595337, 0.061548344790935516, -0.28930842876434326, -2.368372912936485e+38
0.41236966848373413, 0.06988635659217834, -0.2946280241012573, -2.3550283043618582e+38
0.4187154769897461, 0.0804843008518219, -0.29427409172058105, -2.3950085845243843e+38
0.41620057821273804, 0.0907566174864769, -0.3086510896682739, -2.39506152161345e+38
0.41425490379333496, 0.0992850810289383, -0.30582964420318604, -2.3683727101123888e+38
0.4176240563392639, 0.11165335774421692, -0.31755292415618896, -2.3817171158629193e+38
0.41710278391838074, 0.12158457189798355, -0.31913989782333374, -2.36842483590507e+38
0.41353368759155273, 0.13954311609268188, -0.31618666648864746, -2.3684767588736555e+38
0.42152076959609985, 0.1435122936964035, -0.3178068995475769, -2.3817171158629193e+38
0.40519267320632935, 0.1416446566581726, -0.2967085838317871, -2.3683727101123888e+38
0.411163866519928, 0.15477803349494934, -0.2980037331581116, -2.3683727101123888e+38
0.40777653455734253, 0.1617746502161026, -0.2929898500442505, -2.3550283043618582e+38
0.43416038155555725, -0.15743239223957062, -0.31990307569503784, -2.4084059273639804e+38
0.425136923789978, -0.14014148712158203, -0.31313908100128174, -2.39506152161345e+38
0.43524789810180664, -0.13474425673484802, -0.3146091103553772, -2.3683727101123888e+38
0.4305128753185272, -0.12259184569120407, -0.31915825605392456, -2.3683727101123888e+38
0.4405818581581116, -0.1163708046078682, -0.3203544616699219, -2.36842483590507e+38
0.44003963470458984, -0.10767623037099838, -0.33603912591934204, -2.4081457040487656e+38
0.4433131217956543, -0.09859797358512878, -0.341060996055603, -2.3949053470595018e+38
0.4481767416000366, -0.08776018768548965, -0.3295142650604248, -2.3683207871438034e+38
0.445980429649353, -0.07554443180561066, -0.3222770690917969, -2.341580052674157e+38
0.4282694458961487, -0.04877237230539322, -0.2966834306716919, -2.4083018786027137e+38
0.4436807632446289, -0.06374698132276535, -0.3151349425315857, -2.3282354440995304e+38
0.4241976737976074, -0.037825360894203186, -0.2857324481010437, -2.421490109799296e+38
0.4305214285850525, -0.03869844228029251, -0.28265124559402466, -2.4214379840066147e+38
0.42596468329429626, -0.01058988831937313, -0.2872772812843323, -2.381665801366622e+38
0.43337172269821167, -0.02054307796061039, -0.28707295656204224, -2.368372912936485e+38
0.4266650080680847, -0.0014800913631916046, -0.2885071635246277, -2.368217346854825e+38
0.4331739842891693, -0.0016969479620456696, -0.28561192750930786, -2.328184129603233e+38
0.42535579204559326, 0.025936782360076904, -0.28562551736831665, -2.3549246612487836e+38
0.4319043457508087, 0.01695769652724266, -0.2826879024505615, -2.2882557724092924e+38
0.4244154989719391, 0.044056057929992676, -0.2846900224685669, -2.341580052674157e+38
0.4314556121826172, 0.03549569845199585, -0.28247952461242676, -2.288202429672035e+38
0.4318062663078308, 0.05436217039823532, -0.2849532961845398, -2.368163598469375e+38
0.4325419068336487, 0.06415224075317383, -0.2877945303916931, -2.3548195983670367e+38
0.4265803396701813, 0.07289038598537445, -0.2934616804122925, -2.3682159270861526e+38
0.43302643299102783, 0.07404054701328278, -0.290321409702301, -2.354716158078058e+38
0.43324458599090576, 0.09400847554206848, -0.2944350242614746, -2.354820409663421e+38
0.4329829514026642, 0.10403787344694138, -0.29602789878845215, -2.341580052674157e+38
0.43453556299209595, 0.11816593259572983, -0.32120752334594727, -2.3415277240573796e+38
0.4411945044994354, 0.12001319229602814, -0.31737464666366577, -2.3282873670681158e+38
0.42983508110046387, 0.1476260870695114, -0.3192415237426758, -2.3683727101123888e+38
0.4384866952896118, 0.15188908576965332, -0.3204711675643921, -2.274961869858675e+38
0.4242742657661438, 0.1535910665988922, -0.3090282082557678, -2.3550283043618582e+38
0.4287249445915222, 0.16568242013454437, -0.30471664667129517, -2.3149950871102666e+38
0.42270439863204956, 0.1706899106502533, -0.29416173696517944, -2.3149950871102666e+38
0.4636705815792084, -0.20847763121128082, -0.3564196825027466, -2.3282867585958277e+38
0.452713280916214, -0.1864945888519287, -0.34793245792388916, -2.3549236471283034e+38
0.4648821949958801, -0.1812257170677185, -0.34944504499435425, -2.3149431641416813e+38
0.439609557390213, -0.14695866405963898, -0.30920612812042236, -2.381664990070238e+38
0.45046573877334595, -0.1414441615343094, -0.3103974461555481, -2.3283916186534785e+38
0.4498007297515869, -0.1204066351056099, -0.32165175676345825, -2.3284958702388413e+38
0.45654383301734924, -0.12245095521211624, -0.3167220950126648, -2.2884109328427604e+38
0.45649051666259766, -0.11349478363990784, -0.33335036039352417, -2.3151514644883108e+38
0.4675038456916809, -0.10595568269491196, -0.333861768245697, -2.301599772511631e+38
0.4529741406440735, -0.0770338922739029, -0.31827211380004883, -2.3683209899678995e+38
0.46815192699432373, -0.09432880580425262, -0.33269864320755005, -2.3415289410019558e+38
0.4413392245769501, -0.05090911686420441, -0.28992748260498047, -2.3547682838707394e+38
0.44794464111328125, -0.06219947338104248, -0.28748035430908203, -2.4081463125210537e+38
0.43903234601020813, -0.04024016857147217, -0.2837269902229309, -2.3947491725055536e+38
0.44745880365371704, -0.03172694146633148, -0.28267019987106323, -2.328183521130945e+38
0.4379520118236542, -0.020716587081551552, -0.2795569896697998, -2.368372912936485e+38
0.44576433300971985, -0.01177460327744484, -0.27785807847976685, -2.3416323812909344e+38
0.4398208558559418, -0.0019183969125151634, -0.28249919414520264, -2.3148397238527026e+38
0.44660329818725586, -0.0021443599835038185, -0.2791558504104614, -2.3148395210286066e+38
0.4384172558784485, 0.02654743380844593, -0.2797122597694397, -2.3416323812909344e+38
0.4473446011543274, 0.017316676676273346, -0.2805275321006775, -2.2750137928272603e+38
0.43934524059295654, 0.045796237885951996, -0.28288447856903076, -2.3814568925477045e+38
0.446826696395874, 0.03680584207177162, -0.28025442361831665, -2.3415275212332835e+38
0.4411712884902954, 0.06586677581071854, -0.28888756036758423, -2.3546644379335687e+38
0.4493325352668762, 0.05722726136445999, -0.2869333028793335, -2.3546644379335687e+38
0.44192200899124146, 0.0863313153386116, -0.29358428716659546, -2.3279758292566037e+38
0.45069020986557007, 0.07816223800182343, -0.29226022958755493, -2.3413208434794223e+38
0.4418962001800537, 0.096642404794693, -0.2954450845718384, -2.3148391153804145e+38
0.4461010694503784, 0.10966717451810837, -0.306735098361969, -2.3149950871102666e+38
0.4496800899505615, 0.13448859751224518, -0.31986576318740845, -2.2884103243704723e+38
0.45998188853263855, 0.12714111804962158, -0.31961697340011597, -2.38166438159795e+38
0.44499140977859497, 0.15412738919258118, -0.3158901333808899, -2.2616174641081444e+38
0.45549720525741577, 0.14761453866958618, -0.3160703778266907, -2.3149952899343627e+38
0.44109004735946655, 0.16243286430835724, -0.31068867444992065, -2.3416838986113277e+38
0.4474581182003021, 0.16474910080432892, -0.3057326078414917, -2.408353801571299e+38
0.4284694194793701, 0.18487441539764404, -0.29368579387664795, -2.3683723044641967e+38
0.43647831678390503, 0.18990983068943024, -0.29354989528656006, -2.354975975745081e+38
0.4821814298629761, -0.22497659921646118, -0.3745080828666687, -2.3550796188581555e+38
0.4796714186668396, -0.20197270810604095, -0.34269678592681885, -2.3418396675170837e+38
0.48228946328163147, -0.19005006551742554, -0.34342247247695923, -2.3551844789158064e+38
0.46594542264938354, -0.15149681270122528, -0.3232259154319763, -2.3683727101123888e+38
0.47609689831733704, -0.15665456652641296, -0.32356566190719604, -2.3816130671016526e+38
0.467795193195343, -0.14027634263038635, -0.323508620262146, -2.3683209899678995e+38
0.47651010751724243, -0.13109083473682404, -0.3178432583808899, -2.3815613469571633e+38
0.47179970145225525, -0.10600142925977707, -0.32269734144210815, -2.3415289410019558e+38
0.47916391491889954, -0.1079101637005806, -0.3173856735229492, -2.381510032460866e+38
0.4725800156593323, -0.09444139897823334, -0.3218245506286621, -2.3415289410019558e+38
0.4701429605484009, -0.08144798129796982, -0.31496310234069824, -2.3414764095610823e+38
0.4641381502151489, -0.06581161171197891, -0.28363102674484253, -2.3413202350071342e+38
0.46432071924209595, -0.0551365464925766, -0.2825046181678772, -2.3279754236084116e+38
0.4547600746154785, -0.0427873432636261, -0.28071993589401245, -2.354715955253962e+38
0.46419379115104675, -0.04447579383850098, -0.2810371518135071, -2.3546642351094727e+38
0.45485639572143555, -0.01247166283428669, -0.27848148345947266, -2.3281318009864558e+38
0.4643148183822632, -0.013194622471928596, -0.27885645627975464, -2.328132409458744e+38
0.45575428009033203, -0.0025342069566249847, -0.2798103094100952, -2.288202429672035e+38
0.4634857475757599, 0.007438515312969685, -0.27683335542678833, -2.341580052674157e+38
0.45642971992492676, 0.02762388251721859, -0.281253457069397, -2.3948526127945323e+38
0.463724821805954, 0.017695751041173935, -0.277316689491272, -2.38150881551629e+38
0.4574606418609619, 0.04812117666006088, -0.2844076156616211, -2.354715752429866e+38
0.46549880504608154, 0.03855390474200249, -0.2812592387199402, -2.394800689825947e+38
0.4658518135547638, 0.05965176224708557, -0.28350919485092163, -2.3546644379335687e+38
0.46672460436820984, 0.07059047371149063, -0.28623348474502563, -2.35456099764459e+38
0.46006378531455994, 0.08033838868141174, -0.2928816080093384, -2.3413206406553263e+38
0.4603133797645569, 0.09125281870365143, -0.2950007915496826, -2.3146843605951387e+38
0.46243616938591003, 0.11461275070905685, -0.3031562566757202, -2.3681650182380474e+38
0.4699847102165222, 0.10513469576835632, -0.297039270401001, -2.341269123334933e+38
0.4644436538219452, 0.12739785015583038, -0.30951422452926636, -2.3416317728186463e+38
0.4706133008003235, 0.14075793325901031, -0.30528879165649414, -2.381404563930927e+38
0.4623710811138153, 0.1498250663280487, -0.31104177236557007, -2.341580052674157e+38
0.4677410125732422, 0.16324687004089355, -0.30583351850509644, -2.3946970467128723e+38
0.4565093219280243, 0.16945062577724457, -0.305839478969574, -2.421594158560563e+38
0.46308737993240356, 0.1718306690454483, -0.3002331256866455, -2.3680084380359072e+38
0.444760262966156, 0.19509926438331604, -0.29313522577285767, -2.3815611441330673e+38
0.4558921158313751, 0.19028714299201965, -0.2935199737548828, -2.20777172309237e+38
0.44534599781036377, 0.20429964363574982, -0.2805953621864319, -2.1947400720979278e+38
0.4961792528629303, -0.23053887486457825, -0.358281672000885, -2.3416838986113277e+38
0.49975553154945374, -0.24586428701877594, -0.348472535610199, -2.341579849850061e+38
0.4892703890800476, -0.19264453649520874, -0.33610105514526367, -2.3816130671016526e+38
0.5017850995063782, -0.21589040756225586, -0.34252673387527466, -2.328183521130945e+38
0.48664456605911255, -0.1619998812675476, -0.32359278202056885, -2.4081459068728616e+38
0.5031886696815491, -0.18674825131893158, -0.3366711735725403, -2.3547682838707394e+38
0.49061083793640137, -0.1381262093782425, -0.3242730498313904, -2.3947495781537457e+38
0.49808353185653687, -0.14037670195102692, -0.31773841381073, -2.314631423506073e+38
0.48660987615585327, -0.1098378598690033, -0.311759352684021, -2.3814059836995993e+38
0.4961742162704468, -0.12586760520935059, -0.3117330074310303, -2.341268312038549e+38
0.4820536971092224, -0.08321721106767654, -0.2994955778121948, -2.3680090465081953e+38
0.4919293522834778, -0.09810081124305725, -0.29991888999938965, -2.3146318291542652e+38
0.47146427631378174, -0.05630280077457428, -0.27791404724121094, -2.3546121093167913e+38
0.47566962242126465, -0.067414790391922, -0.26940661668777466, -2.301444003605875e+38
0.47138088941574097, -0.04546717554330826, -0.2765618562698364, -2.3680086408600032e+38
0.4782857894897461, -0.03549109399318695, -0.27018964290618896, -2.3280287663456692e+38
0.47161006927490234, -0.013631090521812439, -0.2746098041534424, -2.341425095064785e+38
0.480167955160141, -0.025034939870238304, -0.2724946141242981, -2.3547171721985382e+38
0.4701463580131531, -0.00301368348300457, -0.27174246311187744, -2.3415285353537637e+38
0.47819381952285767, 0.0073403650894761086, -0.2682175040245056, -2.2749105553623777e+38
0.47090470790863037, 0.028300531208515167, -0.27319490909576416, -2.3280792695455823e+38
0.4784616231918335, 0.017990995198488235, -0.2687028646469116, -2.274806709425207e+38
0.4728638529777527, 0.0390944629907608, -0.2770187258720398, -2.3413715495034315e+38
0.47778505086898804, 0.03926452249288559, -0.2683095932006836, -2.31473547226734e+38
0.4731866419315338, 0.060577861964702606, -0.27914899587631226, -2.3146318291542652e+38
0.48063480854034424, 0.0615181103348732, -0.2744889259338379, -2.3279754236084116e+38
0.47458508610725403, 0.08292477577924728, -0.28401464223861694, -2.3278208716472318e+38
0.4794360399246216, 0.09454666078090668, -0.27640461921691895, -2.3013910665168093e+38
0.4773036539554596, 0.1068049892783165, -0.29213207960128784, -2.3546135290854636e+38
0.4813194274902344, 0.11856646835803986, -0.2832343578338623, -2.2879945349735974e+38
0.47886061668395996, 0.1313784271478653, -0.299244225025177, -2.3147348637950518e+38
0.48199662566185, 0.1430872678756714, -0.2890288829803467, -2.301234689138765e+38
0.47633421421051025, 0.15430402755737305, -0.30008625984191895, -2.3546115008445032e+38
0.4815356731414795, 0.16794878244400024, -0.29388725757598877, -2.314631017857881e+38
0.4674326181411743, 0.18498991429805756, -0.2936021685600281, -2.301339954844608e+38
0.4739148020744324, 0.18743817508220673, -0.2871939539909363, -2.2880993950312483e+38
0.4565995931625366, 0.19997358322143555, -0.2808604836463928, -2.248118506396434e+38
0.46828973293304443, 0.19518257677555084, -0.2808341979980469, -2.2614113948265713e+38
0.4536454975605011, 0.2097366601228714, -0.27929437160491943, -2.301495723750364e+38
0.45937636494636536, 0.21214808523654938, -0.27253222465515137, -2.301339549196416e+38
0.5100706815719604, -0.23597396910190582, -0.34063225984573364, -2.3147348637950518e+38
0.5130471587181091, -0.2511003017425537, -0.3295731544494629, -2.3012868149314466e+38
0.5157813429832458, -0.2211913913488388, -0.3250178098678589, -2.314579703361584e+38
0.5146164894104004, -0.20439592003822327, -0.31911909580230713, -2.314579703361584e+38
0.506231963634491, -0.18563634157180786, -0.3216369152069092, -2.3413202350071342e+38
0.5134098529815674, -0.18816441297531128, -0.31349146366119385, -2.287942814829108e+38
0.5018233060836792, -0.14008183777332306, -0.3047587275505066, -2.3012352976110533e+38
0.5030161738395691, -0.15156133472919464, -0.29086101055145264, -2.2878389688919374e+38
0.5017075538635254, -0.11373937875032425, -0.29951000213623047, -2.327872186143529e+38
0.5075740814208984, -0.12783603370189667, -0.2925216555595398, -2.3143720114872424e+38
0.49395740032196045, -0.08500193059444427, -0.2832251191139221, -2.2745470945822803e+38
0.503722608089447, -0.0999942421913147, -0.28232836723327637, -2.2744430458210136e+38
0.4832509458065033, -0.05775196850299835, -0.2634792923927307, -2.274651346167643e+38
0.4900491535663605, -0.07011562585830688, -0.2585747241973877, -2.2612028916558458e+38
0.4833133816719055, -0.04672517627477646, -0.2624403238296509, -2.2745470945822803e+38
0.49321791529655457, -0.03716597706079483, -0.2599151134490967, -2.274495171613695e+38
0.48769986629486084, -0.02568371780216694, -0.26755356788635254, -2.274651143343547e+38
0.4969996511936188, -0.015311269089579582, -0.2641971707344055, -2.2612026888317498e+38
0.4876853823661804, -0.0036851875483989716, -0.2666337490081787, -2.274806912249303e+38
0.4982203543186188, -0.004125651903450489, -0.2656400203704834, -2.2613065347689205e+38
0.48600250482559204, 0.01814207062125206, -0.2639402151107788, -2.287891500332811e+38
0.4936465620994568, 0.01829521358013153, -0.2588525414466858, -2.261203094479942e+38
0.48428893089294434, 0.050541527569293976, -0.26262378692626953, -2.3145273747448064e+38
0.4901939928531647, 0.039988923817873, -0.2544679045677185, -2.274495171613695e+38
0.48107320070266724, 0.07154857367277145, -0.2594948410987854, -2.2611501573908763e+38
0.4876900017261505, 0.06141975522041321, -0.2522121071815491, -2.2344617515380073e+38
0.4763150215148926, 0.09168034791946411, -0.25467735528945923, -2.2878389688919374e+38
0.4835140109062195, 0.08211290091276169, -0.24820579588413239, -2.2346177232678594e+38
0.4810330271720886, 0.10492599010467529, -0.26372402906417847, -2.2878389688919374e+38
0.48197782039642334, 0.11498187482357025, -0.25057822465896606, -2.2213256461341063e+38
0.487573504447937, 0.13190536201000214, -0.27809596061706543, -2.2878389688919374e+38
0.4932776391506195, 0.14540617167949677, -0.27195101976394653, -2.2212729118691368e+38
0.4874364137649536, 0.15665757656097412, -0.2828497290611267, -2.3146831436505625e+38
0.4954659938812256, 0.17267481982707977, -0.28062278032302856, -2.5284015303574886e+38
0.4804078936576843, 0.18988174200057983, -0.2804660201072693, -2.288202835320227e+38
0.4929381012916565, 0.1840241551399231, -0.27970045804977417, -2.6885861195083444e+38
0.4713515639305115, 0.2078089863061905, -0.27236688137054443, -2.247962331842486e+38
0.4837914705276489, 0.20297536253929138, -0.2718659043312073, -2.074796392073005e+38
0.46153563261032104, 0.22400246560573578, -0.2633403539657593, -2.2876831999861813e+38
0.47374963760375977, 0.22013239562511444, -0.2629994750022888, -2.1413636660403818e+38
0.5444008111953735, -0.2946842312812805, -0.3413611054420471, -2.1145184771612766e+38
0.5248006582260132, -0.2593797743320465, -0.32772982120513916, -2.30102720008852e+38
0.5413745641708374, -0.2548426389694214, -0.3273380994796753, -2.167791848578036e+38
0.5313615798950195, -0.215670645236969, -0.32483237981796265, -2.2878393745401295e+38
0.538628339767456, -0.21830052137374878, -0.31519317626953125, -2.16794822595608e+38
0.5151604413986206, -0.17160648107528687, -0.29368263483047485, -2.274494968789599e+38
0.5187687873840332, -0.18585117161273956, -0.2835209369659424, -2.1678439743707173e+38
0.510111927986145, -0.15381640195846558, -0.28330546617507935, -2.274494968789599e+38
0.5240828990936279, -0.14674082398414612, -0.28227323293685913, -2.2210656256429874e+38
0.5170008540153503, -0.11768139153718948, -0.28584569692611694, -2.314268571198264e+38
0.5265598893165588, -0.13435246050357819, -0.2832224369049072, -2.1811368628008546e+38
0.5125260353088379, -0.08967902511358261, -0.27564287185668945, -2.2344623600102954e+38
0.5225988030433655, -0.10531610995531082, -0.2736485004425049, -2.114571211426246e+38
0.49733346700668335, -0.07148271054029465, -0.25266265869140625, -2.2211700800524462e+38
0.49502626061439514, -0.05920960754156113, -0.2481539100408554, -2.2212220030210316e+38
0.49813055992126465, -0.04876714199781418, -0.2514294981956482, -2.247650794030974e+38
0.5084673166275024, -0.038875922560691833, -0.24828074872493744, -2.074590525615528e+38
0.5030412673950195, -0.027005018666386604, -0.2566729784011841, -2.207721219892457e+38
0.5126966834068298, -0.01625026948750019, -0.2526533007621765, -2.0879870571587398e+38
0.5069053769111633, 0.0071134623140096664, -0.26103413105010986, -2.127967337321266e+38
0.5171986222267151, -0.004849785938858986, -0.2582458257675171, -2.061454420211627e+38
0.5042622089385986, 0.018560105934739113, -0.25741666555404663, -2.088143028888592e+38
0.5119938254356384, 0.030342835932970047, -0.2515423893928528, -2.0214737344009087e+38
0.4977855980396271, 0.040546029806137085, -0.2490832358598709, -2.1146752601875128e+38
0.5071514248847961, 0.05282518267631531, -0.24617619812488556, -1.9947849228998476e+38
0.4951320290565491, 0.06235890090465546, -0.24677465856075287, -2.12796713449717e+38
0.5033314228057861, 0.07493644207715988, -0.2428489476442337, -1.9814924401179024e+38
0.4881048798561096, 0.08248534053564072, -0.23902593553066254, -2.1148308262691728e+38
0.4949759840965271, 0.09494762867689133, -0.23412580788135529, -1.9814920344697103e+38
0.4942570924758911, 0.10607308149337769, -0.23461921513080597, -2.0081810487948674e+38
0.4958839416503906, 0.1184811070561409, -0.23846448957920074, -1.994836237396145e+38
0.4960276484489441, 0.13245828449726105, -0.25681746006011963, -2.0215240347767257e+38
0.5075570940971375, 0.14964407682418823, -0.2583707571029663, -1.9815429433178155e+38
0.5048397183418274, 0.1633974313735962, -0.2742493748664856, -2.0349189437271694e+38
0.505855143070221, 0.1775614619255066, -0.2784762978553772, -2.8488220231554975e+38
0.49668383598327637, 0.19759756326675415, -0.2709735035896301, -2.6488139368683518e+38
0.5173824429512024, 0.19744734466075897, -0.2799926996231079, -2.835582680286714e+38
0.49335402250289917, 0.20847944915294647, -0.26929938793182373, -1.8748398231062525e+38
0.4958336055278778, 0.22149285674095154, -0.25917112827301025, -2.0214216086082273e+38
0.475443959236145, 0.23204833269119263, -0.25277048349380493, -2.0746426514082093e+38
0.48409754037857056, 0.23791639506816864, -0.24932681024074554, -2.021525454545398e+38
0.5588435530662537, -0.3208278715610504, -0.3239330053329468, -2.0747986231380613e+38
0.557411789894104, -0.29952937364578247, -0.31707102060317993, -2.0747982174898693e+38
0.5542485117912292, -0.26338890194892883, -0.32465046644210815, -2.0879341200696743e+38
0.5441122651100159, -0.26666179299354553, -0.2949220538139343, -2.088038371655037e+38
0.5512621402740479, -0.2256145030260086, -0.3125087022781372, -2.0082323632911647e+38
0.5598232746124268, -0.24672149121761322, -0.30729836225509644, -2.1280194631139473e+38
0.5293051600456238, -0.17631885409355164, -0.2765439748764038, -2.061505734707924e+38
0.5466529130935669, -0.20195166766643524, -0.28343790769577026, -2.0614542173875308e+38
0.5327185988426208, -0.16412726044654846, -0.27822744846343994, -2.074745888873092e+38
0.5432641506195068, -0.15387921035289764, -0.2708140015602112, -2.088298392146156e+38
0.5341789126396179, -0.13647055625915527, -0.27514511346817017, -2.088038574479133e+38
0.5486114025115967, -0.1279994398355484, -0.2728865146636963, -2.0880911059200065e+38
0.5383107662200928, -0.11086145043373108, -0.27631914615631104, -2.0214212029600352e+38
0.5565054416656494, -0.1030585914850235, -0.2787237763404846, -2.061350574274456e+38
0.5291239023208618, -0.08044523000717163, -0.26139897108078003, -2.0081808459707714e+38
0.5340757369995117, -0.06801464408636093, -0.2490968257188797, -2.0880391829514212e+38
0.5193628668785095, -0.04041104018688202, -0.24590100347995758, -2.074591539736008e+38
0.5307989120483398, -0.054462775588035583, -0.24415667355060577, -2.0746428542323053e+38
0.5377144813537598, -0.018621373921632767, -0.2675955891609192, -2.0346625740697792e+38
0.540381908416748, -0.031218403950333595, -0.2539528012275696, -2.0214216086082273e+38
0.5477117896080017, 0.006701490841805935, -0.2795509099960327, -1.9947853285480396e+38
0.5597448348999023, -0.0069860126823186874, -0.27592891454696655, -2.008129328650378e+38
0.5480427742004395, 0.019909322261810303, -0.2800133228302002, -2.0214737344009087e+38
0.5567132830619812, 0.03353337571024895, -0.27250516414642334, -2.008129328650378e+38
0.5255853533744812, 0.04336058348417282, -0.25271064043045044, -2.008129328650378e+38
0.5323727130889893, 0.056145474314689636, -0.24480731785297394, -2.008129328650378e+38
0.5161463022232056, 0.06566058844327927, -0.24227993190288544, -2.0214737344009087e+38
0.5278911590576172, 0.07989955693483353, -0.24119369685649872, -2.0081808459707714e+38
0.5110498666763306, 0.08793216943740845, -0.2379239946603775, -1.9947853285480396e+38
0.5248526334762573, 0.0913570374250412, -0.23868264257907867, -2.048214063222363e+38
0.5150507092475891, 0.12626025080680847, -0.2474842220544815, -2.021525251721302e+38
0.5340163707733154, 0.12044240534305573, -0.25248318910598755, -2.0348690489995444e+38
0.5288760662078857, 0.16031910479068756, -0.269426167011261, -2.0082315519947805e+38
0.5424749255180359, 0.15187793970108032, -0.2664501667022705, -2.0616093778209987e+38
0.5443029403686523, 0.19977183640003204, -0.2948901057243347, -2.8488220231554975e+38
0.5745705366134644, 0.20158377289772034, -0.31078481674194336, -2.208342875746809e+38
0.5505174994468689, 0.22020971775054932, -0.30625057220458984, -2.835582680286714e+38
0.5545569062232971, 0.23647373914718628, -0.2950976490974426, -2.688795231151358e+38
0.5130062103271484, 0.2346336990594864, -0.2659493088722229, -2.021525454545398e+38
0.5319269895553589, 0.24913126230239868, -0.27310043573379517, -1.9950960550631676e+38
0.5010860562324524, 0.23775948584079742, -0.25311607122421265, -1.994836237396145e+38
0.5317844152450562, 0.26536598801612854, -0.2766733765602112, -2.0215773775139833e+38
0.5086134076118469, 0.27308619022369385, -0.253862202167511, -2.048214266046459e+38
0.5636254549026489, -0.31673291325569153, -0.2885085940361023, -2.1013833858778557e+38
0.5697034597396851, -0.30391597747802734, -0.2913200259208679, -2.1147801202451637e+38
0.5562342405319214, -0.27105510234832764, -0.27125585079193115, -2.1547092887354886e+38
0.5619574785232544, -0.25882840156555176, -0.27414965629577637, -2.168053694486019e+38
0.5543725490570068, -0.22124254703521729, -0.27725476026535034, -2.1545531141815404e+38
0.5615327954292297, -0.2409483641386032, -0.27008700370788574, -2.181294051475283e+38
0.5479331612586975, -0.18434301018714905, -0.26348602771759033, -2.154656757294615e+38
0.5659775733947754, -0.21090352535247803, -0.2687019109725952, -2.154605239974222e+38
0.5553933382034302, -0.15896157920360565, -0.26708221435546875, -2.1280194631139473e+38
0.5590808391571045, -0.17407849431037903, -0.2555130124092102, -2.181345568795676e+38
0.5659101009368896, -0.13478291034698486, -0.2748100757598877, -2.1280200715862354e+38
0.5740272998809814, -0.13686047494411469, -0.26519471406936646, -2.1547092887354886e+38
0.5680099725723267, -0.12084310501813889, -0.2752760052680969, -2.0746424485841132e+38
0.5813663005828857, -0.12504541873931885, -0.27123910188674927, -2.141364882984958e+38
0.5706160664558411, -0.09245545417070389, -0.27496403455734253, -2.0612984484817748e+38
0.5892475843429565, -0.09754346311092377, -0.27644723653793335, -2.1280206800585235e+38
0.5499446392059326, -0.058398351073265076, -0.24930702149868011, -2.034817734503247e+38
0.5838741660118103, -0.05131096392869949, -0.2673810124397278, -2.141364477336766e+38
0.5670797228813171, -0.02096451073884964, -0.26636677980422974, -2.0482663918391404e+38
0.5920388698577881, -0.03803686797618866, -0.2752678394317627, -2.1280200715862354e+38
0.5832733511924744, 0.006370880641043186, -0.2839094400405884, -2.03492198608861e+38
0.596588134765625, -0.008694784715771675, -0.27916741371154785, -2.1280200715862354e+38
0.5836273431777954, 0.02090175449848175, -0.28435397148132324, -2.034922188912706e+38
0.5976892113685608, 0.03627551347017288, -0.2804742455482483, -2.0348702659441206e+38
0.5731799006462097, 0.04867870360612869, -0.27341073751449585, -2.0348181401514392e+38
0.5897701978683472, 0.06508172303438187, -0.27321815490722656, -2.1014880431114105e+38
0.5500571727752686, 0.08506766706705093, -0.24993444979190826, -2.087883211221569e+38
0.5705492496490479, 0.08966929465532303, -0.25468552112579346, -2.167896911459783e+38
0.5501971244812012, 0.11205665022134781, -0.25256991386413574, -2.1414159946571592e+38
0.5623859763145447, 0.11521109193563461, -0.2484576255083084, -2.1413119458958925e+38
0.56048583984375, 0.14469918608665466, -0.26760566234588623, -2.1147784976523954e+38
0.5745343565940857, 0.13451234996318817, -0.26301705837249756, -2.114727183156098e+38
0.585580587387085, 0.18917466700077057, -0.30093705654144287, -2.2078761775018288e+38
0.6116958856582642, 0.20182214677333832, -0.3096376657485962, -2.1145182743371805e+38
0.5942642092704773, 0.21144545078277588, -0.31374168395996094, -2.3947481583850735e+38
0.6029529571533203, 0.21417054533958435, -0.3026975989341736, -2.341475395440602e+38
0.5764750242233276, 0.23358286917209625, -0.29882723093032837, -2.835634197607107e+38
0.5900387167930603, 0.2405785173177719, -0.29422175884246826, -2.7690685462324986e+38
0.5528790950775146, 0.2652122378349304, -0.28069210052490234, -2.0616623149100643e+38
0.5595227479934692, 0.2677666246891022, -0.2695159316062927, -2.07490307754752e+38
0.5478253960609436, 0.29531461000442505, -0.2822766900062561, -2.1148845746546225e+38
0.5539405941963196, 0.29770344495773315, -0.2705215811729431, -2.1014365257910173e+38
0.5536488890647888, 0.3157985806465149, -0.2743045687675476, -2.141365085809054e+38
0.5763430595397949, -0.3267572522163391, -0.28315722942352295, -2.0747990287862534e+38
0.612890362739563, -0.341301292181015, -0.297701358795166, -1.9414077055459175e+38
0.5683242082595825, -0.2794237434864044, -0.26589375734329224, -2.074746902993572e+38
0.5871767401695251, -0.2753068804740906, -0.2629733681678772, -1.9546480625351813e+38
0.5678831934928894, -0.24320073425769806, -0.25831395387649536, -2.087987259982836e+38
0.5933377146720886, -0.2621135115623474, -0.26583755016326904, -1.9413034539605547e+38
0.5846400260925293, -0.22221817076206207, -0.2699827551841736, -2.0881957631535614e+38
0.6238139867782593, -0.22968164086341858, -0.28700023889541626, -1.954752111296448e+38
0.5821783542633057, -0.18670351803302765, -0.2618679404258728, -2.061454825859819e+38
0.6057376861572266, -0.18211990594863892, -0.2639859914779663, -1.9414075027218214e+38
0.5953396558761597, -0.16173075139522552, -0.2707803249359131, -2.0880391829514212e+38
0.5953613519668579, -0.1435490995645523, -0.2497531622648239, -1.9281673485566537e+38
0.6122880578041077, -0.13697035610675812, -0.2840346693992615, -2.1013318685574624e+38
0.613895058631897, -0.12102771550416946, -0.2838956117630005, -2.0479544483794363e+38
0.6333701610565186, -0.11129864305257797, -0.3019305467605591, -2.0612471339854775e+38
0.6398204565048218, -0.09604855626821518, -0.3069651126861572, -2.021213916733886e+38
0.6491710543632507, -0.07996627688407898, -0.29341280460357666, -1.954751705648256e+38
0.6350370645523071, -0.05984443426132202, -0.27918821573257446, -1.9414072998977254e+38
0.6147415041923523, -0.02515890635550022, -0.278456449508667, -2.0214741400491007e+38
0.6245372295379639, -0.025744954124093056, -0.2681047320365906, -1.914771831133922e+38
0.6167879104614258, -0.009631698951125145, -0.28013914823532104, -2.0214741400491007e+38
0.6336824893951416, 0.005928960628807545, -0.2761552929878235, -1.9015825858168593e+38
0.6183826923370361, 0.02183130383491516, -0.2816198468208313, -2.008233377411645e+38
0.6283594369888306, 0.022031143307685852, -0.2712404727935791, -1.914978508887783e+38
0.6061322689056396, 0.05189795047044754, -0.27015674114227295, -1.9947849228998476e+38
0.6188281774520874, 0.0687442272901535, -0.2636187672615051, -1.928063299795387e+38
0.601290225982666, 0.08161358535289764, -0.26677650213241577, -1.968043985606105e+38
0.6068640947341919, 0.09738501906394958, -0.25414717197418213, -1.9015835999373395e+38
0.5933814644813538, 0.12524868547916412, -0.2624043822288513, -1.941459628514503e+38
0.6074447631835938, 0.11314692348241806, -0.2558407187461853, -1.9015835999373395e+38
0.6621935367584229, 0.16751164197921753, -0.3109268546104431, -1.91492800568787e+38
0.6689330339431763, 0.1895962655544281, -0.31940758228302, -1.9282724114384006e+38
0.6480625867843628, 0.22007738053798676, -0.3263271450996399, -1.874787900137667e+38
0.6675205230712891, 0.2085096836090088, -0.3203367590904236, -1.9680967198710746e+38
0.6381183862686157, 0.23344171047210693, -0.3188028335571289, -2.181654875542132e+38
0.6472363471984863, 0.23628443479537964, -0.3057928681373596, -2.2748576182733122e+38
0.6238332986831665, 0.26234766840934753, -0.30995166301727295, -2.8088413373447793e+38
0.6321451663970947, 0.2652186155319214, -0.29678481817245483, -2.7821527286678143e+38
0.5956713557243347, 0.29722708463668823, -0.2902633547782898, -1.9147704113652497e+38
0.6222308874130249, 0.2970995306968689, -0.2934904098510742, -1.781325745387656e+38
0.5714664459228516, 0.3119959235191345, -0.271332323551178, -1.9147192996930485e+38
0.6106604337692261, 0.32732805609703064, -0.2891142964363098, -1.954752111296448e+38
0.5650178790092468, 0.3437481224536896, -0.2724757194519043, -1.9013740826461338e+38
0.5906165838241577, 0.34802863001823425, -0.2762833833694458, -1.928063299795387e+38
0.6348251104354858, -0.3374081254005432, -0.2938081622123718, -1.9147192996930485e+38
0.6301326751708984, -0.3076575994491577, -0.26405757665634155, -1.928063299795387e+38
0.6302273273468018, -0.29051530361175537, -0.2817575931549072, -1.9414081111941095e+38
0.6456680297851562, -0.3002191483974457, -0.27460283041000366, -1.9414077055459175e+38
0.6419880390167236, -0.2592466473579407, -0.2862687110900879, -1.9414081111941095e+38
0.6818637847900391, -0.2637391984462738, -0.29697829484939575, -1.9680454053747774e+38
0.6364694833755493, -0.21645542979240417, -0.2754012942314148, -1.95475251694464e+38
0.656752347946167, -0.20715022087097168, -0.26990950107574463, -1.9147197053412405e+38
0.5997427701950073, -0.15995506942272186, -0.23721204698085785, -1.901374691118422e+38
0.6356565952301025, -0.15924349427223206, -0.24773596227169037, -1.8880828168087648e+38
0.6518927812576294, -0.13246014714241028, -0.27880704402923584, -1.8880826139846688e+38
0.6452595591545105, -0.14595156908035278, -0.25408822298049927, -1.8880828168087648e+38
0.6671240329742432, -0.1013830304145813, -0.2894597053527832, -1.91477142548573e+38
0.6848163604736328, -0.12415371090173721, -0.28409725427627563, -1.9014274253833914e+38
0.6735064387321472, -0.0847812369465828, -0.293931245803833, -1.9147188940448564e+38
0.6716726422309875, -0.06615592539310455, -0.2913416028022766, -1.9147190968689524e+38
0.6690054535865784, -0.0477122962474823, -0.2882344722747803, -1.888083019632861e+38
0.683066725730896, -0.030877387151122093, -0.2779611349105835, -1.941460236986791e+38
0.6560851335525513, 0.005721337161958218, -0.2758581042289734, -1.861601088709757e+38
0.6799384355545044, 0.005499957129359245, -0.27490413188934326, -1.861600885885661e+38
0.6564840078353882, 0.022851556539535522, -0.276256263256073, -1.8749452916361915e+38
0.6728063821792603, 0.04096598923206329, -0.26933085918426514, -1.9014781314074005e+38
0.6421195268630981, 0.055418163537979126, -0.2643269896507263, -1.9014781314074005e+38
0.655567467212677, 0.07364935427904129, -0.25616008043289185, -1.928063299795387e+38
0.6322775483131409, 0.10308308154344559, -0.2580258846282959, -1.9148239569266033e+38
0.6856367588043213, 0.09729576855897903, -0.2817994952201843, -1.928063299795387e+38
0.6725093722343445, 0.1509103626012802, -0.29640305042266846, -1.941460642634983e+38
0.6974562406539917, 0.13853566348552704, -0.2939223051071167, -1.928064111091771e+38
0.6870923042297363, 0.19578178226947784, -0.31319987773895264, -1.968149454136044e+38
0.7058109641075134, 0.20217224955558777, -0.3061069846153259, -1.9413565938737163e+38
0.6774041056632996, 0.21118579804897308, -0.3066628575325012, -1.9947855313721357e+38
0.6844227313995361, 0.23278695344924927, -0.2924307584762573, -1.9546979572628063e+38
0.6522741317749023, 0.25641584396362305, -0.2913821339607239, -2.8353735686437002e+38
0.6606874465942383, 0.25916963815689087, -0.277116060256958, -2.7287227770489147e+38
0.6351867914199829, 0.28412896394729614, -0.2814464569091797, -2.608780922440856e+38
0.6558429002761841, 0.2761514186859131, -0.2757059931755066, -2.6487614054274783e+38
0.6372315287590027, 0.3061095178127289, -0.2867048978805542, -1.8347035712138743e+38
0.6382113695144653, 0.3243624269962311, -0.2696176767349243, -1.9013740826461338e+38
0.6173016428947449, 0.32980889081954956, -0.2747371196746826, -1.928063299795387e+38
0.6166242361068726, 0.34629157185554504, -0.25715047121047974, -1.9147190968689524e+38
0.625322699546814, 0.37697359919548035, -0.26915985345840454, -1.9147192996930485e+38
0.6713548898696899, -0.3184724450111389, -0.27487242221832275, -1.8747893199063394e+38
0.6780077815055847, -0.32070785760879517, -0.25793635845184326, -1.8482564801351304e+38
0.7241475582122803, -0.26333412528038025, -0.2816210985183716, -1.7814825284138923e+38
0.7184526920318604, -0.2375861555337906, -0.2748306393623352, -1.808119214122272e+38
0.6692761182785034, -0.19247177243232727, -0.25685667991638184, -1.8880815998641886e+38
0.6896608471870422, -0.1810026615858078, -0.24920912086963654, -1.861445319804001e+38
0.6778967380523682, -0.139164999127388, -0.25829046964645386, -1.8746852711450727e+38
0.6949479579925537, -0.14402975142002106, -0.24979190528392792, -1.8481005084052783e+38
0.6947358250617981, -0.12600909173488617, -0.270007848739624, -1.8880296768956032e+38
0.7129740715026855, -0.11072512716054916, -0.2602853775024414, -1.8747891170822434e+38
0.6923953294754028, -0.06847888976335526, -0.26493197679519653, -1.8746854739691687e+38
0.7121438980102539, -0.09087367355823517, -0.25862807035446167, -1.808119214122272e+38
0.697281539440155, -0.05059067904949188, -0.26799672842025757, -1.8880818026882846e+38
0.7010937929153442, -0.03226231783628464, -0.2704111933708191, -1.901425802790623e+38
0.7214384078979492, 0.005084546748548746, -0.2855672240257263, -1.8747889142581473e+38
0.7395059466362, -0.015344398096203804, -0.27587729692459106, -1.741500625658598e+38
0.7136552929878235, 0.024488545954227448, -0.2796362042427063, -1.9147704113652497e+38
0.7156358957290649, 0.04365377128124237, -0.25889909267425537, -1.701416093910709e+38
0.6785058975219727, 0.07683531194925308, -0.2538423538208008, -1.8880815998641886e+38
0.7136596441268921, 0.06271400302648544, -0.2578917145729065, -1.701520142671976e+38
0.7116427421569824, 0.10192690789699554, -0.2802397608757019, -1.888133522832774e+38
0.7249404191970825, 0.12393595278263092, -0.2683928608894348, -1.701520142671976e+38
0.7258906960487366, 0.1666564792394638, -0.29508697986602783, -1.8746852711450727e+38
0.7447073459625244, 0.15020649135112762, -0.2839340567588806, -1.714812625453921e+38
0.7159309387207031, 0.20468269288539886, -0.2908385992050171, -1.8612887396018608e+38
0.736241340637207, 0.19007200002670288, -0.2808193564414978, -1.7147604996612396e+38
0.7022601962089539, 0.2401724010705948, -0.2843126058578491, -1.888079368799132e+38
0.7236164212226868, 0.22759713232517242, -0.27532583475112915, -1.7415519401548952e+38
0.6898757815361023, 0.2542068064212799, -0.27679741382598877, -2.1148290008523085e+38
0.6769754886627197, 0.26709142327308655, -0.26893287897109985, -2.5818827964726854e+38
0.6636568307876587, 0.27881282567977905, -0.26077431440353394, -2.54200636224733e+38
0.6650420427322388, 0.2978156805038452, -0.24335266649723053, -1.9416145861238747e+38
0.6516011357307434, 0.3113066852092743, -0.25670093297958374, -1.8614968371243942e+38
0.6512320637702942, 0.3290739953517914, -0.23850996792316437, -1.7015724712887532e+38
0.6386131644248962, 0.3644011914730072, -0.2559402585029602, -1.8615499770375558e+38
0.6703053712844849, 0.3682860732078552, -0.25691455602645874, -1.701520751144264e+38
0.6544355750083923, -0.2774396538734436, -0.21615098416805267, -1.9551155720765455e+38
0.6795315742492676, -0.27514252066612244, -0.23154248297214508, -1.8349116687364078e+38
0.6595072746276855, -0.25848817825317383, -0.1972823590040207, -3.2361738591732688e+38
0.7168909311294556, -0.23441675305366516, -0.25067394971847534, -2.5156311167987414e+38
0.7191976308822632, -0.2554512023925781, -0.23188523948192596, -3.2495701878923847e+38
0.6981335878372192, -0.18315181136131287, -0.23377220332622528, -2.542839563633848e+38
0.7107679843902588, -0.20788811147212982, -0.22239162027835846, -3.1695558791818828e+38
0.7123916745185852, -0.1490260511636734, -0.24035726487636566, -2.489306577374162e+38
0.7277472615242004, -0.17398512363433838, -0.229836568236351, -3.2491539928473178e+38
0.731517493724823, -0.11473799496889114, -0.25076067447662354, -2.3156216107429234e+38
0.7602984309196472, -0.1432000696659088, -0.247517392039299, -3.2757904757316014e+38
0.7306209802627563, -0.09422033280134201, -0.24913530051708221, -2.3553948075033962e+38
0.7566689252853394, -0.07823405414819717, -0.24224360287189484, -3.235809181448595e+38
0.7299416661262512, -0.034305982291698456, -0.24669618904590607, -2.7955003796038814e+38
0.7577786445617676, -0.03664358705282211, -0.2418094426393509, -3.2757902729075054e+38
0.7802747488021851, -0.017105525359511375, -0.2554031014442444, -3.2757904757316014e+38
0.7821402549743652, 0.0045610712841153145, -0.25641965866088867, -3.2758421958760907e+38
0.7525810599327087, 0.025491397827863693, -0.26139146089553833, -2.729246266040785e+38
0.7727081179618835, 0.026012681424617767, -0.2506406903266907, -3.249361279073467e+38
0.7494407296180725, 0.06653986126184464, -0.2599390745162964, -2.809312497719872e+38
0.759951114654541, 0.06730985641479492, -0.2433692067861557, -3.2359653560025433e+38
0.7411448955535889, 0.106355682015419, -0.2557523846626282, -2.8093646235125535e+38
0.7541248202323914, 0.12925978004932404, -0.24195672571659088, -3.222673481692886e+38
0.7561649084091187, 0.1741257607936859, -0.2693570852279663, -2.916119869516798e+38
0.7661985158920288, 0.1761416643857956, -0.25188618898391724, -3.1826406700894866e+38
0.7353333830833435, 0.20948781073093414, -0.25841933488845825, -3.0230304787786062e+38
0.7558577656745911, 0.19447921216487885, -0.2468375414609909, -3.1826406700894866e+38
0.729547917842865, 0.25037938356399536, -0.2583816647529602, -3.1961939846589348e+38
0.7381608486175537, 0.2528640627861023, -0.2409372180700302, -3.2094846420240156e+38
0.7239433526992798, 0.2672056555747986, -0.23386512696743011, -3.2094846420240156e+38
0.7091703414916992, 0.28025469183921814, -0.22648213803768158, -3.1294180046967363e+38
0.6804114580154419, 0.30650490522384644, -0.23349200189113617, -3.1428171729531967e+38
0.68707275390625, 0.308803915977478, -0.21674634516239166, -3.0226102272516185e+38
0.6572874784469604, 0.3312258720397949, -0.22238276898860931, -3.2227791530469212e+38
0.6796316504478455, 0.32499784231185913, -0.21438322961330414, -3.0893837733246645e+38
0.6827987432479858, -0.27265337109565735, -0.19198405742645264, -3.102677067402994e+38
0.7157683968544006, -0.2711337208747864, -0.18807633221149445, nan
0.726449728012085, -0.25765466690063477, -0.2140546292066574, -3.062592941303297e+38
0.7481832504272461, -0.22490741312503815, -0.2230687290430069, -3.0626961787681797e+38
0.7582800984382629, -0.1629902869462967, -0.22423289716243744, -3.142762207623171e+38
0.7788130044937134, -0.10346095263957977, -0.23275382816791534, -3.142813319295372e+38
0.7963387966156006, -0.08411186933517456, -0.21766363084316254, nan
0.7631316184997559, -0.057693347334861755, -0.222380593419075, -3.1430216196420015e+38
0.7585877180099487, -0.03634953498840332, -0.21934731304645538, -3.04961118503648e+38
0.752903163433075, -0.01541796326637268, -0.21583051979541779, -3.0230270307689736e+38
0.763729453086853, 0.004802307579666376, -0.2218782752752304, -3.0496635136532572e+38
0.7921706438064575, 0.048556819558143616, -0.23833011090755463, -3.0229219678872267e+38
0.8023421764373779, 0.049031808972358704, -0.21962256729602814, nan
0.779654860496521, 0.06918621063232422, -0.23156984150409698, -3.1163332137891325e+38
0.7955232858657837, 0.09281228482723236, -0.21692006289958954, nan
0.770445704460144, 0.11078613996505737, -0.22754023969173431, -3.1163334166132286e+38
0.7799680233001709, 0.11198247969150543, -0.20940737426280975, nan
0.7758310437202454, 0.1780758798122406, -0.23375548422336578, -3.24977767694263e+38
0.7949782609939575, 0.16027694940567017, -0.21912477910518646, nan
0.7533451318740845, 0.2139386683702469, -0.22354735434055328, nan
0.7738915681838989, 0.19852447509765625, -0.2103341966867447, -3.315873790534914e+38
0.7366220951080322, 0.25009873509407043, -0.21714957058429718, nan
0.7442573308944702, 0.2522931396961212, -0.1990034431219101, -3.2092229989401285e+38
0.7316606044769287, 0.26956507563591003, -0.21614407002925873, nan
0.732831597328186, 0.2907314598560333, -0.19650621712207794, nan
0.7025623321533203, 0.31765297055244446, -0.20521916449069977, nan
0.7183626294136047, 0.32675638794898987, -0.19276604056358337, -3.2892892306192158e+38
0.7062760591506958, 0.3668028712272644, -0.2127457708120346, nan
0.7101879119873047, 0.3437829315662384, -0.1905098855495453, -3.0224534442253823e+38
0.8214061260223389, -0.06431902945041656, -0.18079079687595367, -2.3420976597672422e+38
0.8053306341171265, -0.039844296872615814, -0.1734684854745865, -3.329531965162013e+38
0.8235824108123779, 0.004241819493472576, -0.20551858842372894, -2.648653300184291e+38
0.8307183980941772, -0.019000045955181122, -0.1842004507780075, -3.2628101392334564e+38
0.8240329027175903, 0.02729141153395176, -0.20577101409435272, -3.289080524624394e+38
0.8435831069946289, 0.05156658589839935, -0.18986134231090546, -3.2492576359603924e+38
0.8312233686447144, 0.07437054812908173, -0.2097339779138565, -2.7819417916079363e+38
0.8405808210372925, 0.07505585253238678, -0.18888084590435028, -2.64875978283471e+38
0.8205974102020264, 0.11951859295368195, -0.2057860940694809, -3.289184776209757e+38
0.8130044937133789, 0.14111287891864777, -0.20292513072490692, -3.022401115608605e+38
0.793700098991394, 0.18166111409664154, -0.19558541476726532, -3.3293224478708074e+38
0.8124727010726929, 0.16335956752300262, -0.17927931249141693, -2.4086627026695626e+38
0.7696333527565002, 0.2179550975561142, -0.18634815514087677, -2.4485405566635903e+38
0.7899845838546753, 0.2021290510892868, -0.1714654117822647, -3.302687384755196e+38
0.7732203006744385, 0.2408960908651352, -0.1665566861629486, -3.2759450276927812e+38
0.7683537006378174, 0.26153263449668884, -0.16582205891609192, -3.3026340420179384e+38
0.7393444776535034, 0.29280781745910645, -0.17778819799423218, -2.8889574637514915e+38
0.7625068426132202, 0.28161200881004333, -0.1647547334432602, -2.6487583630660378e+38
0.7531672716140747, 0.3251357674598694, -0.18675774335861206, -3.2625493074459535e+38
0.7811943292617798, -0.07965536415576935, -0.1415322721004486, -3.28944662211774e+38
0.7893750667572021, -0.1022975817322731, -0.1228676289319992, -3.3294273079284583e+38
0.7693620920181274, -0.056795939803123474, -0.13651154935359955, -2.3419942194782636e+38
0.8004337549209595, -0.0388527512550354, -0.12552675604820251, -3.356169056518585e+38
0.8173037767410278, -0.018134094774723053, -0.1545923352241516, -3.3027916363405587e+38
0.824882984161377, -0.018386634066700935, -0.133751779794693, -3.32948044784162e+38
0.8187668323516846, 0.04951217770576477, -0.15525002777576447, -3.249361279073467e+38
0.817076563835144, 0.026783118024468422, -0.13101418316364288, -3.24930996457717e+38
0.8159053325653076, 0.07184141874313354, -0.15441198647022247, -2.5687965857964094e+38
0.8080763816833496, 0.13836200535297394, -0.15289531648159027, -3.0890726411613445e+38
0.8048359155654907, 0.13692809641361237, -0.1285141557455063, -3.0623838296602834e+38
0.8094114065170288, 0.16161616146564484, -0.1541702300310135, -2.4218517451625292e+38
0.7950968742370605, 0.1792234629392624, -0.12654104828834534, -3.3559599448755712e+38
0.7838732004165649, 0.22145956754684448, -0.14701543748378754, -2.3817674162387364e+38
0.7901291847229004, 0.22299708425998688, -0.12662826478481293, -2.3818193392073217e+38
0.7798121571540833, 0.2426544725894928, -0.14659100770950317, -3.2093280618218754e+38
0.7699580788612366, 0.2596469223499298, -0.12168397009372711, -3.2893944963250587e+38
0.768515944480896, 0.2834298312664032, -0.14477063715457916, -2.6221738031503395e+38
0.7666155695915222, 0.30450260639190674, -0.12310154736042023, -2.7155846434040533e+38
0.7820186614990234, -0.21000757813453674, -0.10201512277126312, -2.9691293667846138e+38
0.7693730592727661, -0.22593770921230316, -0.07747651636600494, -3.369460930828242e+38
0.7911345958709717, -0.1683664619922638, -0.10314629971981049, -3.3427206020067876e+38
0.7961680889129639, -0.16941852867603302, -0.0823231190443039, -3.3561161194295193e+38
0.7953656911849976, -0.12510308623313904, -0.10311955213546753, -2.7289290491545838e+38
0.7990871667861938, -0.14785124361515045, -0.08247862756252289, -3.102572612993535e+38
0.7495435476303101, -0.07319387048482895, -0.08831894397735596, -3.3294798393693317e+38
0.7814390659332275, -0.09962277859449387, -0.0769033133983612, -3.3695128537968273e+38
0.7479872107505798, -0.0532703772187233, -0.08754163980484009, -2.3419942194782636e+38
0.7530618906021118, -0.05370698124170303, -0.06891341507434845, -2.382027233905759e+38
0.8009811639785767, -0.01701987348496914, -0.10311529040336609, -3.3695136650932115e+38
0.7971127033233643, -0.016714666038751602, -0.07997334003448486, -3.356169259342681e+38
0.7427070140838623, 0.04361122101545334, -0.08564643561840057, -3.2227252018373755e+38
0.7487421631813049, 0.024525277316570282, -0.06744390726089478, -3.262758216264871e+38
0.7292129993438721, 0.0801466554403305, -0.08201685547828674, -2.915803869575173e+38
0.7341046333312988, 0.08063387125730515, -0.06412308663129807, -2.889114855250016e+38
0.7388095855712891, 0.10097432136535645, -0.08525553345680237, -3.2627066989444778e+38
0.7369801998138428, 0.11959242075681686, -0.06552216410636902, -3.0225589127553213e+38
0.7730802297592163, 0.14986521005630493, -0.09662558138370514, -2.395422954152587e+38
0.7678683996200562, 0.16893470287322998, -0.07457312941551208, -3.3428757624402555e+38
0.7789843082427979, 0.19513605535030365, -0.09979841113090515, -3.28944662211774e+38
0.7705645561218262, 0.21310830116271973, -0.07659758627414703, -2.382027233905759e+38
0.7707128524780273, 0.23623335361480713, -0.09897594153881073, -3.2227249990132794e+38
0.7692668437957764, 0.2571965456008911, -0.07788750529289246, -3.316135433618801e+38
0.748296320438385, 0.2695976793766022, -0.09401433169841766, -2.6889487689920577e+38
0.7443325519561768, 0.28864428400993347, -0.07305645942687988, -2.822392420849171e+38
0.7627376914024353, 0.32459843158721924, -0.10103310644626617, -3.2761026220154016e+38
0.74616539478302, 0.3360150456428528, -0.0757710188627243, -3.1693473760111573e+38
0.7763713002204895, -0.2514958083629608, -0.05846962332725525, -3.195983656071345e+38
0.7705944776535034, -0.2708568572998047, -0.03648615628480911, -2.7689626720543675e+38
0.7626070380210876, -0.22189848124980927, -0.05461926758289337, -3.3294277135766503e+38
0.7830843925476074, -0.2082749456167221, -0.036904238164424896, -2.969180884105007e+38
0.7854690551757812, -0.18733982741832733, -0.05840367078781128, -2.969179869984527e+38
0.8041428327560425, -0.17108431458473206, -0.03968585282564163, -3.342772119327181e+38
0.8073256015777588, -0.1493835300207138, -0.03983171284198761, -3.1426060330692227e+38
0.8091528415679932, -0.12733770906925201, -0.03978961706161499, -2.755462091749889e+38
0.750718891620636, -0.07280059903860092, -0.048683084547519684, -3.3294798393693317e+38
0.7803720235824585, -0.09872646629810333, -0.034416645765304565, -3.3828055394028685e+38
0.7341590523719788, -0.05095815658569336, -0.04487084597349167, -2.4087162482309163e+38
0.7427922487258911, -0.03281785547733307, -0.027278155088424683, nan
0.7604832649230957, 0.005054167937487364, -0.05026254802942276, -2.4887826827340996e+38
0.7486038208007812, 0.005189678631722927, -0.02817550301551819, -2.488834402878589e+38
0.7381603121757507, 0.024150218814611435, -0.045451484620571136, -3.2761022163672095e+38
0.7301440238952637, 0.04246293753385544, -0.04378880560398102, -3.3027910278682706e+38
0.7241019010543823, 0.0788484513759613, -0.04278780519962311, -2.849081232350232e+38
0.7313281297683716, 0.06107346713542938, -0.025331705808639526, -2.6223303833524796e+38
0.7259095907211304, 0.09777867794036865, -0.04341850429773331, -3.356169056518585e+38
0.7193883657455444, 0.1150231882929802, -0.04229070246219635, -3.062592130006913e+38
0.7329344749450684, 0.1375499665737152, -0.04560548812150955, -2.4087673599031175e+38
0.7499233484268188, 0.16215947270393372, -0.02984226495027542, -3.3962018681219844e+38
0.7785854339599609, 0.19365039467811584, -0.05659021437168121, -3.3428242451198623e+38
0.7877944707870483, 0.21896377205848694, -0.037486739456653595, -2.4087675627272135e+38
0.7631576657295227, 0.25329405069351196, -0.055105820298194885, -3.3161871537632905e+38
0.7825576066970825, 0.2393813282251358, -0.03708560764789581, -3.262757810616679e+38
0.7380813360214233, 0.2839714288711548, -0.051007241010665894, -2.875769638203101e+38
0.7587566375732422, 0.27274009585380554, -0.033980004489421844, -2.7289815805954573e+38
0.7385478019714355, 0.306655615568161, -0.05198925733566284, -3.3161871537632905e+38
0.7599191069602966, -0.24158050119876862, -0.013145841658115387, -3.222672467572406e+38
0.7524547576904297, -0.2594496011734009, 0.007844418287277222, -2.7957551266685033e+38
0.7680412530899048, -0.2233535796403885, -0.01381324976682663, -3.369460930828242e+38
0.7875955104827881, -0.2094026803970337, 0.005438446998596191, -2.9692326042494964e+38
0.7916065454483032, -0.18875326216220856, -0.016232207417488098, -2.9558364783544765e+38
0.8091702461242676, -0.17213377356529236, 0.003927163779735565, -3.3561165250777114e+38
0.7822870016098022, -0.12008216232061386, -0.01404271274805069, -2.835528526253072e+38
0.7819564342498779, -0.14114558696746826, 0.006692755967378616, -3.169294844570284e+38
0.7265375852584839, -0.06816171109676361, -0.0061707086861133575, -3.382857868019646e+38
0.7277814745903015, -0.08693373203277588, 0.012056984007358551, nan
0.7259300947189331, -0.04956008493900299, -0.0059600770473480225, -2.475438276983569e+38
0.733036994934082, -0.03175806999206543, 0.011841949075460434, nan
0.741865873336792, -0.013664709404110909, -0.00792822614312172, -3.382857868019646e+38
0.7439724206924438, -0.013734880834817886, 0.010877225548028946, -3.3962018681219844e+38
0.7394751310348511, 0.024098819121718407, 0.011303562670946121, -3.3428242451198623e+38
0.7385823726654053, 0.042857058346271515, 0.011355236172676086, -3.3027910278682706e+38
0.7302790880203247, 0.07946368306875229, -0.006601832807064056, -2.8892184983630905e+38
0.7361811399459839, 0.061428993940353394, 0.011521749198436737, -2.675603957593335e+38
0.739782452583313, 0.11935831606388092, -0.008211206644773483, -3.062592130006913e+38
0.73404860496521, 0.09880091995000839, 0.011536426842212677, -3.356169259342681e+38
0.778506338596344, 0.17106416821479797, -0.013943016529083252, -3.382857462371454e+38
0.7648831009864807, 0.1456601470708847, 0.0083799809217453, -2.542211417408423e+38
0.7967506647109985, 0.19910360872745514, 0.0049733854830265045, -3.3294798393693317e+38
0.8028594255447388, 0.2243531197309494, 0.004133928567171097, -2.3953716396562897e+38
0.768683135509491, 0.25486254692077637, -0.014127910137176514, -3.3561686508703928e+38
0.7871215343475342, 0.2405921071767807, 0.005336567759513855, -3.3027910278682706e+38
0.7428773641586304, 0.28547030687332153, -0.011511124670505524, -2.8891144496018238e+38
0.7627696990966797, 0.2739415168762207, 0.007022112607955933, -2.7289815805954573e+38
0.7431026697158813, 0.3081175982952118, -0.0120868980884552, -3.316135433618801e+38
0.744398832321167, 0.3315613269805908, 0.007662694901227951, -3.1827958305229545e+38
0.7774094939231873, 0.38038671016693115, -0.018266044557094574, -2.435509108493244e+38
0.7534471750259399, -0.25974053144454956, 0.028152791783213615, -2.8090482179227366e+38
0.7523720264434814, -0.23697684705257416, 0.028398288413882256, -3.2494134048661485e+38
0.7709494829177856, -0.22413112223148346, 0.02758544124662876, -3.382857462371454e+38
0.7714362144470215, -0.22426120936870575, 0.048394203186035156, -3.38285766519555e+38
0.7997593879699707, -0.16871333122253418, 0.026522232219576836, -3.369460930828242e+38
0.79544997215271, -0.1896377056837082, 0.04820439964532852, -2.9558366811785725e+38
0.75044846534729, -0.1115196943283081, 0.02929607592523098, -2.835528526253072e+38
0.7652612924575806, -0.1359071135520935, 0.0485687330365181, -3.195983656071345e+38
0.7226680517196655, -0.06728300452232361, 0.03086971677839756, -3.3962018681219844e+38
0.7223235964775085, -0.08561387658119202, 0.049046970903873444, nan
0.7292079925537109, -0.049842000007629395, 0.030583862215280533, -2.4620934655848464e+38
0.7349065542221069, -0.03186985105276108, 0.048947811126708984, nan
0.7401816844940186, 0.005298605188727379, 0.030093040317296982, -2.528815494337499e+38
0.7459008097648621, -0.013799123466014862, 0.04884019494056702, nan
0.7413934469223022, 0.024137241765856743, 0.04888760298490524, -3.3428244479439583e+38
0.7404921054840088, 0.04294624924659729, 0.048893414437770844, -3.356168853694489e+38
0.733604907989502, 0.07979489862918854, 0.03033505380153656, -2.969180884105007e+38
0.7380699515342712, 0.06156736612319946, 0.04891207814216614, -2.6889485661679617e+38
0.7431800365447998, 0.10045592486858368, 0.04883918538689613, -3.382858273667838e+38
0.7591923475265503, 0.12362922728061676, 0.04865962266921997, -3.089280941507974e+38
0.7935043573379517, 0.15345999598503113, 0.048286695033311844, -2.622277851911606e+38
0.8116837739944458, 0.18126197159290314, 0.04807544872164726, -3.3962533854423777e+38
0.8088994026184082, 0.20326916873455048, 0.04807805269956589, -3.3695130566209234e+38
0.8047475814819336, 0.2248154878616333, 0.04809194058179855, -2.3953716396562897e+38
0.7716411352157593, 0.2557010054588318, 0.027461625635623932, -3.3561686508703928e+38
0.7888917922973633, 0.24106144905090332, 0.04822650924324989, -3.382857462371454e+38
0.7454376816749573, 0.2862682342529297, 0.028484735637903214, -2.9558364783544765e+38
0.7643237113952637, 0.2744061052799225, 0.04841559752821922, -2.7423259863459878e+38
0.7358565330505371, 0.3026827573776245, 0.028796406462788582, -3.3428242451198623e+38
0.7355719804763794, 0.32498836517333984, 0.0486002154648304, -3.2627060904721897e+38
0.7530215978622437, -0.25961577892303467, 0.08920963853597641, -2.8090480150986405e+38
0.7519253492355347, -0.23685094714164734, 0.08886443078517914, -3.2494134048661485e+38
0.7712739706039429, -0.22421783208847046, 0.06921453028917313, nan
0.770463228225708, -0.2240011990070343, 0.0900001972913742, nan
0.7952660322189331, -0.18959538638591766, 0.06978341937065125, -2.9825256955037297e+38
0.7888427972793579, -0.16503587365150452, 0.09072883427143097, nan
0.7650775909423828, -0.1358729898929596, 0.06869032233953476, -3.2093280618218754e+38
0.7340117692947388, -0.10732491314411163, 0.08645099401473999, -2.862216932105941e+38
0.7221486568450928, -0.08558988571166992, 0.06725571304559708, nan
0.722134530544281, -0.06722334027290344, 0.08539785444736481, nan
0.7347190380096436, -0.031858645379543304, 0.06755289435386658, nan
0.7286590337753296, -0.04979478567838669, 0.08579720556735992, -2.5154710885869686e+38
0.740565299987793, 0.005296043120324612, 0.06771188974380493, -2.6088821316647784e+38
0.7396070957183838, 0.005302436649799347, 0.0864829570055008, -2.595537725914248e+38
0.7412010431289673, 0.024133386090397835, 0.06773340702056885, -3.382857868019646e+38
0.7403005361557007, 0.042937301099300385, 0.06771600246429443, -3.382857868019646e+38
0.7378804683685303, 0.06155349314212799, 0.06766006350517273, -2.7289819862436493e+38
0.7330479025840759, 0.07973942905664444, 0.08614508807659149, -2.9825256955037297e+38
0.7590013742446899, 0.12360037863254547, 0.06841746717691422, -3.115969753009035e+38
0.7420567274093628, 0.10031486302614212, 0.08687391877174377, -3.3961507564497832e+38
0.8114807605743408, 0.1812213808298111, 0.0701698362827301, nan
0.7923026084899902, 0.153248593211174, 0.09073854982852936, -2.6489666634126673e+38
0.8045583963394165, 0.22476914525032043, 0.07012073695659637, -2.4087160454068203e+38
0.8077212572097778, 0.20300640165805817, 0.09220130741596222, -3.3962018681219844e+38
0.7887144088745117, 0.24101442098617554, 0.06971731781959534, -3.3561686508703928e+38
0.7878285646438599, 0.24077960848808289, 0.09116880595684052, -3.3294798393693317e+38
0.7641680240631104, 0.2743595838546753, 0.06915059685707092, -2.7423259863459878e+38
0.7450098991394043, 0.2861349880695343, 0.08874449133872986, -2.9558364783544765e+38
0.7361214756965637, 0.30276739597320557, 0.06848651170730591, -3.382857462371454e+38
0.725181519985199, 0.3180745244026184, 0.08783053606748581, -3.2494138105143405e+38
0.7867237329483032, -0.20918484032154083, 0.1124057024717331, -3.07588400431657e+38
0.7927005290985107, -0.189005047082901, 0.11276368051767349, -3.0225585071071292e+38
0.7625170946121216, -0.13539735972881317, 0.10875073820352554, -3.209380187614557e+38
0.7301700115203857, -0.10670307278633118, 0.1236218586564064, -2.849081232350232e+38
0.7197109460830688, -0.08525551855564117, 0.1034957617521286, nan
0.718252420425415, -0.0667891725897789, 0.12135516852140427, nan
0.7321068048477173, -0.03170245885848999, 0.1045696809887886, nan
0.724665641784668, -0.04945133626461029, 0.122197724878788, -2.568849117237283e+38
0.7430129051208496, -0.01370292529463768, 0.10574644804000854, nan
0.735429048538208, 0.005330317188054323, 0.12364520877599716, -2.6757605377954753e+38
0.7385207414627075, 0.02407969906926155, 0.1052255928516388, -3.3562731052798516e+38
0.7376322746276855, 0.04281267523765564, 0.10516279935836792, -3.3562731052798516e+38
0.7352413535118103, 0.06136015057563782, 0.10496017336845398, -2.7691192522565077e+38
0.728996217250824, 0.07933590561151505, 0.12293592840433121, -3.022662961516588e+38
0.7307651042938232, 0.09838853776454926, 0.12338045239448547, -3.3829106022846155e+38
0.7460713386535645, 0.12096647173166275, 0.12596946954727173, -3.142762613271363e+38
0.7905080318450928, 0.15293283760547638, 0.11183192580938339, -2.635674383454818e+38
0.8086516857147217, 0.1806555986404419, 0.11415523290634155, nan
0.8019188642501831, 0.2241227924823761, 0.11399363726377487, -2.4887826827340996e+38
0.7862393856048584, 0.24035821855068207, 0.11252887547016144, -3.382857868019646e+38
0.7839559316635132, 0.23975242674350739, 0.1337462216615677, -3.3695130566209234e+38
0.7619948983192444, 0.2737097442150116, 0.11047860980033875, -2.769015203495241e+38
0.7337270975112915, -0.032033808529376984, 0.14233806729316711, nan
0.732242226600647, 0.005351583939045668, 0.14191985130310059, -2.7025012722651217e+38
0.7328610420227051, 0.023966334760189056, 0.1420535147190094, -3.3163441396136228e+38
0.7319976091384888, 0.042549505829811096, 0.14194869995117188, -3.3830661683662755e+38
0.7296674251556396, 0.060951799154281616, 0.14160768687725067, -2.8226011268439926e+38
