0.35070323944091797, -0.06835298985242844, -0.28941208124160767, -2.4617835503661026e+38
0.3550528883934021, -0.06959494948387146, -0.28777390718460083, -2.4350947388650415e+38
0.35238027572631836, -0.05473177880048752, -0.29105299711227417, -2.4350947388650415e+38
0.358036607503891, -0.04914974421262741, -0.29233646392822266, -2.4617835503661026e+38
0.355485200881958, -0.03467220067977905, -0.2984170913696289, -2.4084061301880765e+38
0.3601197302341461, -0.03543207794427872, -0.29713577032089233, -2.395061724437546e+38
0.355347216129303, -0.027265174314379692, -0.2959829568862915, -2.448439144615572e+38
0.3599734604358673, -0.02790513075888157, -0.29476630687713623, -2.421750333114511e+38
0.3575713634490967, -0.013571996241807938, -0.30360662937164307, -2.488367907457705e+38
0.36233609914779663, -0.013982903212308884, -0.30245405435562134, -2.4750756274998557e+38
0.3583524227142334, 0.0008787913247942924, -0.3057762384414673, -2.395217290519206e+38
0.3633836507797241, 0.00814005732536316, -0.30537182092666626, -2.408665339382811e+38
0.37252819538116455, 0.016460057348012924, -0.3706092834472656, -2.4219586334611405e+38
0.37268102169036865, 0.024489950388669968, -0.34590816497802734, -2.4350947388650415e+38
0.37050336599349976, 0.041781820356845856, -0.3638010025024414, -2.4349906901037748e+38
0.36535021662712097, 0.031009191647171974, -0.3150154948234558, -2.4483872216469867e+38
0.35905808210372925, 0.05292903631925583, -0.31409645080566406, -2.395217696167398e+38
0.36454135179519653, 0.0461762472987175, -0.31387436389923096, -2.4350947388650415e+38
0.35204067826271057, 0.06336414068937302, -0.28552037477493286, -2.368528884666337e+38
0.3582150340080261, 0.05803482234477997, -0.28975987434387207, -2.4218024589071923e+38
0.35202744603157043, 0.07068721950054169, -0.2879822850227356, -2.3951136474061313e+38
0.3563583493232727, 0.07921314984560013, -0.28891628980636597, -2.4349906901037748e+38
0.3487814962863922, 0.09003282338380814, -0.2818566560745239, -2.4881600127592674e+38
0.35430383682250977, 0.08493242412805557, -0.2827245593070984, -2.4481789213003572e+38
0.3634032607078552, -0.0796658918261528, -0.28493452072143555, -2.39506152161345e+38
0.3594967722892761, -0.07086273282766342, -0.2860235571861267, -2.39506152161345e+38
0.3656405806541443, -0.06560291349887848, -0.2875351905822754, -2.421750333114511e+38
0.36265796422958374, -0.050138577818870544, -0.290830135345459, -2.448439144615572e+38
0.3671342134475708, -0.058858513832092285, -0.29069262742996216, -2.421750333114511e+38
0.36489903926849365, -0.04392843693494797, -0.29786473512649536, -2.4617835503661026e+38
0.3708809018135071, -0.03760965168476105, -0.29871153831481934, -2.448439144615572e+38
0.36578506231307983, -0.029048042371869087, -0.29783254861831665, -2.421750333114511e+38
0.3715403079986572, -0.02233242802321911, -0.29825299978256226, -2.4617835503661026e+38
0.3666457533836365, -0.006745303049683571, -0.298051655292511, -2.448439144615572e+38
0.3722326159477234, -0.014836300164461136, -0.2998398542404175, -2.4617835503661026e+38
0.3659490644931793, 0.0007852371782064438, -0.2947186231613159, -2.4350947388650415e+38
0.37113603949546814, 0.008120227605104446, -0.29416078329086304, -2.421750333114511e+38
0.37187817692756653, 0.015907838940620422, -0.31859278678894043, -2.40861422771061e+38
0.37345895171165466, 0.02351025491952896, -0.3034563660621643, -2.395217696167398e+38
0.3681696653366089, 0.030848076567053795, -0.304607629776001, -2.395217696167398e+38
0.3717435300350189, 0.03854570537805557, -0.29846352338790894, -2.421750333114511e+38
0.3656567633152008, 0.05280119180679321, -0.2981140613555908, -2.461679501604836e+38
0.3723773956298828, 0.04653330147266388, -0.30211883783340454, -2.4084059273639804e+38
0.36105555295944214, 0.0652119517326355, -0.28301477432250977, -2.39506152161345e+38
0.3676549792289734, 0.05972495675086975, -0.2871079444885254, -2.395217696167398e+38
0.35995376110076904, 0.07953976839780807, -0.28340035676956177, -2.3950095986448645e+38
0.36572203040122986, 0.0738433375954628, -0.2838575839996338, -2.341840073165276e+38
0.35874542593955994, 0.08617783337831497, -0.28122806549072266, -2.408353801571299e+38
0.3628828525543213, 0.0950394794344902, -0.28112977743148804, -2.4084059273639804e+38
0.37211617827415466, -0.09926775842905045, -0.2857051491737366, -2.3550283043618582e+38
0.36720553040504456, -0.0886547639966011, -0.28331536054611206, -2.3817171158629193e+38
0.3718397319316864, -0.09017589688301086, -0.28094977140426636, -2.3683727101123888e+38
0.36982837319374084, -0.0745670273900032, -0.2865474224090576, -2.3817171158629193e+38
0.3746200203895569, -0.07593046873807907, -0.2843932509422302, -2.3683727101123888e+38
0.3719518482685089, -0.06000540405511856, -0.28885895013809204, -2.4084059273639804e+38
0.37842145562171936, -0.05405440926551819, -0.28996461629867554, -2.421750333114511e+38
0.3759254813194275, -0.03843625634908676, -0.29707860946655273, -2.4350947388650415e+38
0.38112586736679077, -0.04748842120170593, -0.2972777485847473, -2.39506152161345e+38
0.3769708573818207, -0.030942687764763832, -0.2992871403694153, -2.4350947388650415e+38
0.38352423906326294, -0.032205551862716675, -0.30213266611099243, -2.4084059273639804e+38
0.3786110281944275, -0.01560165174305439, -0.3028540015220642, -2.421750333114511e+38
0.38456660509109497, -0.00811242125928402, -0.30261123180389404, -2.3817171158629193e+38
0.3762223422527313, 0.00808628462255001, -0.292785108089447, -2.421750333114511e+38
0.38370200991630554, 3.416277468204498e-05, -0.2991911768913269, -2.4084059273639804e+38
0.37867891788482666, 0.023754339665174484, -0.3020475506782532, -2.3951136474061313e+38
0.38409319519996643, 0.015999777242541313, -0.3003859519958496, -2.3950095986448645e+38
0.3760586380958557, 0.031077325344085693, -0.2932175397872925, -2.3951136474061313e+38
0.3800508379936218, 0.031201789155602455, -0.2875558137893677, -2.421750333114511e+38
0.37449344992637634, 0.05379173904657364, -0.29102182388305664, -2.3551844789158064e+38
0.3828268349170685, 0.04785556346178055, -0.2990543246269226, -2.3551844789158064e+38
0.3725501000881195, 0.06060106307268143, -0.2856144309043884, -2.3552366047084877e+38
0.3777235150337219, 0.06955935060977936, -0.2864646315574646, -2.3951136474061313e+38
0.37050631642341614, 0.07494501769542694, -0.2822585105895996, -2.3551844789158064e+38
0.3752438724040985, 0.08403649926185608, -0.28241169452667236, -2.4083018786027137e+38
0.36899301409721375, 0.08969995379447937, -0.2818811535835266, -2.39506152161345e+38
0.3685697317123413, 0.09749728441238403, -0.28335756063461304, -2.4216462843532442e+38
0.3680158853530884, 0.10530224442481995, -0.2846294641494751, -2.4083018786027137e+38
0.3662604093551636, 0.11183515936136246, -0.2815302014350891, -2.39506152161345e+38
0.3875007629394531, -0.10907342284917831, -0.2994422912597656, -2.3817171158629193e+38
0.38056135177612305, -0.09593895077705383, -0.2922007441520691, -2.3683727101123888e+38
0.38650280237197876, -0.0893666222691536, -0.28911352157592773, -2.3550283043618582e+38
0.3808259963989258, -0.07847639173269272, -0.2865425944328308, -2.3683727101123888e+38
0.3893904685974121, -0.07395168393850327, -0.2924448251724243, -2.3683727101123888e+38
0.38489294052124023, -0.05599696934223175, -0.29238414764404297, -2.4084059273639804e+38
0.39165055751800537, -0.058014877140522, -0.2947186827659607, -2.3817171158629193e+38
0.38917315006256104, -0.041466645896434784, -0.3025493025779724, -2.3951134445820352e+38
0.3947240710258484, -0.04237568378448486, -0.30045974254608154, -2.3951655703747166e+38
0.39600321650505066, -0.03429677337408066, -0.30288368463516235, -2.3818730875927714e+38
0.39710134267807007, -0.026071744039654732, -0.30499571561813354, -2.3683727101123888e+38
0.3914894461631775, -0.008679691702127457, -0.3054655194282532, -2.39506152161345e+38
0.39801257848739624, -0.017722049728035927, -0.30678683519363403, -2.368372912936485e+38
0.38916462659835815, -0.00014784280210733414, -0.297515869140625, -2.421750333114511e+38
0.3950825035572052, 0.007928524166345596, -0.2964819669723511, -2.3815613469571633e+38
0.38951945304870605, 0.0242612361907959, -0.29885584115982056, -2.39506152161345e+38
0.39520978927612305, 0.016222506761550903, -0.296933650970459, -2.4083012701304256e+38
0.3920864462852478, 0.03225458413362503, -0.28831106424331665, -2.421749927466319e+38
0.3930268883705139, 0.04067524895071983, -0.2920076251029968, -2.395113241757939e+38
0.3937980830669403, 0.0492435023188591, -0.2954605221748352, -2.381821164624186e+38
0.3915885388851166, 0.05676443874835968, -0.2900168299674988, -2.3818732904168674e+38
0.38411930203437805, 0.07135231792926788, -0.288785457611084, -2.421594361384659e+38
0.39060014486312866, 0.0646643340587616, -0.28855812549591064, -2.3817171158629193e+38
0.3894495666027069, 0.0809403732419014, -0.28894054889678955, -2.448126795507676e+38
0.3879428207874298, 0.08850325644016266, -0.28658074140548706, -2.4348345155498267e+38
0.3811444640159607, 0.09445067495107651, -0.28616660833358765, -2.4614712012582064e+38
0.3862828314304352, 0.0958857387304306, -0.28395092487335205, -2.4082497528100323e+38
0.3788165748119354, 0.10966312140226364, -0.28447288274765015, -2.3818732904168674e+38
0.38300061225891113, 0.11949209868907928, -0.2828393578529358, -2.368528884666337e+38
0.38204172253608704, 0.12765200436115265, -0.2834031581878662, -2.3551844789158064e+38
0.3964924216270447, -0.12525247037410736, -0.3122469186782837, -2.3817171158629193e+38
0.4032266438007355, -0.11821933835744858, -0.3085634112358093, -2.39506152161345e+38
0.39808210730552673, -0.09674946963787079, -0.30586254596710205, -2.3550283043618582e+38
0.40441179275512695, -0.10914921015501022, -0.3083438277244568, -2.3817171158629193e+38
0.39722907543182373, -0.08647804707288742, -0.30015289783477783, -2.3550283043618582e+38
0.40879300236701965, -0.08298805356025696, -0.31154823303222656, -2.3550283043618582e+38
0.3983811140060425, -0.06890008598566055, -0.2982518672943115, -2.3683727101123888e+38
0.4060707092285156, -0.062288857996463776, -0.29908210039138794, -2.3817171158629193e+38
0.40200483798980713, -0.04401513934135437, -0.3029000163078308, -2.3283922271257667e+38
0.40788596868515015, -0.044977813959121704, -0.300457239151001, -2.3417366328762972e+38
0.40175896883010864, -0.03509226441383362, -0.3006964921951294, -2.275067135564518e+38
0.40888428688049316, -0.027395496144890785, -0.3005574941635132, -2.301599772511631e+38
0.40148261189460754, -0.00912482663989067, -0.29702210426330566, -2.3816130671016526e+38
0.40823426842689514, -0.01837651990354061, -0.2978324890136719, -2.3149437726139694e+38
0.4004976749420166, -0.0005254363641142845, -0.29373985528945923, -2.394957472852183e+38
0.40673378109931946, 0.007850772701203823, -0.2924279570579529, -2.394957472852183e+38
0.4009750485420227, 0.016338016837835312, -0.29499006271362305, -2.39506152161345e+38
0.4068799614906311, 0.016456324607133865, -0.2928886413574219, -2.3683213956160915e+38
0.39867883920669556, 0.04124064743518829, -0.29004693031311035, -2.368528884666337e+38
0.4049603044986725, 0.03337297588586807, -0.28849518299102783, -2.355132758771317e+38
0.39861178398132324, 0.058206528425216675, -0.2922293543815613, -2.3419439191024465e+38
0.4053017497062683, 0.0506984144449234, -0.2912653684616089, -2.3419437162783505e+38
0.39754989743232727, 0.06633957475423813, -0.29069727659225464, -2.3418921989579572e+38
0.4032542109489441, 0.06735887378454208, -0.28842872381210327, -2.3151512616642147e+38
0.3963177800178528, 0.08309204876422882, -0.29097670316696167, -2.4083018786027137e+38
0.40193384885787964, 0.08438163995742798, -0.2885555028915405, -2.3948534240909164e+38
0.39382657408714294, 0.1082611009478569, -0.2913591265678406, -2.3285477932074267e+38
0.4013710916042328, 0.10225541889667511, -0.2918214201927185, -2.3683207871438034e+38
0.39313650131225586, 0.1169525757431984, -0.2924230098724365, -2.3285477932074267e+38
0.39609020948410034, 0.12595206499099731, -0.2858232855796814, -2.341840073165276e+38
0.39352166652679443, 0.13292694091796875, -0.2818446755409241, -2.341840073165276e+38
0.41277748346328735, -0.12417527288198471, -0.3159705400466919, -2.3550283043618582e+38
0.4170750379562378, -0.13568170368671417, -0.3117983937263489, -2.39506152161345e+38
0.4120135009288788, -0.11280842125415802, -0.3101910352706909, -2.3683727101123888e+38
0.4232426583766937, -0.10873647034168243, -0.3171486258506775, -2.408197627017351e+38
0.41802799701690674, -0.0971144288778305, -0.32011038064956665, -2.4083016757786176e+38
0.42638570070266724, -0.10051518678665161, -0.32215166091918945, -2.4481263898594837e+38
0.4192028045654297, -0.0775320902466774, -0.31782007217407227, -2.3817171158629193e+38
0.4279446005821228, -0.07024668157100677, -0.3184528350830078, -2.355132150299029e+38
0.4176451861858368, -0.05705105513334274, -0.30940061807632446, -2.3817171158629193e+38
0.42585861682891846, -0.049335576593875885, -0.30953383445739746, -2.3285477932074267e+38
0.4132320284843445, -0.02758723311126232, -0.2935292720794678, -2.3416325841150305e+38
0.4198131263256073, -0.03758653998374939, -0.2931020259857178, -2.355133164419509e+38
0.4205296039581299, -0.019436318427324295, -0.2928429841995239, -2.354977192689657e+38
0.419636607170105, -0.010211221873760223, -0.28999102115631104, -2.341529346650148e+38
0.4123823642730713, -0.0009214021265506744, -0.2893325090408325, -2.3548731439283903e+38
0.41894447803497314, 0.007769288495182991, -0.2877011299133301, -2.4213876836307977e+38
0.4128507077693939, 0.025352122262120247, -0.29072582721710205, -2.3814579066681847e+38
0.419111430644989, 0.016701385378837585, -0.2881699800491333, -2.4479203205779106e+38
0.4120127856731415, 0.04281576722860336, -0.2898715138435364, -2.3816130671016526e+38
0.4181457757949829, 0.04342909902334213, -0.2873767018318176, -2.3949055498835978e+38
0.41125500202178955, 0.0514511913061142, -0.288917601108551, -2.4084055217157883e+38
0.4173426628112793, 0.05222085118293762, -0.2863888144493103, -2.3950093958207685e+38
0.41070687770843506, 0.06913407891988754, -0.2902536392211914, -2.354976178569177e+38
0.4169536232948303, 0.07958907634019852, -0.2898557186126709, -2.3816130671016526e+38
0.40908563137054443, 0.09584730118513107, -0.29199039936065674, -2.434730263964464e+38
0.41695040464401245, 0.08901900798082352, -0.29182589054107666, -2.4083018786027137e+38
0.40979573130607605, 0.11563754081726074, -0.2992742657661438, -2.4083018786027137e+38
0.41630178689956665, 0.10794892907142639, -0.29491591453552246, -2.368268661351122e+38
0.4063382148742676, 0.13256269693374634, -0.2962607741355896, -2.3817171158629193e+38
0.41564130783081055, 0.13796553015708923, -0.30237680673599243, -2.4216462843532442e+38
0.40027838945388794, 0.13647711277008057, -0.28295767307281494, -2.3817173186870154e+38
0.4072940945625305, 0.14014646410942078, -0.28389841318130493, -2.4084061301880765e+38
0.406015545129776, 0.15968291461467743, -0.28821319341659546, -2.3416843042595198e+38
0.4291502833366394, -0.15199096500873566, -0.30776453018188477, -2.3817173186870154e+38
0.42909669876098633, -0.1326286643743515, -0.3192363381385803, -2.395061724437546e+38
0.43524789810180664, -0.13474425673484802, -0.3146091103553772, -2.3683213956160915e+38
0.4329129457473755, -0.12470614165067673, -0.3251022696495056, -2.368372912936485e+38
0.43927812576293945, -0.12677259743213654, -0.32058918476104736, -2.3683213956160915e+38
0.43828505277633667, -0.09525448828935623, -0.32891029119491577, -2.421490109799296e+38
0.44761431217193604, -0.09868434071540833, -0.3307715058326721, -2.3816130671016526e+38
0.4456280469894409, -0.08627866953611374, -0.32370829582214355, -2.394957675676279e+38
0.445980429649353, -0.07554443180561066, -0.3222770690917969, -2.3549242556005915e+38
0.4367275834083557, -0.05212509632110596, -0.3166656494140625, -2.3284956674147453e+38
0.44608449935913086, -0.0648300051689148, -0.3205500841140747, -2.3149950871102666e+38
0.42566341161727905, -0.028983240947127342, -0.28807681798934937, -2.3684252415532622e+38
0.4324991703033447, -0.03933831304311752, -0.2870693802833557, -2.3683205843197074e+38
0.42596468329429626, -0.01058988831937313, -0.2872772812843323, -2.368217549678921e+38
0.43337172269821167, -0.02054307796061039, -0.28707295656204224, -2.39506152161345e+38
0.4248223900794983, -0.001335861161351204, -0.28420907258987427, -2.3281843324273292e+38
0.43171465396881104, 0.007684069685637951, -0.28221195936203003, -2.301495318102172e+38
0.42535579204559326, 0.025936782360076904, -0.28562551736831665, -2.421334949365828e+38
0.4319043457508087, 0.01695769652724266, -0.2826879024505615, -2.3413212491276144e+38
0.4244154989719391, 0.044056057929992676, -0.2846900224685669, -2.3282356469236265e+38
0.4314556121826172, 0.03549569845199585, -0.28247952461242676, -2.3014429894853947e+38
0.42425715923309326, 0.062499985098838806, -0.2865085005760193, -2.328339492860797e+38
0.4318062663078308, 0.05436217039823532, -0.2849532961845398, -2.3282354440995304e+38
0.424716055393219, 0.0720905140042305, -0.2890475392341614, -2.3549242556005915e+38
0.43108057975769043, 0.0732262134552002, -0.28594815731048584, -2.341579849850061e+38
0.4266253709793091, 0.10242559015750885, -0.2995131015777588, -2.368268661351122e+38
0.4329829514026642, 0.10403787344694138, -0.29602789878845215, -2.341579849850061e+38
0.42752644419670105, 0.12374987453222275, -0.3070112466812134, -2.3549242556005915e+38
0.43892258405685425, 0.11846262216567993, -0.31214600801467896, -2.3282354440995304e+38
0.42665234208106995, 0.13375167548656464, -0.3079489469528198, -2.341580052674157e+38
0.4317135512828827, 0.14582528173923492, -0.3044847846031189, -2.274806506601111e+38
0.41829121112823486, 0.14763635396957397, -0.2939900755882263, -2.3416841014354237e+38
0.4281843602657318, 0.1537289023399353, -0.2996320128440857, -2.2616176669322405e+38
0.42270439863204956, 0.1706899106502533, -0.29416173696517944, -2.2884103243704723e+38
0.4413715600967407, -0.18195277452468872, -0.3066401481628418, -2.354976178569177e+38
0.43533527851104736, -0.16672375798225403, -0.3075312376022339, -2.3151512616642147e+38
0.44629597663879395, -0.16200177371501923, -0.30892688035964966, -2.3683727101123888e+38
0.4440857768058777, -0.13926081359386444, -0.3156241774559021, -2.3283922271257667e+38
0.45046573877334595, -0.1414441615343094, -0.3103974461555481, -2.3416323812909344e+38
0.4498007297515869, -0.1204066351056099, -0.32165175676345825, -2.341684709907712e+38
0.4550260305404663, -0.1332506537437439, -0.3166894316673279, -2.3016514926561202e+38
0.45368409156799316, -0.11153105646371841, -0.3271973133087158, -2.3416841014354237e+38
0.46452566981315613, -0.10411392897367477, -0.3277076482772827, -2.2882553667611004e+38
0.4529741406440735, -0.0770338922739029, -0.31827211380004883, -2.368268864175218e+38
0.465212881565094, -0.09269913285970688, -0.32666438817977905, -2.3416329897632225e+38
0.4481488764286041, -0.05347991734743118, -0.30442678928375244, -2.314891241173096e+38
0.4502790570259094, -0.06320303678512573, -0.2922213077545166, -2.3950106127653447e+38
0.43903234601020813, -0.04024016857147217, -0.2837269902229309, -2.354872332632006e+38
0.44745880365371704, -0.03172694146633148, -0.28267019987106323, -2.3282366610441066e+38
0.43903058767318726, -0.011371703818440437, -0.2812235951423645, -2.3283401013330853e+38
0.44576433300971985, -0.01177460327744484, -0.27785807847976685, -2.3283409126294694e+38
0.4383070468902588, 0.007640077732503414, -0.2791510820388794, -2.3017036184488016e+38
0.44660329818725586, -0.0021443599835038185, -0.2791558504104614, -2.3017042269210897e+38
0.4405187666416168, 0.01717992126941681, -0.2838556170463562, -2.3548737524006784e+38
0.4473446011543274, 0.017316676676273346, -0.2805275321006775, -2.2882553667611004e+38
0.43934524059295654, 0.045796237885951996, -0.28288447856903076, -2.341580052674157e+38
0.4460999071598053, 0.04647146165370941, -0.2795058488845825, -2.3282352412754344e+38
0.43837228417396545, 0.05519188195466995, -0.2817712426185608, -2.341579849850061e+38
0.4391188621520996, 0.06515534222126007, -0.28452616930007935, -2.3282354440995304e+38
0.43981242179870605, 0.08533681929111481, -0.2890610098838806, -2.3015466325984693e+38
0.44846323132514954, 0.077272929251194, -0.28774774074554443, -2.3280796751937744e+38
0.4532434940338135, 0.10059993714094162, -0.30103403329849243, -2.4079386206467123e+38
0.45538684725761414, 0.11283016204833984, -0.30762386322021484, -2.421438592478903e+38
0.45039916038513184, 0.1235119104385376, -0.3186134099960327, -2.3282354440995304e+38
0.4565685987472534, 0.13655436038970947, -0.31529247760772705, -2.3283922271257667e+38
0.4438233971595764, 0.14150768518447876, -0.30998003482818604, -2.24811769510005e+38
0.44022342562675476, 0.14996233582496643, -0.30521243810653687, -2.2748586323937924e+38
0.4347262382507324, 0.16798707842826843, -0.29999011754989624, -2.3683209899678995e+38
0.44500699639320374, 0.16248401999473572, -0.3004729747772217, -2.3950098014689606e+38
0.4411177635192871, 0.182746022939682, -0.299626886844635, -2.368268661351122e+38
0.4388660788536072, 0.19265513122081757, -0.2988471984863281, -2.3683205843197074e+38
0.4501086473464966, -0.18770138919353485, -0.30659568309783936, -2.381664787246142e+38
0.4528259038925171, -0.17757198214530945, -0.3079518675804138, -2.3816130671016526e+38
0.45889151096343994, -0.17991259694099426, -0.30145400762557983, -2.3816130671016526e+38
0.45981699228286743, -0.14617414772510529, -0.31080639362335205, -2.3683211927919955e+38
0.4695279002189636, -0.15107184648513794, -0.31093108654022217, -2.368268864175218e+38
0.4663311541080475, -0.12669254839420319, -0.31742262840270996, -2.3416325841150305e+38
0.4715569019317627, -0.14000900089740753, -0.31151628494262695, -2.3815617526053554e+38
0.47179970145225525, -0.10600142925977707, -0.32269734144210815, -2.341580458322349e+38
0.47916391491889954, -0.1079101637005806, -0.3173856735229492, -2.4081461096969576e+38
0.46730518341064453, -0.08008316159248352, -0.3094624876976013, -2.341580661146445e+38
0.48004668951034546, -0.0962057039141655, -0.3166848421096802, -2.3681648154139514e+38
0.4572827219963074, -0.05398714542388916, -0.2868116497993469, -2.3282881783645e+38
0.4641381502151489, -0.06581161171197891, -0.28363102674484253, -2.3281320038105518e+38
0.45665860176086426, -0.033064328134059906, -0.28331518173217773, -2.3149445839103535e+38
0.46419379115104675, -0.04447579383850098, -0.2810371518135071, -2.301495723750364e+38
0.45590436458587646, -0.022711606696248055, -0.2810649871826172, -2.3416331925873186e+38
0.4643148183822632, -0.013194622471928596, -0.27885645627975464, -2.301495520926268e+38
0.46288809180259705, -0.0027718739584088326, -0.27591472864151, -2.3415283325296677e+38
0.4634857475757599, 0.007438515312969685, -0.27683335542678833, -2.3549246612487836e+38
0.4541967809200287, 0.027400828897953033, -0.27701544761657715, -2.3683207871438034e+38
0.463724821805954, 0.017695751041173935, -0.277316689491272, -2.354976381393273e+38
0.45375531911849976, 0.037314463406801224, -0.27665650844573975, -2.3549242556005915e+38
0.46229255199432373, 0.04834367334842682, -0.2761554718017578, -2.354715955253962e+38
0.45487532019615173, 0.06795598566532135, -0.28153669834136963, -2.3547680810466434e+38
0.4634513854980469, 0.05901046097278595, -0.2791551351547241, -2.3146829408264664e+38
0.4576835036277771, 0.07940857112407684, -0.28830140829086304, -2.3546646407576648e+38
0.462792307138443, 0.09236987680196762, -0.2997933030128479, -2.35456099764459e+38
0.4650459289550781, 0.11610923707485199, -0.30825966596603394, -2.381405172403215e+38
0.47266680002212524, 0.10647774487733841, -0.3019893765449524, -2.3679058090433127e+38
0.4635487496852875, 0.13864491879940033, -0.31043773889541626, -2.3817692416556007e+38
0.4706133008003235, 0.14075793325901031, -0.30528879165649414, -2.3282354440995304e+38
0.4596947431564331, 0.14777308702468872, -0.30569058656692505, -2.3550283043618582e+38
0.4665423631668091, 0.14997197687625885, -0.30044668912887573, -2.3015466325984693e+38
0.45191633701324463, 0.17753508687019348, -0.30008506774902344, -2.421490109799296e+38
0.46308737993240356, 0.1718306690454483, -0.3002331256866455, -2.368113095269462e+38
0.444760262966156, 0.19509926438331604, -0.29313522577285767, -2.394905752707694e+38
0.45067471265792847, 0.1975403130054474, -0.287142276763916, -2.1145176658648924e+38
0.4794861674308777, -0.21196475625038147, -0.32647669315338135, -2.3817171158629193e+38
0.48651349544525146, -0.23044642806053162, -0.3242444396018982, -2.3282354440995304e+38
0.47439372539520264, -0.18799202144145966, -0.29360342025756836, -2.341424080944305e+38
0.4774986803531647, -0.1774286925792694, -0.2953057885169983, -2.3547684866948355e+38
0.4738123416900635, -0.16431280970573425, -0.30359840393066406, -2.394801501122331e+38
0.4864819645881653, -0.1584688127040863, -0.3040267825126648, -2.3680090465081953e+38
0.4836845099925995, -0.13325481116771698, -0.3118460178375244, -2.3948023124187152e+38
0.4888378381729126, -0.14703620970249176, -0.3049166798591614, -2.381353452258726e+38
0.48660987615585327, -0.1098378598690033, -0.311759352684021, -2.3814570953718005e+38
0.4926777184009552, -0.1236700639128685, -0.3058239817619324, -2.394645935040671e+38
0.47907960414886475, -0.08184511959552765, -0.2942981719970703, -2.341423878120209e+38
0.4919293522834778, -0.09810081124305725, -0.29991888999938965, -2.3413202350071342e+38
0.4712194800376892, -0.0671435073018074, -0.2789152264595032, -2.36811268962127e+38
0.48430168628692627, -0.059385091066360474, -0.2822238802909851, -2.274806506601111e+38
0.473538339138031, -0.03527161478996277, -0.2792796492576599, -2.368113095269462e+38
0.48370128870010376, -0.03673352301120758, -0.279032826423645, -2.354665046405857e+38
0.4753338396549225, -0.024857765063643456, -0.2815709710121155, -2.3547686895189315e+38
0.4843659996986389, -0.014720970764756203, -0.2787598967552185, -2.3413725636239116e+38
0.4707799255847931, 0.007389839272946119, -0.27267181873321533, -2.368112486797174e+38
0.4807763695716858, 0.007305707782506943, -0.2724109888076782, -2.341269123334933e+38
0.47090470790863037, 0.028300531208515167, -0.27319490909576416, -2.3281309896900716e+38
0.48104289174079895, 0.018094927072525024, -0.27289485931396484, -2.314580717482064e+38
0.4719642400741577, 0.04957052320241928, -0.27615422010421753, -2.3279754236084116e+38
0.48297828435897827, 0.04003291577100754, -0.2767619490623474, -2.3279230949916342e+38
0.47666358947753906, 0.07253573834896088, -0.28626805543899536, -2.3279762349047958e+38
0.48883169889450073, 0.0636228695511818, -0.2878929376602173, -2.3678538860747274e+38
0.48302018642425537, 0.09776231646537781, -0.30028027296066284, -2.3144764658967012e+38
0.4904622435569763, 0.08735381811857224, -0.29305964708328247, -2.2478584859053153e+38
0.48590296506881714, 0.1110241487622261, -0.30720049142837524, -2.327872794615817e+38
0.49363476037979126, 0.11278685182332993, -0.3017488121986389, -2.314580311833872e+38
0.4807015657424927, 0.14487163722515106, -0.30510109663009644, -2.2615136181709737e+38
0.4911630153656006, 0.14912661910057068, -0.3045769929885864, -2.24811870922053e+38
0.4746156930923462, 0.1655927300453186, -0.3000198006629944, -2.3414764095610823e+38
0.4864782989025116, 0.15878058969974518, -0.29938918352127075, -2.248118506396434e+38
0.4674326181411743, 0.18498991429805756, -0.2936021685600281, -2.3146318291542652e+38
0.4793696701526642, 0.17916454374790192, -0.2933306097984314, -2.368113095269462e+38
0.46208545565605164, 0.1927379071712494, -0.28732889890670776, -2.287891500332811e+38
0.46534860134124756, 0.20537109673023224, -0.27935636043548584, -2.3279762349047958e+38
0.45937636494636536, 0.21214808523654938, -0.27253222465515137, -2.3012876262278307e+38
0.49715375900268555, -0.2379130870103836, -0.32309913635253906, -2.3280792695455823e+38
0.5034886002540588, -0.2403910905122757, -0.3138570785522461, -2.2747543808084296e+38
0.47704118490219116, -0.1868295520544052, -0.2801544666290283, -2.3279758292566037e+38
0.4901896119117737, -0.18207426369190216, -0.28031373023986816, -2.3012874234037347e+38
0.4897913932800293, -0.15792706608772278, -0.2910924553871155, -2.327872186143529e+38
0.4935072660446167, -0.17126719653606415, -0.28219008445739746, -2.301183374642468e+38
0.49592018127441406, -0.1492997109889984, -0.29806166887283325, -2.35456099764459e+38
0.5054608583450317, -0.13979627192020416, -0.2918485999107361, -2.2609943884851203e+38
0.5017075538635254, -0.11373937875032425, -0.29951000213623047, -2.3145277803929985e+38
0.5113180875778198, -0.13010364770889282, -0.2982158660888672, -2.2876831999861813e+38
0.5004488825798035, -0.08788429200649261, -0.2934443950653076, -2.3012874234037347e+38
0.5071729421615601, -0.1016906127333641, -0.2875092029571533, -2.2611505630390684e+38
0.4915301203727722, -0.07213959842920303, -0.2777908444404602, -2.2879951434458855e+38
0.5025940537452698, -0.062884122133255, -0.2758362889289856, -2.3012359060833414e+38
0.4947502017021179, -0.04991608113050461, -0.280218243598938, -2.31457990618568e+38
0.5057108998298645, -0.05185919255018234, -0.2792614698410034, -2.2745472974063763e+38
0.4933626651763916, -0.02665662206709385, -0.2763097286224365, -2.3012876262278307e+38
0.5029054880142212, -0.016000140458345413, -0.27284640073776245, -2.2612028916558458e+38
0.4904322028160095, -0.003866187296807766, -0.2708691358566284, -2.3012874234037347e+38
0.5019103288650513, 0.007128438912332058, -0.2708880305290222, -2.2613067375930165e+38
0.4885287880897522, 0.029246075078845024, -0.26808416843414307, -2.3279754236084116e+38
0.502204418182373, 0.018627487123012543, -0.27136820554733276, -2.2347738978218075e+38
0.4952846169471741, 0.05272363871335983, -0.279644250869751, -2.3412677035662608e+38
0.5062724351882935, 0.0541105642914772, -0.27869945764541626, -2.23456498900289e+38
0.4918549060821533, 0.07484886795282364, -0.27628326416015625, -2.2478584859053153e+38
0.5016338229179382, 0.06487195938825607, -0.2727436423301697, -2.261253800503951e+38
0.5013810992240906, 0.08986122906208038, -0.2924652695655823, -2.2745470945822803e+38
0.5095902681350708, 0.10382652282714844, -0.28841274976730347, -2.2345138773306887e+38
0.5047177076339722, 0.1161096841096878, -0.3011094927787781, -2.2745470945822803e+38
0.5121016502380371, 0.13063931465148926, -0.2959446310997009, -2.2478584859053153e+38
0.4986434876918793, 0.15135368704795837, -0.29828041791915894, -2.234722177677318e+38
0.5110692977905273, 0.14327265322208405, -0.29662811756134033, -2.2478582830812192e+38
0.4916835427284241, 0.17276661098003387, -0.29264891147613525, -2.341423878120209e+38
0.5043454170227051, 0.16575108468532562, -0.29149550199508667, -2.2212201776041673e+38
0.4835173487663269, 0.19267268478870392, -0.28564924001693726, -2.328184129603233e+38
0.499659925699234, 0.18951761722564697, -0.29022181034088135, -2.6485011821122635e+38
0.48061615228652954, 0.20352225005626678, -0.28434181213378906, -2.221429492071277e+38
0.49031078815460205, 0.20914867520332336, -0.28227758407592773, -2.061400671826177e+38
0.47374963760375977, 0.22013239562511444, -0.2629994750022888, -2.221273520341425e+38
0.4699658751487732, 0.22975406050682068, -0.2607317566871643, -2.2212215973728395e+38
0.5213395357131958, -0.26810944080352783, -0.30691230297088623, -2.1146225259225433e+38
0.5259932279586792, -0.25607922673225403, -0.3092353343963623, -2.1546034145573575e+38
0.530445396900177, -0.24376840889453888, -0.3114094138145447, -2.1678437715466213e+38
0.5179199576377869, -0.21917738020420074, -0.3084338903427124, -2.2878389688919374e+38
0.5003185272216797, -0.18780042231082916, -0.27809613943099976, -2.274494563141407e+38
0.5033243298530579, -0.16246584057807922, -0.2762031555175781, -2.274494563141407e+38
0.5065311789512634, -0.1758132427930832, -0.26624250411987305, -2.1412070858382416e+38
0.5127620697021484, -0.14197997748851776, -0.28447794914245605, -2.274494563141407e+38
0.5171924829483032, -0.15605993568897247, -0.2753866910934448, -2.194480457255001e+38
0.52083420753479, -0.11974655836820602, -0.2913360595703125, -2.2876831999861813e+38
0.528645396232605, -0.12175630778074265, -0.2838246822357178, -2.1680001489246655e+38
0.5223408937454224, -0.10711082816123962, -0.2914022207260132, -2.2477540314958565e+38
0.5303177237510681, -0.10898521542549133, -0.2840607762336731, -2.101330245964694e+38
0.5171643495559692, -0.06633510440587997, -0.2792211174964905, -2.2078252686537236e+38
0.5289097428321838, -0.06881140917539597, -0.27740800380706787, -2.0879864486864517e+38
0.5170682668685913, -0.053869202733039856, -0.27791160345077515, -2.207877394446405e+38
0.5288257002830505, -0.05594709515571594, -0.27613556385040283, -2.1013312600851743e+38
0.5207525491714478, -0.01760661043226719, -0.2807468771934509, -2.2078252686537236e+38
0.5344561338424683, -0.03153221309185028, -0.2818526029586792, -2.0612980428335827e+38
0.5229350328445435, 0.00690954364836216, -0.28326135873794556, -2.141259414455019e+38
0.5379278063774109, -0.006147533655166626, -0.2854984998703003, -2.0879868543346438e+38
0.5230120420455933, 0.031660065054893494, -0.28367793560028076, -2.154656148822327e+38
0.5388708710670471, 0.03269960731267929, -0.28689390420913696, -2.034766014358758e+38
0.5144153833389282, 0.05492375046014786, -0.2728458046913147, -2.127862882911807e+38
0.5273129343986511, 0.044124916195869446, -0.27213776111602783, -2.034766014358758e+38
0.5105029344558716, 0.07812988013029099, -0.26927632093429565, -2.1544987573238027e+38
0.520818829536438, 0.06765840202569962, -0.2650384306907654, -1.9947327971071662e+38
0.5175168514251709, 0.09272988885641098, -0.28038352727890015, -2.1412066801900495e+38
0.5176331400871277, 0.10545844584703445, -0.2820441722869873, -2.1812405059139293e+38
0.5326387882232666, 0.12328346818685532, -0.28625035285949707, -2.0081810487948674e+38
0.5280590653419495, 0.13464902341365814, -0.28199344873428345, -2.008129328650378e+38
0.5137266516685486, 0.15583384037017822, -0.2846103310585022, -2.061245105744517e+38
0.5213010311126709, 0.15807825326919556, -0.27721303701400757, -2.0079192028868843e+38
0.5117316842079163, 0.16809949278831482, -0.284298837184906, -2.008073754848064e+38
0.5202978253364563, 0.18531790375709534, -0.28109776973724365, -2.835633791958915e+38
0.51029372215271, 0.19493088126182556, -0.28805190324783325, -2.7556200917207013e+38
0.5110331773757935, 0.21002069115638733, -0.29246753454208374, -2.6355214540864066e+38
0.5003302097320557, 0.22960984706878662, -0.2835475206375122, -2.048109203164712e+38
0.5144384503364563, 0.2244274914264679, -0.2824430465698242, -1.8215143258968117e+38
0.4818776249885559, 0.23935778439044952, -0.2628556489944458, -2.0347654058864697e+38
0.49524447321891785, 0.2354002743959427, -0.26196038722991943, -2.008233377411645e+38
0.5328662395477295, -0.276620477437973, -0.30379098653793335, -2.0480051544034454e+38
0.5393384099006653, -0.2976863980293274, -0.29752451181411743, -2.114675665835705e+38
0.5322955846786499, -0.25845402479171753, -0.2985280156135559, -2.0614532032670506e+38
0.5384618043899536, -0.26074284315109253, -0.2874656915664673, -2.1013827774055676e+38
0.5405824184417725, -0.21633824706077576, -0.29809486865997314, -2.021576160569407e+38
0.5429590344429016, -0.23124955594539642, -0.28554797172546387, -2.0881422175922077e+38
0.5167461633682251, -0.1669328361749649, -0.2599126100540161, -2.0481609233092015e+38
0.5193321704864502, -0.18023552000522614, -0.24890567362308502, -2.061505734707924e+38
0.5242418646812439, -0.15828664600849152, -0.26709723472595215, -2.0880900917995264e+38
0.5312430262565613, -0.1604910045862198, -0.25843071937561035, -2.1013823717573755e+38
0.5341789126396179, -0.13647055625915527, -0.27514511346817017, -2.0480568745479347e+38
0.5417734980583191, -0.1385778784751892, -0.266667902469635, -2.0748495319861665e+38
0.5424841642379761, -0.11281415820121765, -0.28164947032928467, -2.0215244404249178e+38
0.5657167434692383, -0.10682491213083267, -0.2897945046424866, -2.088038777303229e+38
0.5446934700012207, -0.0860978290438652, -0.2810855507850647, -2.061505734707924e+38
0.5578656196594238, -0.07531937956809998, -0.2774392366409302, -2.101279337116589e+38
0.540985107421875, -0.05809367448091507, -0.27389824390411377, -2.0347658115346618e+38
0.5570626854896545, -0.04748386889696121, -0.27439630031585693, -2.061454825859819e+38
0.5532011985778809, -0.020341308787465096, -0.28689706325531006, -2.048058091492511e+38
0.5599822402000427, -0.034321129322052, -0.2771039605140686, -2.0348181401514392e+38
0.5642302632331848, 0.006497965194284916, -0.30010706186294556, -2.0347136857419804e+38
0.5773061513900757, -0.00805233046412468, -0.2966155409812927, -2.0214216086082273e+38
0.5602372884750366, 0.020360136404633522, -0.2951907515525818, -2.034766014358758e+38
0.5692787766456604, 0.03460201993584633, -0.2873135209083557, -2.034766014358758e+38
0.5430783033370972, 0.04573684185743332, -0.27452903985977173, -2.034766014358758e+38
0.5465219616889954, 0.058732613921165466, -0.26153749227523804, -2.061454825859819e+38
0.5265414714813232, 0.08056917786598206, -0.2562907338142395, -2.008129328650378e+38
0.5346230268478394, 0.08179780095815659, -0.24919934570789337, -2.0878312882529838e+38
0.5339049100875854, 0.09564109146595001, -0.26676106452941895, -2.008129328650378e+38
0.5383336544036865, 0.10898642241954803, -0.25613170862197876, -2.1145196941058528e+38
0.5323132276535034, 0.13479860126972198, -0.2695963382720947, -2.048058091492511e+38
0.5413833856582642, 0.12364546954631805, -0.261360228061676, -2.1145186799853726e+38
0.5271376967430115, 0.1456250101327896, -0.26496100425720215, -2.0746941687286025e+38
0.5364341735839844, 0.1625511795282364, -0.2612396478652954, -2.141414574888487e+38
0.5378068685531616, 0.17767333984375, -0.265308141708374, -2.2617722188934203e+38
0.5389101505279541, 0.19308193027973175, -0.26928991079330444, -2.8624262465730508e+38
0.5325407981872559, 0.2062406986951828, -0.282337486743927, -2.795652903324101e+38
0.5360270142555237, 0.2211890071630478, -0.2715640068054199, -2.6356257056717694e+38
0.5277003645896912, 0.2294977754354477, -0.26418036222457886, -2.034712265973308e+38
0.5192201137542725, 0.23706971108913422, -0.25662195682525635, -2.1680007573969536e+38
0.4929446578025818, 0.24391373991966248, -0.24545426666736603, -2.048058294316607e+38
0.5068316459655762, 0.24005824327468872, -0.24394197762012482, -2.1013314629092703e+38
0.48146432638168335, 0.24553491175174713, -0.233014777302742, -2.0481102172851923e+38
0.5512944459915161, -0.3070487380027771, -0.2932886481285095, -2.0746424485841132e+38
0.5629417896270752, -0.29658928513526917, -0.2832697033882141, -2.141364680160862e+38
0.5502599477767944, -0.26890912652015686, -0.28326427936553955, -2.0879870571587398e+38
0.5745479464530945, -0.2708325684070587, -0.288784921169281, -2.168053897310115e+38
0.5550174713134766, -0.23861278593540192, -0.2814868092536926, -2.0880391829514212e+38
0.5787370204925537, -0.23827561736106873, -0.2863466143608093, -2.1810857511286534e+38
0.5343144536018372, -0.18920499086380005, -0.25010597705841064, -2.0879347285419624e+38
0.5761306881904602, -0.20183062553405762, -0.2771530747413635, -2.1680011630451456e+38
0.5507020950317383, -0.15608333051204681, -0.2616194486618042, -2.114726777507906e+38
0.5860350728034973, -0.19185717403888702, -0.2853677272796631, -2.18134536597158e+38
0.570847749710083, -0.1372832953929901, -0.2804816961288452, -2.1149348750304395e+38
0.6111999154090881, -0.17274847626686096, -0.3078358769416809, -2.1681048061582203e+38
0.583167314529419, -0.12772908806800842, -0.29258400201797485, -2.0614016859466573e+38
0.6285355091094971, -0.14618243277072906, -0.3220821022987366, -2.1146237428671195e+38
0.6134971976280212, -0.107573002576828, -0.3234444856643677, -2.114571617074438e+38
0.6295956373214722, -0.0943828597664833, -0.31800299882888794, -2.1678451913152936e+38
0.5803089141845703, -0.06609201431274414, -0.2833789587020874, -2.1145720227226302e+38
0.5987201929092407, -0.054306358098983765, -0.28306275606155396, -2.167897722756167e+38
0.5900075435638428, -0.023437509313225746, -0.29192107915878296, -2.0880391829514212e+38
0.6021823883056641, -0.03959839791059494, -0.2859584093093872, -2.154605239974222e+38
0.5968830585479736, -0.008968481793999672, -0.2992140054702759, -2.0615065460043082e+38
0.6080008745193481, 0.006128001492470503, -0.29100918769836426, -2.1013837915260478e+38
0.5932728052139282, 0.021248074248433113, -0.29508984088897705, -2.061455028683915e+38
0.6027261018753052, 0.03669211268424988, -0.2857709527015686, -2.088143434536784e+38
0.5868830680847168, 0.05048653483390808, -0.28869515657424927, -2.08814363736088e+38
0.5995577573776245, 0.0668221116065979, -0.2835444211959839, -2.1015391547836117e+38
0.5690715312957764, 0.07616958767175674, -0.27028268575668335, -2.0614542173875308e+38
0.5792783498764038, 0.09206283837556839, -0.26394742727279663, -2.1280200715862354e+38
0.5623288750648499, 0.11663897335529327, -0.26631689071655273, -2.1280198687621394e+38
0.5710042715072632, 0.10402252525091171, -0.2563260793685913, -2.1413119458958925e+38
0.5521128177642822, 0.14067813754081726, -0.25801706314086914, -2.1279152115285845e+38
0.5791466236114502, 0.13646213710308075, -0.2679750919342041, -2.1812405059139293e+38
0.5480039119720459, 0.16714191436767578, -0.25734031200408936, -2.167946603363312e+38
0.5942080020904541, 0.19170880317687988, -0.2904868721961975, -2.1145176658648924e+38
0.5537475347518921, 0.18547400832176208, -0.26638197898864746, -2.2883044501923412e+38
0.5672591924667358, 0.2074313461780548, -0.26587975025177, -2.8889065549033864e+38
0.542575478553772, 0.20801794528961182, -0.2585299611091614, -2.8355293375494563e+38
0.5496951341629028, 0.22617965936660767, -0.2517966628074646, -2.6222287684803654e+38
0.521281898021698, 0.23566074669361115, -0.2419837862253189, -2.1147793089487795e+38
0.5362764596939087, 0.23065651953220367, -0.23951087892055511, -1.9948352232756646e+38
0.5124657154083252, 0.24229004979133606, -0.23443962633609772, -2.088143231712688e+38
0.5125438570976257, 0.2542269229888916, -0.2215416580438614, -2.1280206800585235e+38
0.5069159269332886, 0.2635751962661743, -0.21830599009990692, -2.114676071483897e+38
0.5950057506561279, -0.2863311469554901, -0.2914431691169739, -2.0747990287862534e+38
0.6172168254852295, -0.3032081723213196, -0.29393237829208374, -1.954751705648256e+38
0.6007363200187683, -0.2720958888530731, -0.2939094305038452, -2.061454623035723e+38
0.6289236545562744, -0.27255481481552124, -0.29850679636001587, -1.9147186912207604e+38
0.6111971139907837, -0.24246184527873993, -0.2981911897659302, -2.07490307754752e+38
0.6166452765464783, -0.22468411922454834, -0.2798985242843628, -1.9414077055459175e+38
0.6000102758407593, -0.1983112394809723, -0.28048408031463623, -2.0481104201092884e+38
0.6078270077705383, -0.20074506103992462, -0.2684820890426636, -1.9680965170469786e+38
0.6200770139694214, -0.17520245909690857, -0.2962268590927124, -2.061454420211627e+38
0.6386392116546631, -0.16462105512619019, -0.2913830876350403, -1.888238788538617e+38
0.6453992128372192, -0.15161536633968353, -0.3176785707473755, -2.088143434536784e+38
0.6537659168243408, -0.13667388260364532, -0.32419639825820923, -2.0614029028912336e+38
0.6608120799064636, -0.102235347032547, -0.32800018787384033, -2.034817734503247e+38
0.6720504760742188, -0.12292235344648361, -0.31766587495803833, -1.9547005939760547e+38
0.6504014730453491, -0.06377071142196655, -0.3152536153793335, -2.0214218114323233e+38
0.6629804372787476, -0.08333161473274231, -0.3063933849334717, -1.954700999624247e+38
0.6230297088623047, -0.042127691209316254, -0.2872350215911865, -2.0214737344009087e+38
0.6259636878967285, -0.026337606832385063, -0.2895886301994324, -2.0081814544430595e+38
0.6280590295791626, -0.010288702324032784, -0.2913081645965576, -1.9815445659105838e+38
0.6279652118682861, 0.005994768347591162, -0.2708248496055603, -1.8882911171553943e+38
0.6239328384399414, 0.02202535793185234, -0.2871180772781372, -1.994681685434965e+38
0.6335638165473938, 0.038513146340847015, -0.2763376235961914, -1.888238788538617e+38
0.6221231818199158, 0.05395229160785675, -0.28603118658065796, -2.021370091287834e+38
0.6356871128082275, 0.0716671347618103, -0.2794024348258972, -1.914772033958018e+38
0.6169873476028442, 0.08511236310005188, -0.28242892026901245, -1.9546995798555746e+38
0.62846839427948, 0.1031607836484909, -0.2744879126548767, -1.9548050483855135e+38
0.6088655591011047, 0.13094308972358704, -0.27801811695098877, -1.954751705648256e+38
0.6415581703186035, 0.12389281392097473, -0.2880783677101135, -1.941460642634983e+38
0.6375004053115845, 0.17714400589466095, -0.3106881380081177, -1.954647454062893e+38
0.6621935367584229, 0.16751164197921753, -0.3109268546104431, -1.9281162368844525e+38
0.6293797492980957, 0.19121217727661133, -0.30461007356643677, -1.9811806994822943e+38
0.6430673599243164, 0.21465858817100525, -0.29910939931869507, -1.98133545426757e+38
0.6055045127868652, 0.2130928784608841, -0.2848881483078003, -2.2349805755756687e+38
0.6264051795005798, 0.22344867885112762, -0.2854066491127014, -2.2215317154156794e+38
0.5863531231880188, 0.23484009504318237, -0.27032214403152466, -2.822185945919406e+38
0.605580747127533, 0.24596592783927917, -0.27035319805145264, -2.782100805699229e+38
0.5607500076293945, 0.26545238494873047, -0.25222331285476685, -1.9281665372602695e+38
0.6082766056060791, 0.28539323806762695, -0.2793380618095398, -1.8080670883295907e+38
0.6899633407592773, -0.3619389533996582, -0.3183389902114868, -1.914822942806123e+38
0.6387660503387451, -0.29784196615219116, -0.28993380069732666, -1.914822739982027e+38
0.6581038236618042, -0.26807788014411926, -0.27918165922164917, -1.9281160340603564e+38
0.6551316976547241, -0.24553005397319794, -0.27365773916244507, -1.941460034162695e+38
0.6135507822036743, -0.1844138354063034, -0.25190746784210205, -1.928063299795387e+38
0.6037929654121399, -0.19340190291404724, -0.22655735909938812, -1.9281673485566537e+38
0.6175546646118164, -0.16942277550697327, -0.25341230630874634, -1.928063299795387e+38
0.6423656940460205, -0.1624361127614975, -0.2534204125404358, -1.927907733713727e+38
0.6501442790031433, -0.1498054563999176, -0.27896809577941895, -1.874842459819501e+38
0.66855388879776, -0.13719797134399414, -0.27201980352401733, -1.901270845181251e+38
0.6671240329742432, -0.1013830304145813, -0.2894597053527832, -1.888238788538617e+38
0.6770816445350647, -0.12159048765897751, -0.2776449918746948, -1.9147192996930485e+38
0.6512447595596313, -0.06218397617340088, -0.2733510136604309, -1.8881866627459355e+38
0.6693214774131775, -0.08274061977863312, -0.2687840461730957, -1.8882383828904248e+38
0.6656070351600647, -0.04657899588346481, -0.2641128897666931, -1.8615495713893637e+38
0.6624637246131897, -0.028787916526198387, -0.2610132098197937, -1.9415117543071842e+38
0.6378486156463623, 0.005928811151534319, -0.2598825693130493, -1.874842054171309e+38
0.6536598205566406, 0.005795640405267477, -0.2533191442489624, -1.9147186912207604e+38
0.6377396583557129, 0.03851497918367386, -0.26006460189819336, -1.8881862570977434e+38
0.6540831923484802, 0.022629279643297195, -0.25371217727661133, -1.9014781314074005e+38
0.6456881761550903, 0.07266436517238617, -0.26807695627212524, -1.928063908267675e+38
0.6645288467407227, 0.057698555290699005, -0.2629448175430298, -1.928063299795387e+38
0.6567906141281128, 0.10956022143363953, -0.27971023321151733, -1.9281158312362604e+38
0.6807364821434021, 0.11472095549106598, -0.27877509593963623, -1.9281156284121644e+38
0.6799778342247009, 0.15359152853488922, -0.3030627369880676, -1.9281158312362604e+38
0.7055676579475403, 0.14103317260742188, -0.30067479610443115, -1.941459831338599e+38
0.6870923042297363, 0.19578178226947784, -0.31319987773895264, -1.968149048487852e+38
0.7153984308242798, 0.18538154661655426, -0.31219571828842163, -1.9281673485566537e+38
0.685565710067749, 0.21531762182712555, -0.31406170129776, -1.9946303709386677e+38
0.6844227313995361, 0.23278695344924927, -0.2924307584762573, -1.9411973769583276e+38
0.6448154449462891, 0.25147879123687744, -0.28447020053863525, -2.8486654429533573e+38
0.6728026866912842, 0.24652186036109924, -0.28495079278945923, -2.2614606810819082e+38
0.6279411315917969, 0.2785367965698242, -0.27461159229278564, -2.6752954621432635e+38
0.6722172498703003, 0.2877468466758728, -0.2900528311729431, -2.7021390284296005e+38
0.6476378440856934, 0.3363293707370758, -0.30030643939971924, -1.914822942806123e+38
0.6700189113616943, 0.3296409249305725, -0.29466545581817627, -1.8612889424259568e+38
0.6766380071640015, 0.3817928731441498, -0.30827826261520386, -1.888239194186809e+38
0.7084178328514099, -0.42675796151161194, -0.3184530735015869, -1.888134131305062e+38
0.7154088020324707, -0.40692248940467834, -0.3200058937072754, -1.888133928480966e+38
0.7293177843093872, -0.3892245590686798, -0.30187392234802246, -1.8747891170822434e+38
0.7232658863067627, -0.35831311345100403, -0.2933616638183594, -1.888133522832774e+38
0.7299204468727112, -0.33865219354629517, -0.2950522303581238, -1.8881852429772632e+38
0.6655446290969849, -0.27054840326309204, -0.2637416124343872, -1.8747897255545315e+38
0.6444804668426514, -0.21655049920082092, -0.24134309589862823, -1.8747895227304355e+38
0.6675910949707031, -0.22852849960327148, -0.2389349490404129, -1.7813784796526256e+38
0.630820631980896, -0.15519550442695618, -0.2244119793176651, -1.8746345651210636e+38
0.6660694479942322, -0.1700032651424408, -0.23177103698253632, -1.8613942081317997e+38
0.6778967380523682, -0.139164999127388, -0.25829046964645386, -1.8613412710427342e+38
0.6768947839736938, -0.1560395509004593, -0.2380910962820053, -1.8613940053077037e+38
0.6868101358413696, -0.1234099492430687, -0.26382362842559814, -1.9013740826461338e+38
0.712847113609314, -0.13055630028247833, -0.2614400386810303, -1.88813372565687e+38
0.68648362159729, -0.08582198619842529, -0.26124370098114014, -1.861445116979905e+38
0.7103396654129028, -0.07109250128269196, -0.2564595937728882, -1.8347558998306517e+38
0.6825395226478577, -0.04845008999109268, -0.2566351294517517, -1.861444914155809e+38
0.6963165998458862, -0.03137444704771042, -0.2452155500650406, -1.861496634300298e+38
0.6749603748321533, -0.011999320238828659, -0.249990776181221, -1.861496431476202e+38
0.6933961510658264, 0.005441777873784304, -0.2426852434873581, -1.7681375141910737e+38
0.6762511730194092, 0.04091333970427513, -0.2511169910430908, -1.8880294740715072e+38
0.686821699142456, 0.023459214717149734, -0.23801596462726593, -1.728208751348941e+38
0.7078790664672852, 0.08176161348819733, -0.27650338411331177, -1.8880300825437953e+38
0.7385989427566528, 0.0657455325126648, -0.2758052945137024, -1.714812625453921e+38
0.7198922038078308, 0.10368380695581436, -0.28662002086639404, -1.901374691118422e+38
0.7485733032226562, 0.10881539434194565, -0.28445255756378174, -1.7014684225274865e+38
0.7258906960487366, 0.1666564792394638, -0.29508697986602783, -1.888133928480966e+38
0.7457780838012695, 0.17203769087791443, -0.2861563563346863, -1.7281570312044516e+38
0.7259514331817627, 0.18775735795497894, -0.29683583974838257, -1.8747897255545315e+38
0.7351449728012085, 0.21126334369182587, -0.2818388342857361, -1.7280008566505034e+38
0.7140297889709473, 0.22501416504383087, -0.29142266511917114, -1.8880813970400925e+38
0.7112963199615479, 0.24509795010089874, -0.29154372215270996, -1.8611830682478257e+38
0.7035382986068726, 0.2842941880226135, -0.2905144691467285, -2.595227607871408e+38
0.7264926433563232, 0.2733907401561737, -0.2820940613746643, -1.9281115719302436e+38
0.7242686748504639, 0.3454328775405884, -0.313778817653656, -2.2484312611525224e+38
0.7122881412506104, 0.3853206932544708, -0.3111482262611389, -1.821516354137772e+38
0.7197994589805603, 0.3880077004432678, -0.2924633026123047, -1.728209156997133e+38
0.6985782384872437, 0.4236619770526886, -0.30769968032836914, -1.8615499770375558e+38
0.7247780561447144, 0.41828998923301697, -0.3002512454986572, -1.7015728769369453e+38
0.720465898513794, -0.43025752902030945, -0.2779519557952881, -2.30217295340703e+38
0.7579858303070068, -0.43877843022346497, -0.30192577838897705, -2.43556508794375e+38
0.7786268591880798, -0.37277641892433167, -0.3056209087371826, -1.9684585580584037e+38
0.7794309258460999, -0.39747318625450134, -0.28300827741622925, -3.169607802150468e+38
0.7987551689147949, -0.32995110750198364, -0.2863510847091675, -3.2230375509452717e+38
0.7395434379577637, -0.0962839275598526, -0.25512951612472534, -2.368790933398416e+38
0.7286922931671143, -0.0737745389342308, -0.24700279533863068, -2.5421637537458543e+38
0.7217186093330383, -0.033496253192424774, -0.24120797216892242, -2.7022440913113474e+38
0.735603928565979, -0.054350294172763824, -0.22855131328105927, -3.1960372016326985e+38
0.7432345151901245, 0.004939085803925991, -0.2551165819168091, -2.78251882616116e+38
0.7430987358093262, -0.01509128138422966, -0.23244072496891022, -3.2359659644748314e+38
0.7609052658081055, 0.04681015759706497, -0.2671740651130676, -2.7559867976863353e+38
0.7825626134872437, 0.026332946494221687, -0.2567256689071655, -3.2224649785221606e+38
0.7845603227615356, 0.09302539378404617, -0.2840365171432495, -2.796020217762023e+38
0.7957746982574463, 0.0941423624753952, -0.266140878200531, -3.2360182930916088e+38
0.7832114696502686, 0.13767313957214355, -0.28501129150390625, -2.8230211755468843e+38
0.8011142015457153, 0.11795128136873245, -0.2702537775039673, -3.2360182930916088e+38
0.785956621170044, 0.16124756634235382, -0.28810739517211914, -2.8630018613576024e+38
0.7661908864974976, 0.1775815337896347, -0.2761572003364563, -2.8762420155227702e+38
0.7448914647102356, 0.2136753499507904, -0.2649690508842468, -3.0630107589411323e+38
0.7658601403236389, 0.19835691154003143, -0.25315260887145996, -3.2092769501496742e+38
0.7527244687080383, 0.23973077535629272, -0.27229708433151245, -3.142868893097686e+38
0.7481784820556641, 0.25817421078681946, -0.2473771721124649, -3.209380593262749e+38
0.7353121042251587, 0.2761003375053406, -0.26467686891555786, -3.1295238788748674e+38
0.7283043265342712, 0.2923036813735962, -0.23896925151348114, -3.142658361686e+38
0.7248712182044983, 0.3157249987125397, -0.26248854398727417, -3.1829012990528935e+38
0.7259188890457153, 0.33731809258461, -0.24254493415355682, -3.12910565558884e+38
0.734076976776123, 0.3710770308971405, -0.27514171600341797, -3.1830582849032258e+38
0.7337006330490112, 0.39288845658302307, -0.2537892460823059, -3.1692433272498905e+38
0.7316480875015259, 0.4206787347793579, -0.28041863441467285, -3.116336458974669e+38
0.7238125205039978, 0.44004008173942566, -0.2784562110900879, -3.16966195618411e+38
0.7289878129959106, 0.4727228581905365, -0.2864733934402466, -3.169557704598747e+38
0.7862845659255981, -0.3996931314468384, -0.26109182834625244, -3.115969144536747e+38
0.7937387228012085, -0.3777451515197754, -0.2625613808631897, -3.062591724358721e+38
0.8070024251937866, -0.332559734582901, -0.2649204134941101, -3.0626963815922757e+38
0.7788130044937134, -0.10346095263957977, -0.23275382816791534, -3.2094834250794394e+38
0.775929868221283, -0.08039198815822601, -0.20694158971309662, nan
0.7496793270111084, -0.03548678755760193, -0.21426667273044586, -3.142658158861904e+38
0.7725818157196045, -0.058506935834884644, -0.20461846888065338, nan
0.7907538414001465, -0.01724943518638611, -0.2134445160627365, nan
0.8030073642730713, 0.0044218092225492, -0.2197319120168686, nan
0.8146228790283203, 0.027236193418502808, -0.2509058117866516, -3.1428662563844376e+38
0.8134770393371582, 0.05016080290079117, -0.2504745125770569, -3.04961118503648e+38
0.8177258968353271, 0.09702267497777939, -0.25388002395629883, -3.0898001711938275e+38
0.8327511548995972, 0.07499145716428757, -0.23590730130672455, nan
0.8278241157531738, 0.1466958075761795, -0.2613946199417114, -3.2230363340006955e+38
0.8222397565841675, 0.1206049770116806, -0.23164434731006622, nan
0.7862677574157715, 0.18161369860172272, -0.2398039847612381, -3.289862411514615e+38
0.8058334589004517, 0.1634446084499359, -0.22487346827983856, nan
0.7632771730422974, 0.21821783483028412, -0.22936265170574188, nan
0.7738915681838989, 0.19852447509765625, -0.2103341966867447, -3.31587399335901e+38
0.7604182958602905, 0.2395908683538437, -0.22938404977321625, nan
0.764542281627655, 0.2628796696662903, -0.21004049479961395, -3.2494643137142536e+38
0.7415181398391724, 0.2752300798892975, -0.22203122079372406, nan
0.7489785552024841, 0.27750420570373535, -0.20341382920742035, nan
0.7025623321533203, 0.31765297055244446, -0.20521916449069977, nan
0.7259376049041748, 0.3090646266937256, -0.19477567076683044, nan
0.7044012546539307, 0.3417953848838806, -0.2088649719953537, nan
0.7400524616241455, 0.3950744867324829, -0.2338499277830124, nan
0.7776755094528198, 0.45148053765296936, -0.23483394086360931, -3.1026237246657363e+38
0.7687392830848694, 0.4719638526439667, -0.23293448984622955, -2.91585416995099e+38
0.7544808387756348, 0.49063557386398315, -0.25331181287765503, nan
0.7594954967498779, 0.49199894070625305, -0.23095352947711945, -3.1827944107542823e+38
0.7965761423110962, -0.039320580661296844, -0.19300292432308197, -3.355958727930995e+38
0.8053306341171265, -0.039844296872615814, -0.1734684854745865, -3.3161877622355786e+38
0.8106223344802856, -0.01811675913631916, -0.19945089519023895, -3.3693031336815256e+38
0.8090529441833496, -0.017859172075986862, -0.17484524846076965, -3.3161877622355786e+38
0.8240329027175903, 0.02729141153395176, -0.20577101409435272, -3.2624438389160145e+38
0.8210763931274414, 0.04990662634372711, -0.1801386922597885, -3.2360174817952246e+38
0.8382716178894043, 0.09906846284866333, -0.21360532939434052, -2.9955549126090195e+38
0.8359007835388184, 0.09813804924488068, -0.1873106211423874, -2.9157509324861074e+38
0.8130044937133789, 0.14111287891864777, -0.20292513072490692, -3.089019298424087e+38
0.8296021223068237, 0.12064935266971588, -0.18516960740089417, -3.2759973563095587e+38
0.793700098991394, 0.18166111409664154, -0.19558541476726532, -3.3425632105082633e+38
0.8124727010726929, 0.16335956752300262, -0.17927931249141693, -2.435092102151793e+38
0.7696333527565002, 0.2179550975561142, -0.18634815514087677, -2.501865851048935e+38
0.7899845838546753, 0.2021290510892868, -0.1714654117822647, -3.289134678658036e+38
0.7660882472991943, 0.2389911562204361, -0.18604186177253723, -3.3292190075818288e+38
0.7683537006378174, 0.26153263449668884, -0.16582205891609192, -3.2493097617530738e+38
0.749579668045044, 0.29910939931869507, -0.18294404447078705, -2.928938960858594e+38
0.7557627558708191, 0.30107295513153076, -0.1633816510438919, -2.769015203495241e+38
0.7320862412452698, 0.3110955059528351, -0.17604908347129822, -3.302686573458812e+38
0.737786054611206, 0.3129690885543823, -0.15693779289722443, -3.2628099364093604e+38
0.7642908096313477, 0.409496545791626, -0.19960196316242218, -3.3827002736970256e+38
0.7536294460296631, 0.37262704968452454, -0.16830606758594513, -2.3819749052889817e+38
0.7686859369277954, 0.4404795467853546, -0.2046876698732376, -3.2759450276927812e+38
0.7636021375656128, 0.46100059151649475, -0.18046358227729797, -2.488729745645034e+38
0.7533130645751953, 0.47940197587013245, -0.17827323079109192, -2.9157503240138193e+38
0.8094788789749146, -0.15237179398536682, -0.13116788864135742, -3.075883598668378e+38
0.7718303203582764, -0.07798030227422714, -0.13788652420043945, -3.302842545188664e+38
0.7994681596755981, -0.1045227199792862, -0.12636426091194153, -3.3294790280729476e+38
0.7836849689483643, -0.03752096742391586, -0.14176397025585175, -3.3561686508703928e+38
0.7950190305709839, -0.05994226783514023, -0.12394574284553528, -2.328649408079541e+38
0.7625889778137207, 0.004948376212269068, -0.13331037759780884, -2.448749465482508e+38
0.7851192951202393, -0.016315074637532234, -0.12007951736450195, -3.3161358392669932e+38
0.7631217241287231, 0.02517383173108101, -0.13354383409023285, -3.1960361875122184e+38
0.7524112462997437, 0.044470518827438354, -0.10890382528305054, -3.2494134048661485e+38
0.8056342601776123, 0.0706561729311943, -0.1504252552986145, -2.595537523090152e+38
0.7985885143280029, 0.0913444384932518, -0.1253577321767807, -2.8224439381695643e+38
0.7879340648651123, 0.13346590101718903, -0.1450190246105194, -3.0890726411613445e+38
0.7926318645477295, 0.11210406571626663, -0.1237386018037796, -3.302686573458812e+38
0.7888532876968384, 0.15572859346866608, -0.14610210061073303, -2.4351961509130598e+38
0.7851158380508423, 0.17594441771507263, -0.12305046617984772, -3.3827002736970256e+38
0.7867752313613892, 0.19983920454978943, -0.14708712697029114, -3.3025831331698332e+38
0.7700228691101074, 0.21460197865962982, -0.11952470242977142, -2.3952146538059574e+38
0.7695645093917847, 0.23788435757160187, -0.14248649775981903, -3.2626004191181547e+38
0.7599311470985413, 0.2545379400253296, -0.11809681355953217, -3.3160833078261198e+38
0.7580916285514832, 0.2775951623916626, -0.14053766429424286, -2.662207223226027e+38
0.7560164332389832, 0.2980879545211792, -0.11925274133682251, -2.6890522092810363e+38
0.776174783706665, 0.33649954199790955, -0.15115390717983246, -3.249516033858743e+38
0.7676645517349243, 0.3557407259941101, -0.1494540274143219, -3.3026871819311e+38
0.7911345958709717, -0.1683664619922638, -0.10314629971981049, -3.3294277135766503e+38
0.7961680889129639, -0.16941852867603302, -0.0823231190443039, -3.3561165250777114e+38
0.793892502784729, -0.14688464999198914, -0.10328462719917297, -3.07588400431657e+38
0.8112362623214722, -0.12871965765953064, -0.08511963486671448, -2.755618266303837e+38
0.7846711874008179, -0.07941780984401703, -0.09893625974655151, -3.329531356689725e+38
0.811264157295227, -0.10614300519227982, -0.08466547727584839, -3.3828051337546765e+38
0.76126629114151, -0.03497377783060074, -0.09131550788879395, -3.3695130566209234e+38
0.7530618906021118, -0.05370698124170303, -0.06891341507434845, -2.382027031081663e+38
0.7670344114303589, 0.004950341768562794, -0.0928402692079544, -2.4620936684089424e+38
0.7640588283538818, 0.0050007617101073265, -0.07138107717037201, -2.4887824799100035e+38
0.7352573871612549, 0.043070077896118164, -0.0834045559167862, -3.2227245933650874e+38
0.7487421631813049, 0.024525277316570282, -0.06744390726089478, -3.28944662211774e+38
0.7329404950141907, 0.06177019327878952, -0.0828850120306015, -2.6088819288406824e+38
0.7341046333312988, 0.08063387125730515, -0.06412308663129807, -2.8891144496018238e+38
0.7388095855712891, 0.10097432136535645, -0.08525553345680237, -3.289446824941836e+38
0.7295632362365723, 0.11781367659568787, -0.06358875334262848, -3.089280738683878e+38
0.7474100589752197, 0.1425836980342865, -0.088804692029953, -2.395422548504395e+38
0.759111762046814, 0.16608202457427979, -0.07227258384227753, -3.356220168190786e+38
0.7695213556289673, 0.19162504374980927, -0.09688928723335266, -3.3027910278682706e+38
0.7705645561218262, 0.21310830116271973, -0.07659758627414703, -2.3686309051866433e+38
0.7610634565353394, 0.23178471624851227, -0.09597569704055786, -3.2360168733229365e+38
0.7594651579856873, 0.25224432349205017, -0.07525333762168884, -3.3027389020755892e+38
0.748296320438385, 0.2695976793766022, -0.09401433169841766, -2.635518614549062e+38
0.7443325519561768, 0.28864428400993347, -0.07305645942687988, -2.8223402950564897e+38
0.7627376914024353, 0.32459843158721924, -0.10103310644626617, -3.3294277135766503e+38
0.7570082545280457, 0.34359803795814514, -0.0787801444530487, -3.1560025646124347e+38
0.7798218727111816, -0.20745864510536194, -0.05778124928474426, -2.9824731640628562e+38
0.7830843925476074, -0.2082749456167221, -0.036904238164424896, -2.9557847582099872e+38
0.8005130290985107, -0.17032629251480103, -0.06115307658910751, -3.3561165250777114e+38
0.8041428327560425, -0.17108431458473206, -0.03968585282564163, -3.3428242451198623e+38
0.8035745620727539, -0.14868596196174622, -0.06131052225828171, -3.1826392503208144e+38
0.8073256015777588, -0.1493835300207138, -0.03983171284198761, -3.1293137531113736e+38
0.750718891620636, -0.07280059903860092, -0.048683084547519684, -3.3428757624402555e+38
0.7897448539733887, -0.10076310485601425, -0.03606536239385605, -3.382857462371454e+38
0.7341590523719788, -0.05095815658569336, -0.04487084597349167, -2.3686826253311326e+38
0.7353973388671875, -0.032133668661117554, -0.025985807180404663, nan
0.7504520416259766, -0.014223406091332436, -0.048138298094272614, -3.356169056518585e+38
0.7464556097984314, -0.013951743021607399, -0.027835913002490997, -3.3962018681219844e+38
0.7372758388519287, 0.04297725856304169, -0.04533176124095917, -3.3027910278682706e+38
0.7417643070220947, 0.02422240376472473, -0.026993587613105774, -3.3161358392669932e+38
0.7241019010543823, 0.0788484513759613, -0.04278780519962311, -2.8891144496018238e+38
0.7313281297683716, 0.06107346713542938, -0.025331705808639526, -2.648915551740466e+38
0.7189998626708984, 0.09641847759485245, -0.04191512614488602, -3.3161358392669932e+38
0.7193883657455444, 0.1150231882929802, -0.04229070246219635, -3.0225591155794173e+38
0.7288919687271118, 0.13606417179107666, -0.025773704051971436, -2.4888867314953663e+38
0.7419315576553345, 0.15957176685333252, -0.02842319756746292, -3.3562729024557556e+38
0.7693127393722534, 0.19023488461971283, -0.05454089492559433, -3.3161360420910893e+38
0.7746133208274841, 0.21410170197486877, -0.05630087852478027, -2.3552867022602088e+38
0.7631576657295227, 0.25329405069351196, -0.055105820298194885, -3.342772119327181e+38
0.7825576066970825, 0.2393813282251358, -0.03708560764789581, -3.262757810616679e+38
0.7380813360214233, 0.2839714288711548, -0.051007241010665894, -2.902406729559673e+38
0.7587566375732422, 0.27274009585380554, -0.033980004489421844, -2.7289815805954573e+38
0.7485034465789795, 0.31309640407562256, -0.05428173393011093, -3.3027910278682706e+38
0.7599191069602966, -0.24158050119876862, -0.013145841658115387, -3.2094846420240156e+38
0.7524547576904297, -0.2594496011734009, 0.007844418287277222, -2.7556703920965183e+38
0.7680412530899048, -0.2233535796403885, -0.01381324976682663, -3.342928699529321e+38
0.7875955104827881, -0.2094026803970337, 0.005438446998596191, -2.982576807175931e+38
0.7916065454483032, -0.18875326216220856, -0.016232207417488098, -2.969180884105007e+38
0.7936147451400757, -0.18921543657779694, 0.005142204463481903, -2.9425435899243392e+38
0.7822870016098022, -0.12008216232061386, -0.01404271274805069, -2.7823592035975794e+38
0.7725213766098022, -0.13830457627773285, 0.007574450224637985, -3.142658564510096e+38
0.7265375852584839, -0.06816171109676361, -0.0061707086861133575, -3.3962018681219844e+38
0.7277814745903015, -0.08693373203277588, 0.012056984007358551, -3.3829091825159432e+38
0.7259300947189331, -0.04956008493900299, -0.0059600770473480225, -2.4354046540837853e+38
0.733036994934082, -0.03175806999206543, 0.011841949075460434, nan
0.741865873336792, -0.013664709404110909, -0.00792822614312172, -3.382857462371454e+38
0.7439724206924438, -0.013734880834817886, 0.010877225548028946, -3.3962022737701765e+38
0.7394751310348511, 0.024098819121718407, 0.011303562670946121, -3.3294802450175238e+38
0.7385823726654053, 0.042857058346271515, 0.011355236172676086, -3.3294802450175238e+38
0.7302790880203247, 0.07946368306875229, -0.006601832807064056, -2.915803666751077e+38
0.7361811399459839, 0.061428993940353394, 0.011521749198436737, -2.7022931747425882e+38
0.739782452583313, 0.11935831606388092, -0.008211206644773483, -3.062592332831009e+38
0.73404860496521, 0.09880091995000839, 0.011536426842212677, -3.356169056518585e+38
0.778506338596344, 0.17106416821479797, -0.013943016529083252, -3.3962020709460805e+38
0.7648831009864807, 0.1456601470708847, 0.0083799809217453, -2.5421599000880297e+38
0.7967506647109985, 0.19910360872745514, 0.0049733854830265045, -3.356220168190786e+38
0.8028594255447388, 0.2243531197309494, 0.004133928567171097, -2.382026828257567e+38
0.7851837873458862, 0.24007819592952728, -0.015958495438098907, -3.28944662211774e+38
0.7871215343475342, 0.2405921071767807, 0.005336567759513855, -3.3294798393693317e+38
0.7428773641586304, 0.28547030687332153, -0.011511124670505524, -2.915803261102885e+38
0.7627696990966797, 0.2739415168762207, 0.007022112607955933, -2.7289817834195533e+38
0.733478307723999, 0.3019219934940338, -0.010721765458583832, -3.3428242451198623e+38
0.744398832321167, 0.3315613269805908, 0.007662694901227951, -3.2361730478768846e+38
0.7534471750259399, -0.25974053144454956, 0.028152791783213615, -2.769014797847049e+38
0.7523720264434814, -0.23697684705257416, 0.028398288413882256, -3.236068999115618e+38
0.7709494829177856, -0.22413112223148346, 0.02758544124662876, -3.3962018681219844e+38
0.7714362144470215, -0.22426120936870575, 0.048394203186035156, nan
0.7997593879699707, -0.16871333122253418, 0.026522232219576836, -3.38285766519555e+38
0.79544997215271, -0.1896377056837082, 0.04820439964532852, -2.969180681280911e+38
0.7423592805862427, -0.1094302237033844, 0.02971396967768669, -2.7557219094169116e+38
0.7652612924575806, -0.1359071135520935, 0.0485687330365181, -3.195984061719537e+38
0.7226680517196655, -0.06728300452232361, 0.03086971677839756, nan
0.7223235964775085, -0.08561387658119202, 0.049046970903873444, nan
0.7292079925537109, -0.049842000007629395, 0.030583862215280533, -2.4620938712330385e+38
0.7349065542221069, -0.03186985105276108, 0.048947811126708984, nan
0.7401816844940186, 0.005298605188727379, 0.030093040317296982, -2.5555047114867523e+38
0.7459008097648621, -0.013799123466014862, 0.04884019494056702, -3.396254196738762e+38
0.7413934469223022, 0.024137241765856743, 0.04888760298490524, -3.3428244479439583e+38
0.7404921054840088, 0.04294624924659729, 0.048893414437770844, -3.356168853694489e+38
0.733604907989502, 0.07979489862918854, 0.03033505380153656, -2.9825256955037297e+38
0.7380699515342712, 0.06156736612319946, 0.04891207814216614, -2.7022929719184922e+38
0.7431800365447998, 0.10045592486858368, 0.04883918538689613, -3.382858070843742e+38
0.7591923475265503, 0.12362922728061676, 0.04865962266921997, -3.115969753009035e+38
0.7747901082038879, 0.14829176664352417, 0.027990441769361496, -2.5688487115890907e+38
0.8015866279602051, 0.17800956964492798, 0.048180364072322845, nan
0.7980961799621582, 0.1994038075208664, 0.026542339473962784, -3.382908979691847e+38
0.8047475814819336, 0.2248154878616333, 0.04809194058179855, -2.3686822196829405e+38
0.7883598804473877, 0.24092042446136475, 0.026748819276690483, -3.2894981394381334e+38
0.7888917922973633, 0.24106144905090332, 0.04822650924324989, -3.3428757624402555e+38
0.7454376816749573, 0.2862682342529297, 0.028484735637903214, -2.9291991841738087e+38
0.7643237113952637, 0.2744061052799225, 0.04841559752821922, -2.7557215037687196e+38
0.7358565330505371, 0.3026827573776245, 0.028796406462788582, -3.356220168190786e+38
0.7355719804763794, 0.32498836517333984, 0.0486002154648304, -3.2626537618554123e+38
0.7530215978622437, -0.25961577892303467, 0.08920963853597641, -2.755618266303837e+38
0.7519253492355347, -0.23685094714164734, 0.08886443078517914, -3.2893944963250587e+38
0.7891696691513062, -0.20979590713977814, 0.06968264281749725, -2.9824731640628562e+38
0.770463228225708, -0.2240011990070343, 0.0900001972913742, nan
0.7952660322189331, -0.18959538638591766, 0.06978341937065125, -2.9825256955037297e+38
0.7888427972793579, -0.16503587365150452, 0.09072883427143097, nan
0.7650775909423828, -0.1358729898929596, 0.06869032233953476, -3.1959321387509516e+38
0.7340117692947388, -0.10732491314411163, 0.08645099401473999, -2.862216932105941e+38
0.7221486568450928, -0.08558988571166992, 0.06725571304559708, nan
0.722134530544281, -0.06722334027290344, 0.08539785444736481, nan
0.7347190380096436, -0.031858645379543304, 0.06755289435386658, nan
0.7286590337753296, -0.04979478567838669, 0.08579720556735992, -2.4888863258471742e+38
0.7457073926925659, -0.013792682439088821, 0.06787562370300293, nan
0.7447421550750732, -0.013760531321167946, 0.08686475455760956, nan
0.7412010431289673, 0.024133386090397835, 0.06773340702056885, -3.3428242451198623e+38
0.7403005361557007, 0.042937301099300385, 0.06771600246429443, -3.3561686508703928e+38
0.7378804683685303, 0.06155349314212799, 0.06766006350517273, -2.7289815805954573e+38
0.7330479025840759, 0.07973942905664444, 0.08614508807659149, -2.9825252898555376e+38
0.7510982751846313, 0.12172606587409973, 0.06817299127578735, -3.1026253472585046e+38
0.734783411026001, 0.0988931953907013, 0.08635014295578003, -3.3962024765942725e+38
0.7656406760215759, 0.14579346776008606, 0.08880573511123657, -2.6356222576621367e+38
0.7906992435455322, 0.1746455878019333, 0.09077806770801544, nan
0.7942303419113159, 0.2205405831336975, 0.06979545950889587, -2.382027233905759e+38
0.7877086400985718, 0.19568708539009094, 0.09073743969202042, nan
0.7820239067077637, 0.2608170211315155, 0.0696096271276474, nan
0.7878285646438599, 0.24077960848808289, 0.09116880595684052, -3.356220168190786e+38
0.7641680240631104, 0.2743595838546753, 0.06915059685707092, -2.742377503666381e+38
0.7450098991394043, 0.2861349880695343, 0.08874449133872986, -2.942492681076234e+38
0.7354474067687988, 0.32494834065437317, 0.06859757006168365, -3.3025831331698332e+38
0.7354594469070435, 0.3025558888912201, 0.08831004798412323, -3.356169056518585e+38
0.7517471313476562, -0.25924205780029297, 0.10948042571544647, -2.7823592035975794e+38
0.7867237329483032, -0.20918484032154083, 0.1124057024717331, -3.009266024325184e+38
0.7927005290985107, -0.189005047082901, 0.11276368051767349, -3.0359029128576598e+38
0.7625170946121216, -0.13539735972881317, 0.10875073820352554, -3.1693469703629652e+38
0.7379138469696045, -0.10871060192584991, 0.12482637912034988, -2.8090480150986405e+38
0.7197109460830688, -0.08525551855564117, 0.1034957617521286, nan
0.718252420425415, -0.0667891725897789, 0.12135516852140427, nan
0.7393329739570618, -0.03236900269985199, 0.10538434982299805, nan
0.724665641784668, -0.04945133626461029, 0.122197724878788, -2.5555043058385602e+38
0.7451766729354858, 0.0052393232472240925, 0.1059674322605133, -2.6355707403417435e+38
0.7405333518981934, -0.013620324432849884, 0.12446098029613495, nan
0.7385207414627075, 0.02407969906926155, 0.1052255928516388, -3.396149742329303e+38
0.7376322746276855, 0.04281267523765564, 0.10516279935836792, nan
0.7352413535118103, 0.06136015057563782, 0.10496017336845398, -2.7823592035975794e+38
0.728996217250824, 0.07933590561151505, 0.12293592840433121, -2.996129918921283e+38
0.748481273651123, 0.1213306337594986, 0.10684510320425034, -3.1293141587595656e+38
0.7307651042938232, 0.09838853776454926, 0.12338045239448547, nan
0.7724790573120117, 0.14788506925106049, 0.10977542400360107, -2.6756554749137284e+38
0.7986116409301758, 0.17741453647613525, 0.11300518363714218, nan
0.8019188642501831, 0.2241227924823761, 0.11399363726377487, -2.4620936684089424e+38
0.7862393856048584, 0.24035821855068207, 0.11252887547016144, -3.3561686508703928e+38
0.7839559316635132, 0.23975242674350739, 0.1337462216615677, -3.382857462371454e+38
0.7619948983192444, 0.2737097442150116, 0.11047860980033875, -2.79570360934811e+38
0.7289960384368896, -0.0876900777220726, 0.14198626577854156, nan
0.7337270975112915, -0.032033808529376984, 0.14233806729316711, nan
0.7373228669166565, -0.013513373211026192, 0.14295081794261932, nan
0.7328610420227051, 0.023966334760189056, 0.1420535147190094, -3.3296881397159612e+38
0.7319976091384888, 0.042549505829811096, 0.14194869995117188, nan
0.7296674251556396, 0.060951799154281616, 0.14160768687725067, -2.782723475674061e+38
0.7276982665061951, 0.0980033352971077, 0.14160338044166565, -3.3965146228780727e+38
0.7281650304794312, 0.11696600914001465, 0.14196327328681946, -3.1829000821083173e+38
