0.35299432277679443, -0.06298112869262695, -0.29706549644470215, -2.4349906901037748e+38
0.35748153924942017, -0.06415828317403793, -0.2954866290092468, -2.4348345155498267e+38
0.3542652726173401, -0.05641759932041168, -0.30002886056900024, -2.4083018786027137e+38
0.36006656289100647, -0.05068839341402054, -0.3013352155685425, -2.3951655703747166e+38
0.3575003743171692, -0.04352457821369171, -0.3099980354309082, -2.421750333114511e+38
0.36327770352363586, -0.037222810089588165, -0.31096023321151733, -2.3151514644883108e+38
0.3648616373538971, -0.031970806419849396, -0.34012627601623535, -2.4350947388650415e+38
0.3672199249267578, -0.0233293566852808, -0.3247864246368408, -2.4483870188228907e+38
0.36747607588768005, -0.016581792384386063, -0.34921663999557495, -2.5149524673734032e+38
0.36786606907844543, -0.015593674033880234, -0.3263678550720215, -2.4883159844891195e+38
0.37090009450912476, -0.0005819173529744148, -0.3633282780647278, -2.4617831447179105e+38
0.37267863750457764, 0.007932725362479687, -0.34538733959198, -2.4085614934456404e+38
0.3739110827445984, 0.01655660569667816, -0.3769492506980896, -2.4218543818757777e+38
0.37671172618865967, 0.025120120495557785, -0.36328285932540894, -2.4348345155498267e+38
0.3750048279762268, 0.03439587354660034, -0.3833075165748596, -2.448126795507676e+38
0.3789394795894623, 0.043302714824676514, -0.3748946785926819, -2.474815607008737e+38
0.3733629584312439, 0.06069668382406235, -0.38062793016433716, -2.4482310470930386e+38
0.37692922353744507, 0.051477156579494476, -0.367720365524292, -2.501504418509798e+38
0.36170095205307007, 0.07051997631788254, -0.33099454641342163, -2.395061724437546e+38
0.3676666021347046, 0.0638393983244896, -0.331251859664917, -2.4084059273639804e+38
0.3546065390110016, 0.08063270896673203, -0.30318570137023926, -2.4083020814268097e+38
0.36134210228919983, 0.07563466578722, -0.3083282709121704, -2.394957472852183e+38
0.3504577577114105, 0.09198330342769623, -0.2900320887565613, -2.4748679356255143e+38
0.3570570945739746, 0.0877089872956276, -0.29518675804138184, -2.421594158560563e+38
0.3599454164505005, -0.07945062965154648, -0.2914239168167114, -2.368268661351122e+38
0.3637681007385254, -0.0884653702378273, -0.29009997844696045, -2.381821164624186e+38
0.36101245880126953, -0.06439066678285599, -0.2893228530883789, -2.4615233270508877e+38
0.3656405806541443, -0.06560291349887848, -0.2875351905822754, -2.4348345155498267e+38
0.36349570751190186, -0.05861835181713104, -0.29691004753112793, -2.4083018786027137e+38
0.3696610629558563, -0.052741363644599915, -0.2981320023536682, -2.4218022560830963e+38
0.3660017251968384, -0.044628873467445374, -0.3024296760559082, -2.3952698219600794e+38
0.37326931953430176, -0.03886087238788605, -0.3079705834388733, -2.381925416209549e+38
0.37034693360328674, -0.03112454153597355, -0.3165209889411926, -2.395217696167398e+38
0.3764019310474396, -0.02404957078397274, -0.3169395923614502, -2.421906507668459e+38
0.37117499113082886, -0.007620630785822868, -0.31643354892730713, -2.4617835503661026e+38
0.37585359811782837, -0.01581135019659996, -0.3137156367301941, -2.461835473334688e+38
0.3715575933456421, 0.0001839352771639824, -0.31744784116744995, -2.4350947388650415e+38
0.37582606077194214, 0.008023491129279137, -0.31205713748931885, -2.39506152161345e+38
0.3756095767021179, 0.01614776998758316, -0.3337084650993347, -2.4218543818757777e+38
0.37838032841682434, 0.02422167733311653, -0.32225823402404785, -2.4481789213003572e+38
0.3793356120586395, 0.03348831087350845, -0.34997159242630005, -2.50134824395585e+38
0.38177359104156494, 0.041666530072689056, -0.33695363998413086, -2.4614712012582064e+38
0.3763091266155243, 0.05812399834394455, -0.3418535590171814, -2.4085621019179285e+38
0.3798392415046692, 0.04948430508375168, -0.3308522701263428, -2.435042815896456e+38
0.3707037568092346, 0.07178393751382828, -0.3230826258659363, -2.4084059273639804e+38
0.37694182991981506, 0.06499320268630981, -0.3232051730155945, -2.4218024589071923e+38
0.3629198372364044, 0.08211950212717056, -0.29590219259262085, -2.4083018786027137e+38
0.3689059317111969, 0.07621461898088455, -0.2963915467262268, -2.3817171158629193e+38
0.3593146800994873, 0.09468194097280502, -0.2869294285774231, -2.421490109799296e+38
0.36531955003738403, 0.08933950215578079, -0.28774428367614746, -2.394957472852183e+38
0.3623543381690979, 0.10263922810554504, -0.28244417905807495, -2.421594158560563e+38
0.36720553040504456, -0.0886547639966011, -0.28331536054611206, -2.3551844789158064e+38
0.3718397319316864, -0.09017589688301086, -0.28094977140426636, -2.3285479960315227e+38
0.3703692853450775, -0.06684060394763947, -0.2856231927871704, -2.4081457040487656e+38
0.37519899010658264, -0.06810376793146133, -0.2835797667503357, -2.394801298298235e+38
0.3781384825706482, -0.062104642391204834, -0.29133307933807373, -2.394957472852183e+38
0.3797023892402649, -0.05488806217908859, -0.2944360375404358, -2.39506152161345e+38
0.38245683908462524, -0.048245057463645935, -0.30189579725265503, -2.3818732904168674e+38
0.38374775648117065, -0.04057793319225311, -0.30449187755584717, -2.3952698219600794e+38
0.3804325759410858, -0.024198563769459724, -0.31051427125930786, -2.4085621019179285e+38
0.38627710938453674, -0.03332787752151489, -0.3115922212600708, -2.3551844789158064e+38
0.38047727942466736, -0.00802057795226574, -0.3088141679763794, -2.39506152161345e+38
0.3866632580757141, -0.01674349047243595, -0.3105231523513794, -2.3684767588736555e+38
0.3796244263648987, 8.720904588699341e-05, -0.3052436113357544, -2.3817171158629193e+38
0.3853038549423218, 0.00797722302377224, -0.30443429946899414, -2.421750333114511e+38
0.3812103867530823, 0.0241071917116642, -0.3111712336540222, -2.3950093958207685e+38
0.38676735758781433, 0.016153912991285324, -0.3094799518585205, -2.36842483590507e+38
0.38098013401031494, 0.03215721249580383, -0.31098657846450806, -2.421594158560563e+38
0.38645797967910767, 0.032559528946876526, -0.30940306186676025, -2.3951136474061313e+38
0.3805965185165405, 0.05662012845277786, -0.31328004598617554, -2.368528884666337e+38
0.3882172703742981, 0.049840040504932404, -0.31754130125045776, -2.3817171158629193e+38
0.377419650554657, 0.07150888442993164, -0.30553245544433594, -2.3551844789158064e+38
0.38511285185813904, 0.0654827430844307, -0.3101201057434082, -2.3284956674147453e+38
0.37146323919296265, 0.08367885649204254, -0.2883453965187073, -2.368424633080974e+38
0.3789442181587219, 0.07852485775947571, -0.2929399013519287, -2.3551844789158064e+38
0.3685697317123413, 0.09749728441238403, -0.28335756063461304, -2.4083018786027137e+38
0.37334808707237244, 0.09894894808530807, -0.281377911567688, -2.39506152161345e+38
0.3641912639141083, 0.10939241200685501, -0.27349138259887695, -2.4214379840066147e+38
0.37163257598876953, 0.10567737370729446, -0.27845674753189087, -2.4082497528100323e+38
0.3859744668006897, -0.10738278925418854, -0.2944297194480896, -2.3551844789158064e+38
0.3787496089935303, -0.0852234959602356, -0.28259730339050293, -2.368372912936485e+38
0.3827265799045563, -0.09468457847833633, -0.2802056074142456, -2.3551844789158064e+38
0.3814372420310974, -0.0704290121793747, -0.2857712507247925, -2.3550283043618582e+38
0.38587668538093567, -0.07991090416908264, -0.28406548500061035, -2.3817173186870154e+38
0.38323506712913513, -0.06331663578748703, -0.2892048954963684, -2.3817171158629193e+38
0.3862758278846741, -0.05686705559492111, -0.2969455122947693, -2.39506152161345e+38
0.38917315006256104, -0.041466645896434784, -0.3025493025779724, -2.381925416209549e+38
0.39478135108947754, -0.05109217017889023, -0.3024199604988098, -2.3950611159652578e+38
0.3918456733226776, -0.034097820520401, -0.30968213081359863, -2.341840073165276e+38
0.39754578471183777, -0.03488580882549286, -0.30762404203414917, -2.3284956674147453e+38
0.3900693655014038, -0.008441764861345291, -0.30089205503463745, -2.39506152161345e+38
0.39801257848739624, -0.017722049728035927, -0.30678683519363403, -2.3682169412066327e+38
0.39055323600769043, -0.00027692876756191254, -0.3019822835922241, -2.4084059273639804e+38
0.3965442478656769, 0.007902213372290134, -0.30092859268188477, -2.368424024608686e+38
0.39232879877090454, 0.02462705597281456, -0.30789685249328613, -2.368528884666337e+38
0.3981694281101227, 0.016382357105612755, -0.30593860149383545, -2.381665192894334e+38
0.3963380455970764, 0.0330987349152565, -0.30128026008605957, -2.4216982073218296e+38
0.3988824784755707, 0.042264439165592194, -0.3099125027656555, -2.4216982073218296e+38
0.3997620940208435, 0.051300205290317535, -0.3137543797492981, -2.3683205843197074e+38
0.39888736605644226, 0.05982322245836258, -0.312492311000824, -2.39506152161345e+38
0.3906429708003998, 0.06647148728370667, -0.308235764503479, -2.3284956674147453e+38
0.3950742185115814, 0.07565546035766602, -0.3043280839920044, -2.408353801571299e+38
0.3894495666027069, 0.0809403732419014, -0.28894054889678955, -2.4348345155498267e+38
0.3879428207874298, 0.08850325644016266, -0.28658074140548706, -2.421490109799296e+38
0.3799118399620056, 0.09342148154973984, -0.28202593326568604, -2.4216462843532442e+38
0.38447797298431396, 0.10307221859693527, -0.28106391429901123, -2.3817692416556007e+38
0.37641477584838867, 0.10724075883626938, -0.27625584602355957, -2.39506152161345e+38
0.3792515695095062, 0.11550679802894592, -0.2705935835838318, -2.3817171158629193e+38
0.39106300473213196, -0.1091492548584938, -0.2913057804107666, -2.39506152161345e+38
0.4000529646873474, -0.12516075372695923, -0.30313581228256226, -2.3816130671016526e+38
0.38914722204208374, -0.09775251895189285, -0.2818560004234314, -2.3817171158629193e+38
0.39582955837249756, -0.10093000531196594, -0.2833760380744934, -2.3817171158629193e+38
0.3932132422924042, -0.07421694695949554, -0.2853218913078308, -2.3550285071859543e+38
0.39942997694015503, -0.08538366854190826, -0.287661612033844, -2.368372912936485e+38
0.4040234684944153, -0.07023978978395462, -0.295551598072052, -2.3550283043618582e+38
0.4060707092285156, -0.062288857996463776, -0.29908210039138794, -2.3683727101123888e+38
0.40200483798980713, -0.04401513934135437, -0.3029000163078308, -2.341840073165276e+38
0.4079369008541107, -0.054108910262584686, -0.3023150563240051, -2.3817167102147273e+38
0.40337830781936646, -0.03569196164608002, -0.30540841817855835, -2.301755135769195e+38
0.40934377908706665, -0.03651634603738785, -0.30302542448043823, -2.301755541417387e+38
0.40148261189460754, -0.00912482663989067, -0.29702210426330566, -2.3815611441330673e+38
0.40823426842689514, -0.01837651990354061, -0.2978324890136719, -2.3147880037082133e+38
0.4020305871963501, -0.0006593344733119011, -0.29815852642059326, -2.4083014729545216e+38
0.407978355884552, -0.0008575022220611572, -0.2960120439529419, -2.394957472852183e+38
0.40250927209854126, 0.016418395563960075, -0.299410879611969, -2.368528884666337e+38
0.40680861473083496, 0.025069620460271835, -0.2930009365081787, -2.3284956674147453e+38
0.4065203070640564, 0.0336647629737854, -0.29276585578918457, -2.3551844789158064e+38
0.4092388153076172, 0.043039754033088684, -0.30102652311325073, -2.3417881501966905e+38
0.4048176407814026, 0.06072874367237091, -0.31032347679138184, -2.3551844789158064e+38
0.4108855128288269, 0.06165508180856705, -0.30798548460006714, -2.3151512616642147e+38
0.40236955881118774, 0.0776960700750351, -0.30671775341033936, -2.3683207871438034e+38
0.41140827536582947, 0.07115355134010315, -0.3110562562942505, -2.3150991358715333e+38
0.3993076980113983, 0.0849708542227745, -0.2998339533805847, -2.421490109799296e+38
0.4066958427429199, 0.08728652447462082, -0.3019179701805115, -2.421490109799296e+38
0.39731869101524353, 0.101884625852108, -0.2989805340766907, -2.3816130671016526e+38
0.4079320430755615, 0.10724247246980667, -0.3104938864707947, -2.3683207871438034e+38
0.3916904628276825, 0.1155855804681778, -0.28800034523010254, -2.3150993386956294e+38
0.3946091830730438, 0.12447279691696167, -0.28149306774139404, -2.341840073165276e+38
0.38307985663414, 0.1250966191291809, -0.2682803273200989, -2.341840073165276e+38
0.3880484104156494, 0.13636565208435059, -0.2693343758583069, -2.288514575955835e+38
0.4038422405719757, -0.13594169914722443, -0.2989053726196289, -2.3817171158629193e+38
0.40543675422668457, -0.1271238923072815, -0.29932552576065063, -2.3817171158629193e+38
0.4108879566192627, -0.12910610437393188, -0.2953054904937744, -2.3817171158629193e+38
0.40393081307411194, -0.0956110954284668, -0.2847866415977478, -2.381665192894334e+38
0.4112393260002136, -0.09878668189048767, -0.2860809564590454, -2.368268661351122e+38
0.4109835624694824, -0.08190341293811798, -0.298322856426239, -2.368372912936485e+38
0.4199988842010498, -0.09569341689348221, -0.30575764179229736, -2.394957472852183e+38
0.41375696659088135, -0.06455115228891373, -0.3010827898979187, -2.39506152161345e+38
0.41983187198638916, -0.06584625691175461, -0.2980508804321289, -2.3551844789158064e+38
0.4139254093170166, -0.05523904412984848, -0.2995907664299011, -2.3950611159652578e+38
0.4200369715690613, -0.05639193207025528, -0.2966747283935547, -2.3818732904168674e+38
0.4149790406227112, -0.028080081567168236, -0.2980809211730957, -2.3416329897632225e+38
0.42167341709136963, -0.03821970522403717, -0.29771506786346436, -2.368372912936485e+38
0.41431325674057007, -0.018900517374277115, -0.2954294681549072, -2.3681656267103355e+38
0.4205296039581299, -0.019436318427324295, -0.2928429841995239, -2.3682696754716022e+38
0.41276898980140686, 0.007810498587787151, -0.29015403985977173, -2.408353801571299e+38
0.4202955961227417, -0.001267882063984871, -0.29119765758514404, -2.3683213956160915e+38
0.4128507077693939, 0.025352122262120247, -0.29072582721710205, -2.3815609413089712e+38
0.419111430644989, 0.016701385378837585, -0.2881699800491333, -2.4347827954053373e+38
0.41871052980422974, 0.034559909254312515, -0.2880057692527771, -2.4347825925812413e+38
0.41988903284072876, 0.04385094344615936, -0.2916795015335083, -2.4347823897571453e+38
0.4146050214767456, 0.05250914394855499, -0.297659695148468, -2.4081457040487656e+38
0.42343443632125854, 0.06357023119926453, -0.3027583956718445, -2.421490109799296e+38
0.4143441319465637, 0.08014173805713654, -0.30163389444351196, -2.3816130671016526e+38
0.4220940172672272, 0.07256914675235748, -0.30095845460891724, -2.3817167102147273e+38
0.41425490379333496, 0.0992850810289383, -0.30582964420318604, -2.381509018340386e+38
0.422441691160202, 0.09218741953372955, -0.30567634105682373, -2.3817171158629193e+38
0.4238748550415039, 0.11339108645915985, -0.3142799139022827, -2.3550285071859543e+38
0.4232991337776184, 0.12345252931118011, -0.31572413444519043, -2.368372912936485e+38
0.4205082058906555, 0.13176219165325165, -0.31168651580810547, -2.381821367448282e+38
0.4175451993942261, 0.13976168632507324, -0.3073733448982239, -2.3684767588736555e+38
0.3987264037132263, 0.13484513759613037, -0.27861493825912476, -2.341840073165276e+38
0.4010157287120819, 0.14357657730579376, -0.27080023288726807, -2.3550283043618582e+38
0.3979048430919647, 0.15004891157150269, -0.2662131190299988, -2.328339492860797e+38
0.4291502833366394, -0.15199096500873566, -0.30776453018188477, -2.4083018786027137e+38
0.42227599024772644, -0.12610383331775665, -0.3021802306175232, -2.39506152161345e+38
0.4281430244445801, -0.1281200796365738, -0.29775816202163696, -2.3683727101123888e+38
0.4228935241699219, -0.10534687340259552, -0.2971487045288086, -2.3550804301545396e+38
0.4310910701751709, -0.1089019849896431, -0.29825282096862793, -2.3551844789158064e+38
0.43355250358581543, -0.09210747480392456, -0.3174735903739929, -2.3950095986448645e+38
0.4392108917236328, -0.1041412279009819, -0.31418848037719727, -2.341840073165276e+38
0.43190011382102966, -0.08054354041814804, -0.3110213875770569, -2.3683727101123888e+38
0.43841850757598877, -0.08208779245615005, -0.3072846531867981, -2.39506152161345e+38
0.4282747507095337, -0.058493323624134064, -0.29831403493881226, -2.3284956674147453e+38
0.4282694458961487, -0.04877237230539322, -0.2966834306716919, -2.3284956674147453e+38
0.4280361533164978, -0.03909846395254135, -0.2947654128074646, -2.3550285071859543e+38
0.4361191987991333, -0.030758632346987724, -0.2940472960472107, -2.3817173186870154e+38
0.42784857749938965, -0.01085563376545906, -0.2916768789291382, -2.354976989865561e+38
0.4353801906108856, -0.02094305120408535, -0.2915341854095459, -2.354976989865561e+38
0.4271050691604614, 0.0076982732862234116, -0.289359450340271, -2.3282364582200106e+38
0.4351477026939392, -0.0018476704135537148, -0.2899829149246216, -2.3149441782621614e+38
0.4271959662437439, 0.026138538494706154, -0.28991997241973877, -2.408042263759787e+38
0.4358060956001282, 0.017136408016085625, -0.29132574796676636, -2.341424283768401e+38
0.42810648679733276, 0.044926464557647705, -0.29333609342575073, -2.354715955253962e+38
0.4346751570701599, 0.04558318853378296, -0.2903707027435303, -2.341423675296113e+38
0.4357295036315918, 0.055508650839328766, -0.29370272159576416, -2.3547680810466434e+38
0.4365295171737671, 0.06556784361600876, -0.296718955039978, -2.3282352412754344e+38
0.4284936189651489, 0.07371127605438232, -0.2979918122291565, -2.3416834929631356e+38
0.4350234568119049, 0.07487628608942032, -0.29480957984924316, -2.3416834929631356e+38
0.4327439069747925, 0.10628245025873184, -0.31424832344055176, -2.3550283043618582e+38
0.4373959004878998, 0.09628423303365707, -0.30386316776275635, -2.3149950871102666e+38
0.4317387342453003, 0.12699776887893677, -0.3173077702522278, -2.301650884183832e+38
0.4405287802219391, 0.13067501783370972, -0.3186952471733093, -2.2883064784333016e+38
0.4287433624267578, 0.13551615178585052, -0.31310397386550903, -2.3416838986113277e+38
0.4317135512828827, 0.14582528173923492, -0.3044847846031189, -2.248169009596347e+38
0.4164075255393982, 0.1457616090774536, -0.2892554998397827, -2.3550283043618582e+38
0.4167464077472687, 0.1531435251235962, -0.2758573293685913, -2.3282354440995304e+38
0.41138583421707153, 0.15794481337070465, -0.2665790319442749, -2.368268661351122e+38
0.4471842646598816, -0.1888670027256012, -0.3196161985397339, -2.3549242556005915e+38
0.43533527851104736, -0.16672375798225403, -0.3075312376022339, -2.368112486797174e+38
0.44629597663879395, -0.16200177371501923, -0.30892688035964966, -2.3682167383825367e+38
0.43646255135536194, -0.13232633471488953, -0.2984704375267029, -2.38150881551629e+38
0.4425429105758667, -0.13440541923046112, -0.2934797406196594, -2.3814568925477045e+38
0.44204944372177124, -0.11445363610982895, -0.30452167987823486, -2.328443541622064e+38
0.4510878920555115, -0.11835766583681107, -0.30527758598327637, -2.3280794723696783e+38
0.44832611083984375, -0.10778193920850754, -0.31545013189315796, -2.341840073165276e+38
0.45188599824905396, -0.0987919270992279, -0.32053810358047485, -2.341840073165276e+38
0.4525585174560547, -0.08791990578174591, -0.31955426931381226, -2.3817171158629193e+38
0.4574354290962219, -0.07724481076002121, -0.30859822034835815, -2.421334138069444e+38
0.4481850564479828, -0.06398369371891022, -0.3061138391494751, -2.341579849850061e+38
0.46021729707717896, -0.056493863463401794, -0.3107864260673523, -2.314891038349e+38
0.44728100299835205, -0.0326458215713501, -0.3001096248626709, -2.3550285071859543e+38
0.4598553776741028, -0.045533061027526855, -0.30868715047836304, -2.3282362553959146e+38
0.44644802808761597, -0.022368790581822395, -0.2974770665168762, -2.381665801366622e+38
0.45235273241996765, -0.012640051543712616, -0.291032075881958, -2.3415287381778598e+38
0.44238024950027466, 0.007579357363283634, -0.28771263360977173, -2.3282364582200106e+38
0.45095294713974, -0.0024614213034510612, -0.28784334659576416, -2.314892255293576e+38
0.4424791932106018, 0.026971718296408653, -0.2882586121559143, -2.3548729411042943e+38
0.45169830322265625, 0.017507029697299004, -0.28922033309936523, -2.3015472410707574e+38
0.4441796541213989, 0.0369889996945858, -0.29234975576400757, -2.341580052674157e+38
0.4533996284008026, 0.037861987948417664, -0.29340821504592896, -2.314891241173096e+38
0.4476609230041504, 0.06811627745628357, -0.3026779890060425, -2.3149429613175852e+38
0.45616111159324646, 0.059131771326065063, -0.30066585540771484, -2.328183115482753e+38
0.44192200899124146, 0.0863313153386116, -0.29358428716659546, -2.2883062756092055e+38
0.4529772996902466, 0.07907555252313614, -0.2968944311141968, -2.3680088436840993e+38
0.4556557536125183, 0.10186146199703217, -0.30597198009490967, -2.394646137864767e+38
0.46047985553741455, 0.11581620573997498, -0.3181132674217224, -2.3948538297391085e+38
0.4496800899505615, 0.13448859751224518, -0.31986576318740845, -2.3282875698922118e+38
0.45920330286026, 0.1384427696466446, -0.3207969665527344, -2.341735821579913e+38
0.4462282061576843, 0.14343811571598053, -0.3153170943260193, -2.2748578210974083e+38
0.44905975461006165, 0.15424250066280365, -0.30569493770599365, -2.381664990070238e+38
0.4364415407180786, 0.15803420543670654, -0.30017662048339844, -2.3149950871102666e+38
0.44078436493873596, 0.17030690610408783, -0.29500383138656616, -2.408354004395395e+38
0.42420387268066406, 0.1798502504825592, -0.28370821475982666, -2.3285477932074267e+38
0.4319164752960205, 0.18466483056545258, -0.28342926502227783, -2.408197829841447e+38
0.47025778889656067, -0.21111884713172913, -0.3492603898048401, -2.3550285071859543e+38
0.45588207244873047, -0.18088890612125397, -0.3143453598022461, -2.3683213956160915e+38
0.4647614061832428, -0.17271602153778076, -0.3090210556983948, -2.3683213956160915e+38
0.45689857006073, -0.1436394304037094, -0.30489206314086914, -2.3549244584246875e+38
0.46640217304229736, -0.1484154462814331, -0.3049192428588867, -2.381665801366622e+38
0.4633619785308838, -0.1245143786072731, -0.31151044368743896, -2.3816132699257486e+38
0.4702472686767578, -0.12659421563148499, -0.30600523948669434, -2.3683213956160915e+38
0.4677000045776367, -0.11548014730215073, -0.3172636032104492, -2.3415285353537637e+38
0.47916391491889954, -0.1079101637005806, -0.3173856735229492, -2.408198032665543e+38
0.4725800156593323, -0.09444139897823334, -0.3218245506286621, -2.394645732216575e+38
0.47306662797927856, -0.08285410702228546, -0.3206302523612976, -2.4079901379671056e+38
0.47325199842453003, -0.07126648724079132, -0.31910496950149536, -2.4081459068728616e+38
0.4808726906776428, -0.07270140200853348, -0.3142787218093872, -2.3414764095610823e+38
0.47269776463508606, -0.04820553958415985, -0.3150351643562317, -2.314892255293576e+38
0.48337745666503906, -0.05014941096305847, -0.3158893585205078, -2.3015480523671416e+38
0.4682230055332184, -0.025002414360642433, -0.3045017719268799, -2.3680094521563874e+38
0.4799956679344177, -0.015167934820055962, -0.307140588760376, -2.3413721579757196e+38
0.46097302436828613, 0.007419981062412262, -0.2895444631576538, -2.3416327869391265e+38
0.4708494246006012, 0.00733571732416749, -0.29009437561035156, -2.3683211927919955e+38
0.4610716700553894, 0.028087573125958443, -0.29006361961364746, -2.3683209899678995e+38
0.47367069125175476, 0.018112357705831528, -0.2952307462692261, -2.354976584217369e+38
0.46462827920913696, 0.04966089129447937, -0.2980598211288452, -2.354871926983814e+38
0.4756418466567993, 0.040115222334861755, -0.299569308757782, -2.408197829841447e+38
0.4722365140914917, 0.07370970398187637, -0.3148082494735718, -2.354716158078058e+38
0.4799652695655823, 0.07488695532083511, -0.3103311061859131, -2.3279758292566037e+38
0.4679624140262604, 0.09469963610172272, -0.30978870391845703, -2.3679054033951207e+38
0.4778746962547302, 0.08567824214696884, -0.30797380208969116, -2.3812498091456512e+38
0.47049885988235474, 0.1192360520362854, -0.3189229369163513, -2.3815613469571633e+38
0.47826728224754333, 0.10928220301866531, -0.31232577562332153, -2.341269123334933e+38
0.4699535369873047, 0.13090486824512482, -0.32036149501800537, -2.315047212902948e+38
0.47638529539108276, 0.14471744000911713, -0.3161563277244568, -2.314891646821288e+38
0.4582299590110779, 0.15866950154304504, -0.30590981245040894, -2.4347827954053373e+38
0.4693196415901184, 0.15205590426921844, -0.3057178258895874, -2.3280798780178704e+38
0.4538869857788086, 0.16708172857761383, -0.30049943923950195, -2.4747638868642476e+38
0.45824745297431946, 0.17994321882724762, -0.29437893629074097, -2.3679049977469286e+38
0.45324718952178955, 0.18757611513137817, -0.2883002758026123, -2.274389905907852e+38
0.45067471265792847, 0.1975403130054474, -0.287142276763916, -2.1544981488515145e+38
0.44534599781036377, 0.20429964363574982, -0.2805953621864319, -2.248012835042399e+38
0.4885682165622711, -0.23787812888622284, -0.34879958629608154, -2.3547680810466434e+38
0.4961792528629303, -0.23053887486457825, -0.358281672000885, -2.3548202068393248e+38
0.490516722202301, -0.20880523324012756, -0.34278637170791626, -2.3282356469236265e+38
0.4962528944015503, -0.19522668421268463, -0.3284373879432678, -2.341424283768401e+38
0.4762609601020813, -0.15335713326931, -0.3046393394470215, -2.3683207871438034e+38
0.48385995626449585, -0.16970932483673096, -0.3028726577758789, -2.3414762067369863e+38
0.4836845099925995, -0.13325481116771698, -0.3118460178375244, -2.3283398985089892e+38
0.4888378381729126, -0.14703620970249176, -0.3049166798591614, -2.314891241173096e+38
0.4820300340652466, -0.11950605362653732, -0.30613911151885986, -2.3684767588736555e+38
0.49412801861763, -0.11178190261125565, -0.3058052062988281, -2.354715955253962e+38
0.48827195167541504, -0.08608600497245789, -0.31036221981048584, -2.3547686895189315e+38
0.49524515867233276, -0.09979213774204254, -0.3054500222206116, -2.314631017857881e+38
0.4886017441749573, -0.0741560086607933, -0.30914151668548584, -2.3015478495430456e+38
0.4997509717941284, -0.06463197618722916, -0.3076188564300537, -2.3146833464746585e+38
0.491316556930542, -0.0512450635433197, -0.3109539747238159, -2.301600178159823e+38
0.5051981210708618, -0.04166537523269653, -0.31413596868515015, -2.3677496344893646e+38
0.4956091046333313, -0.028475934639573097, -0.31636106967926025, -2.3279758292566037e+38
0.5055428743362427, -0.017282621935009956, -0.31319987773895264, -2.354561200468686e+38
0.4889882802963257, -0.004303233698010445, -0.3039812445640564, -2.3282354440995304e+38
0.5002117156982422, -0.004782511852681637, -0.3041371703147888, -2.3413208434794223e+38
0.48680710792541504, 0.029824968427419662, -0.3004170060157776, -2.3147350666191478e+38
0.5011738538742065, 0.01890549808740616, -0.3055877089500427, -2.31473547226734e+38
0.4910832345485687, 0.0535116121172905, -0.30899667739868164, -2.3279762349047958e+38
0.5024150609970093, 0.0549672394990921, -0.3091356158256531, -2.3677496344893646e+38
0.4926719665527344, 0.06567928194999695, -0.3127109408378601, -2.3412165918940596e+38
0.5008681416511536, 0.06671353429555893, -0.3075755834579468, -2.35440543156293e+38
0.4885571599006653, 0.08816110342741013, -0.3082568645477295, -2.3145281860411906e+38
0.4968382716178894, 0.10192396491765976, -0.30519992113113403, -2.314579703361584e+38
0.4889403283596039, 0.11251439899206161, -0.312522828578949, -2.341269123334933e+38
0.4963560700416565, 0.12667535245418549, -0.3083927631378174, -2.2879951434458855e+38
0.48790252208709717, 0.13689734041690826, -0.31528759002685547, -2.2483255897984874e+38
0.4955601096153259, 0.13900712132453918, -0.30941998958587646, -2.247961926194294e+38
0.4793018102645874, 0.1564851701259613, -0.30543220043182373, -2.261514226643262e+38
0.4864782989025116, 0.15878058969974518, -0.29938918352127075, -2.2747024578398443e+38
0.46970945596694946, 0.1742202341556549, -0.2943241596221924, -2.341269123334933e+38
0.4739148020744324, 0.18743817508220673, -0.2871939539909363, -2.3279756264325076e+38
0.46208545565605164, 0.1927379071712494, -0.28732889890670776, -2.2878391717160334e+38
0.4712079167366028, 0.19805261492729187, -0.28601735830307007, -2.301338737900032e+38
0.5053585767745972, -0.23093613982200623, -0.3325579762458801, -2.314891038349e+38
0.5081703662872314, -0.245636448264122, -0.32155483961105347, -2.2879947377976934e+38
0.5111374258995056, -0.21663787961006165, -0.317560613155365, -2.31457990618568e+38
0.5058825016021729, -0.19641463458538055, -0.30524390935897827, -2.3277683402063583e+38
0.49337106943130493, -0.16079241037368774, -0.2969740033149719, -2.341268920510837e+38
0.49721813201904297, -0.17441770434379578, -0.28802627325057983, -2.3143722143113385e+38
0.498171865940094, -0.13761137425899506, -0.2988598346710205, -2.261254206152143e+38
0.5030161738395691, -0.15156133472919464, -0.29086101055145264, -2.3011318573220747e+38
0.5017075538635254, -0.11373937875032425, -0.29951000213623047, -2.3411117318364087e+38
0.5075740814208984, -0.12783603370189667, -0.2925216555595398, -2.274494563141407e+38
0.5065001249313354, -0.10338295251131058, -0.3049353361129761, -2.3411121374846008e+38
0.519093930721283, -0.09427332133054733, -0.3034571409225464, -2.2876831999861813e+38
0.5077968835830688, -0.07845616340637207, -0.303274929523468, -2.3143716058390504e+38
0.519684910774231, -0.06848020106554031, -0.30113059282302856, -2.3143722143113385e+38
0.5230100750923157, -0.056600265204906464, -0.3047729730606079, -2.301183374642468e+38
0.5258686542510986, -0.04438865929841995, -0.307924747467041, -2.2745464861099922e+38
0.5158414840698242, -0.03051857091486454, -0.31106728315353394, -2.3145273747448064e+38
0.5263489484786987, -0.018734632059931755, -0.30717945098876953, -2.247961723370198e+38
0.5126388669013977, 0.0069355471059679985, -0.3049428462982178, -2.314735269443244e+38
0.5240212678909302, -0.005795774981379509, -0.30338478088378906, -2.2480136463387832e+38
0.5126919150352478, 0.03147619962692261, -0.3053590655326843, -2.2613578492652177e+38
0.5251052379608154, 0.019516652449965477, -0.3048599362373352, -2.2081368064652357e+38
0.5142003297805786, 0.05647749453783035, -0.3089243173599243, -2.327871983319433e+38
0.5264481902122498, 0.058043718338012695, -0.3083292245864868, -2.261254003328047e+38
0.5159818530082703, 0.06947658210992813, -0.3126504421234131, -2.3144235288076357e+38
0.5104026198387146, 0.08052631467580795, -0.3051642179489136, -2.2478057516403458e+38
0.5048420429229736, 0.1035495176911354, -0.29947394132614136, -2.2745986119026736e+38
0.5160946249961853, 0.0936574935913086, -0.29652202129364014, -2.2478057516403458e+38
0.5080814957618713, 0.1176980510354042, -0.3064191937446594, -2.2745986119026736e+38
0.5156232118606567, 0.13246971368789673, -0.30124813318252563, -2.2479098004016125e+38
0.5020034909248352, 0.1535259485244751, -0.3036879897117615, -2.2212731146932328e+38
0.514624834060669, 0.14532333612442017, -0.30201709270477295, -2.221273317517329e+38
0.4916835427284241, 0.17276661098003387, -0.29264891147613525, -2.3147348637950518e+38
0.5043454170227051, 0.16575108468532562, -0.29149550199508667, -2.1678958973393027e+38
0.4835173487663269, 0.19267268478870392, -0.28564924001693726, -2.3015987583911507e+38
0.499659925699234, 0.18951761722564697, -0.29022181034088135, -2.701930930907067e+38
0.4838278591632843, 0.20662041008472443, -0.2897520065307617, -2.2348252123181047e+38
0.500931978225708, 0.21920616924762726, -0.29924023151397705, -2.0080755802649284e+38
0.4740893244743347, 0.22448469698429108, -0.28099608421325684, -2.2745984090785775e+38
0.4705067574977875, 0.23457802832126617, -0.2790029048919678, -2.261254206152143e+38
0.5213395357131958, -0.26810944080352783, -0.30691230297088623, -2.194481268551385e+38
0.5145556330680847, -0.24810607731342316, -0.3117709755897522, -2.261098437246387e+38
0.5139390826225281, -0.2311285436153412, -0.3064413070678711, -2.261254408976239e+38
0.5216560363769531, -0.20695704221725464, -0.31022030115127563, -2.274494968789599e+38
0.5246307253837585, -0.2216702103614807, -0.2989416718482971, -2.1146748545393207e+38
0.5071383118629456, -0.16541124880313873, -0.2818356156349182, -2.2877349201306707e+38
0.5231390595436096, -0.1894359439611435, -0.2896914482116699, -2.1413113374236044e+38
0.5166605710983276, -0.14452551305294037, -0.29014045000076294, -2.3276638857968995e+38
0.5212382674217224, -0.158892422914505, -0.28099822998046875, -2.181188380121248e+38
0.52083420753479, -0.11974655836820602, -0.2913360595703125, -2.2876827943379893e+38
0.5306841731071472, -0.13676705956459045, -0.28885650634765625, -2.1412072886623376e+38
0.5273006558418274, -0.09601258486509323, -0.2965627908706665, -2.2211175486115728e+38
0.5355511903762817, -0.09775980561971664, -0.2892721891403198, -2.1146227287466393e+38
0.5279159545898438, -0.0829487070441246, -0.2957589626312256, -2.2344619543621033e+38
0.5405503511428833, -0.07249714434146881, -0.2928880453109741, -2.0879862458623557e+38
0.5346274375915527, -0.04537142068147659, -0.3014286160469055, -2.2211700800524462e+38
0.5443165302276611, -0.060052670538425446, -0.29666340351104736, -2.0347138885660764e+38
0.5352178812026978, -0.01926531456410885, -0.30083566904067993, -2.1678445828430055e+38
0.5461153388023376, -0.03343522548675537, -0.2972230315208435, -2.0214214057841312e+38
0.5366250276565552, -0.006330616772174835, -0.30240780115127563, -2.154656148822327e+38
0.5465638637542725, 0.0066638970747590065, -0.296692430973053, -2.0214214057841312e+38
0.5375087857246399, 0.03295218199491501, -0.30379801988601685, -2.141364071688574e+38
0.5465917587280273, 0.033376626670360565, -0.29704922437667847, -2.034766014358758e+38
0.5391668081283569, 0.05966714769601822, -0.30731451511383057, -2.167791848578036e+38
0.5497351884841919, 0.04721880704164505, -0.3016703128814697, -2.0214216086082273e+38
0.5461956262588501, 0.07373426109552383, -0.29861557483673096, -2.0080772028576967e+38
0.5435806512832642, 0.08663943409919739, -0.29627561569213867, -2.0213175598469605e+38
0.5280502438545227, 0.09639877080917358, -0.29519498348236084, -2.1811360515044705e+38
0.5365803241729736, 0.0979139655828476, -0.2882876396179199, -2.0213179654951526e+38
0.5243992805480957, 0.1214108020067215, -0.2933650016784668, -2.1546038202055496e+38
0.5318204164505005, 0.13653910160064697, -0.28708213567733765, -2.0080770000336007e+38
0.5137266516685486, 0.15583384037017822, -0.2846103310585022, -2.0346603430047228e+38
0.5230700373649597, 0.14552320539951324, -0.2773286700248718, -2.0080767972095047e+38
0.5117316842079163, 0.16809949278831482, -0.284298837184906, -2.008178006433427e+38
0.512993335723877, 0.18285728991031647, -0.2889716625213623, -2.8489266803890523e+38
0.5252571105957031, 0.20366549491882324, -0.29105889797210693, -2.768964700295328e+38
0.5261698961257935, 0.21955940127372742, -0.2956656813621521, -2.648814342516544e+38
0.5120530128479004, 0.24129435420036316, -0.30148565769195557, -2.048057888668415e+38
0.5269250273704529, 0.23584824800491333, -0.30034124851226807, -1.8347552913583636e+38
0.4961475133895874, 0.25557008385658264, -0.2852244973182678, -2.0214212029600352e+38
0.510474681854248, 0.2513490319252014, -0.2842886447906494, -2.008233377411645e+38
0.4975532293319702, 0.26859283447265625, -0.2735355496406555, -2.0348698602959285e+38
0.5641875267028809, -0.30708956718444824, -0.32612454891204834, -2.0748501404584546e+38
0.5322955846786499, -0.25845402479171753, -0.2985280156135559, -2.0880904974477184e+38
0.5317732095718384, -0.24098403751850128, -0.2936519384384155, -2.0880902946236224e+38
0.5355446934700012, -0.2119625061750412, -0.29129558801651, -2.048213860398267e+38
0.5377697944641113, -0.22648872435092926, -0.27885520458221436, -2.0747982174898693e+38
0.5300557017326355, -0.19183571636676788, -0.2805870771408081, -2.0614542173875308e+38
0.536292552947998, -0.17863242328166962, -0.2674061059951782, -2.0881949518571772e+38
0.5284096598625183, -0.16115832328796387, -0.2725696563720703, -2.0612980428335827e+38
0.5445535778999329, -0.1695234477519989, -0.27496182918548584, -2.1280719945548207e+38
0.5384321212768555, -0.13892146944999695, -0.28064602613449097, -2.0879862458623557e+38
0.5625327825546265, -0.13515156507492065, -0.28980737924575806, -2.1280198687621394e+38
0.5524762272834778, -0.10310086607933044, -0.2925572395324707, -2.0481619374296816e+38
0.570552408695221, -0.10880215466022491, -0.2956063747406006, -2.061454623035723e+38
0.5532189607620239, -0.08919300138950348, -0.29186534881591797, -2.0348696574718325e+38
0.5668014287948608, -0.07806314527988434, -0.28808504343032837, -2.0481625459019697e+38
0.5565915107727051, -0.04825159162282944, -0.2924830913543701, -2.0481102172851923e+38
0.5665177702903748, -0.06364358216524124, -0.28656327724456787, -2.061454623035723e+38
0.557365894317627, -0.02080383151769638, -0.2920876145362854, -2.0214214057841312e+38
0.566584050655365, -0.021355362609028816, -0.2843412756919861, -2.0347658115346618e+38
0.5682597160339355, -0.007503030821681023, -0.2859591245651245, -2.0214214057841312e+38
0.569271445274353, 0.00648870412260294, -0.28699713945388794, -2.0214214057841312e+38
0.5599243640899658, 0.034164924174547195, -0.29506510496139526, -2.0214216086082273e+38
0.5696117281913757, 0.02054792456328869, -0.28744906187057495, -2.034766014358758e+38
0.5574097633361816, 0.0614880695939064, -0.29308629035949707, -2.034766014358758e+38
0.56827712059021, 0.048578694462776184, -0.28659385442733765, -2.061454825859819e+38
0.5524674654006958, 0.08799014985561371, -0.2888784408569336, -2.0214745456972928e+38
0.5643154978752136, 0.0760180801153183, -0.28343963623046875, -2.0481104201092884e+38
0.5491387844085693, 0.10077942162752151, -0.28598225116729736, -2.0348185457996313e+38
0.5578781962394714, 0.10233041644096375, -0.27810555696487427, -2.0879353370142505e+38
0.5399609804153442, 0.138581320643425, -0.2793926000595093, -2.008129125826282e+38
0.548105776309967, 0.14062254130840302, -0.2712816596031189, -2.0745899171432398e+38
0.5424749255180359, 0.15187793970108032, -0.2664501667022705, -2.1280190574657552e+38
0.540367603302002, 0.16489116847515106, -0.2660689949989319, -2.1680512605968667e+38
0.5343018770217896, 0.1779308021068573, -0.27896881103515625, -2.221739812938213e+38
0.5475056767463684, 0.19916002452373505, -0.2800094485282898, -2.888698660204949e+38
0.5423353910446167, 0.2297489047050476, -0.2986958622932434, -2.7422249799461616e+38
0.5533850193023682, 0.21920612454414368, -0.29034900665283203, -2.9154404087950755e+38
0.539201557636261, 0.25988778471946716, -0.30187416076660156, -2.021525454545398e+38
0.5608623027801514, 0.2588839828968048, -0.30672454833984375, -1.9815429433178155e+38
0.5254215598106384, 0.2628295421600342, -0.2868770956993103, -2.048213860398267e+38
0.5415480136871338, 0.29282721877098083, -0.29366886615753174, -2.0481625459019697e+38
0.5312610864639282, 0.29914894700050354, -0.2843210697174072, -2.0348698602959285e+38
0.5854912996292114, -0.3257835805416107, -0.3319293260574341, -2.1013827774055676e+38
0.6039469242095947, -0.3032574951648712, -0.3454814553260803, -2.1413119458958925e+38
0.6059259176254272, -0.32161396741867065, -0.32969409227371216, -2.1413119458958925e+38
0.5667755007743835, -0.2492418736219406, -0.29581302404403687, -2.154656148822327e+38
0.5851129293441772, -0.24357451498508453, -0.2936020493507385, -2.2078256743019157e+38
0.5589519739151001, -0.2085036039352417, -0.27952849864959717, -2.154551491588772e+38
0.5761306881904602, -0.20183062553405762, -0.2771530747413635, -2.207877597270501e+38
0.5602463483810425, -0.16193899512290955, -0.272733211517334, -2.127862882911807e+38
0.5640936493873596, -0.1773848980665207, -0.2610652446746826, -2.1946370374571412e+38
0.5759555101394653, -0.1398698389530182, -0.28634870052337646, -2.154500177092475e+38
0.5897997617721558, -0.14473852515220642, -0.282295823097229, -2.207878205742789e+38
0.5779438018798828, -0.1253560334444046, -0.28661924600601196, -2.101278931468397e+38
0.5935063362121582, -0.11464063078165054, -0.2825520634651184, -2.14120870843101e+38
0.5805925130844116, -0.08098523318767548, -0.284865140914917, -2.0614024972430415e+38
0.5944750308990479, -0.0993613451719284, -0.2820262312889099, -2.1412610370477873e+38
0.5803089141845703, -0.06609201431274414, -0.2833789587020874, -2.021525454545398e+38
0.5987201929092407, -0.054306358098983765, -0.28306275606155396, -2.1280721973789168e+38
0.5826224684715271, -0.0372258722782135, -0.28424668312072754, -2.0615586717969896e+38
0.5970302224159241, -0.03880525380373001, -0.28052836656570435, -2.1414166031294473e+38
0.5832733511924744, 0.006370880641043186, -0.2839094400405884, -2.0615586717969896e+38
0.5977272987365723, 0.006249279715120792, -0.28021544218063354, -2.1015397632559e+38
0.5836273431777954, 0.02090175449848175, -0.28435397148132324, -2.008233377411645e+38
0.5928071141242981, 0.035871729254722595, -0.27534037828445435, -2.0482663918391404e+38
0.5776093602180481, 0.04926307499408722, -0.2783513069152832, -2.07490307754752e+38
0.5945875644683838, 0.06593833118677139, -0.2783007025718689, -2.114831840389653e+38
0.5779083967208862, 0.07819239050149918, -0.28018373250961304, -2.0481098116370003e+38
0.5885524749755859, 0.09460582584142685, -0.2737876772880554, -2.1545525057092523e+38
0.5710479021072388, 0.11993225663900375, -0.2761967182159424, -2.1279162256490647e+38
0.5798174738883972, 0.12170569598674774, -0.267103374004364, -2.1279158200008726e+38
0.5660300254821777, 0.13258591294288635, -0.27212822437286377, -2.127967742969458e+38
0.5732139348983765, 0.14889110624790192, -0.2633565664291382, -2.154656960118711e+38
0.5521795749664307, 0.16959026455879211, -0.26218491792678833, -2.1814473864918865e+38
0.5667728185653687, 0.16070066392421722, -0.2583152651786804, -2.1147791061246835e+38
0.562847375869751, 0.19130708277225494, -0.27701878547668457, -2.434936738894229e+38
0.5596845746040344, 0.20491163432598114, -0.27597784996032715, -2.9020422546590953e+38
0.5710945725440979, 0.22952525317668915, -0.2924312949180603, -2.862166226081932e+38
0.5671352744102478, 0.2433985471725464, -0.29094070196151733, -2.688794419854974e+38
0.5682109594345093, 0.2616594433784485, -0.29571831226348877, -2.00812770605761e+38
0.5704280138015747, 0.27782317996025085, -0.28212201595306396, -2.1280717917307247e+38
0.5532616376876831, 0.3011058568954468, -0.2890942096710205, -2.1014880431114105e+38
0.5708963871002197, 0.2965885400772095, -0.28648507595062256, -2.1280204772344275e+38
0.5536488890647888, 0.3157985806465149, -0.2743045687675476, -2.1013837915260478e+38
0.624775767326355, -0.35855692625045776, -0.3331573009490967, -2.114675665835705e+38
0.6364045739173889, -0.3252757489681244, -0.3367895483970642, -2.0881947490330812e+38
0.6638964414596558, -0.346564382314682, -0.34203994274139404, -1.9414072998977254e+38
0.6160156726837158, -0.28553450107574463, -0.3104642629623413, -2.1682609807121684e+38
0.6459149122238159, -0.2863141596317291, -0.3156530261039734, -1.928063908267675e+38
0.6262451410293579, -0.25393253564834595, -0.3141748309135437, -2.0615580633247015e+38
0.6557456254959106, -0.251941978931427, -0.3186333179473877, -1.9680452025506813e+38
0.6064201593399048, -0.20248374342918396, -0.28717583417892456, -2.021525454545398e+38
0.6323456168174744, -0.1978132277727127, -0.28992795944213867, -1.954752719768736e+38
0.6294428110122681, -0.1622709184885025, -0.3035470247268677, -2.061350777098552e+38
0.6386392116546631, -0.16462105512619019, -0.2913830876350403, -1.941460642634983e+38
0.6382679343223572, -0.1484612077474594, -0.3104325532913208, -2.087987259982836e+38
0.6478919386863708, -0.15071207284927368, -0.2982291579246521, -1.914771831133922e+38
0.6465586423873901, -0.09803449362516403, -0.3137173056602478, -2.0080776085058888e+38
0.6644203662872314, -0.12033543735742569, -0.3104403614997864, -1.941460642634983e+38
0.6594401597976685, -0.08361668884754181, -0.3253247141838074, -1.9814932514142865e+38
0.6778514385223389, -0.08695562928915024, -0.32037168741226196, -1.9281158312362604e+38
0.628885805606842, -0.04301759600639343, -0.29305362701416016, -1.981544971558776e+38
0.6421576738357544, -0.027573036029934883, -0.2845574617385864, -1.91477142548573e+38
0.6180049777030945, 0.006061238702386618, -0.2811959385871887, -1.9548561600577148e+38
0.6279652118682861, 0.005994768347591162, -0.2708248496055603, -1.9281156284121644e+38
0.6183826923370361, 0.02183130383491516, -0.2816198468208313, -1.9682001601600532e+38
0.612561821937561, 0.037151630967855453, -0.27609819173812866, -2.008233174587549e+38
0.6145027279853821, 0.06871332228183746, -0.27910876274108887, -2.0080765943854086e+38
0.6264988780021667, 0.053969599306583405, -0.2701759934425354, -1.928063299795387e+38
0.6267526149749756, 0.0863417536020279, -0.2718569040298462, -1.9414077055459175e+38
0.6228018999099731, 0.10164590179920197, -0.2691528797149658, -1.9282724114384006e+38
0.6088655591011047, 0.13094308972358704, -0.27801811695098877, -1.94135537692914e+38
0.629416823387146, 0.12006821483373642, -0.2766045928001404, -1.91492800568787e+38
0.6138967871665955, 0.14932328462600708, -0.28475648164749146, -1.9680445940783932e+38
0.6404888033866882, 0.17646166682243347, -0.2921280264854431, -1.8882913199794903e+38
0.599700927734375, 0.17581869661808014, -0.2741811275482178, -1.941355174105044e+38
0.6386798620223999, 0.19373589754104614, -0.2925070524215698, -1.9414089224904937e+38
0.6080207824707031, 0.23249003291130066, -0.29024815559387207, -2.8221334144785324e+38
0.6330767869949341, 0.22755958139896393, -0.2919357419013977, -2.1948954353554917e+38
0.6039915084838867, 0.24778532981872559, -0.28897202014923096, -2.782256777429081e+38
0.6135286092758179, 0.27050918340682983, -0.28134042024612427, -2.6488135312201597e+38
0.5892452001571655, 0.2913799285888672, -0.28326332569122314, -1.901425599966527e+38
0.6082766056060791, 0.28539323806762695, -0.2793380618095398, -1.808014354064621e+38
0.5776393413543701, 0.3183917999267578, -0.2782139778137207, -1.9147192996930485e+38
0.6106604337692261, 0.32732805609703064, -0.2891142964363098, -1.9414081111941095e+38
0.5846349596977234, 0.34582504630088806, -0.2903171181678772, -1.928063705443579e+38
0.6585520505905151, -0.38464975357055664, -0.32156091928482056, -1.9413565938737163e+38
0.6882754564285278, -0.3897411823272705, -0.3461412191390991, -1.9280121881231857e+38
0.7083366513252258, -0.4046049416065216, -0.33946698904037476, -1.9414083140182056e+38
0.6999557614326477, -0.35034626722335815, -0.3485255837440491, -1.9281158312362604e+38
0.7138098478317261, -0.3332049250602722, -0.33184558153152466, -1.9280123909472818e+38
0.6684145927429199, -0.27890264987945557, -0.3110803961753845, -1.9413569995219083e+38
0.6916226744651794, -0.2703867256641388, -0.30549174547195435, -1.9547007968001508e+38
0.6778225898742676, -0.24272586405277252, -0.3135678172111511, -1.9413565938737163e+38
0.6908978819847107, -0.22683081030845642, -0.29922956228256226, -1.928063299795387e+38
0.6519874334335327, -0.18772506713867188, -0.284729540348053, -1.9147197053412405e+38
0.6550219058990479, -0.17045898735523224, -0.2853108048439026, -1.8748947884362784e+38
0.6664054989814758, -0.13801950216293335, -0.2917788624763489, -1.888239194186809e+38
0.6743903756141663, -0.15838928520679474, -0.27862751483917236, -1.8748947884362784e+38
0.6901536583900452, -0.10800910741090775, -0.3098680377006531, -1.8748947884362784e+38
0.6928541660308838, -0.12681739032268524, -0.2908024191856384, -1.8749469142289598e+38
0.7052916288375854, -0.09243711829185486, -0.3220028281211853, -1.9014270197351993e+38
0.7317720651626587, -0.07687496393918991, -0.31945133209228516, -1.9014781314074005e+38
0.7160007357597351, -0.05468445271253586, -0.32953107357025146, -1.9014785370555926e+38
0.7316839694976807, -0.03580795228481293, -0.31795352697372437, -1.9281669429084616e+38
0.6484411954879761, -0.010967828333377838, -0.2693047523498535, -1.9014785370555926e+38
0.6599012613296509, 0.005725412163883448, -0.2584457993507385, -1.9014781314074005e+38
0.6377396583557129, 0.03851497918367386, -0.26006460189819336, -1.928063096971291e+38
0.6535138487815857, 0.03944510966539383, -0.2534703016281128, -1.9147186912207604e+38
0.6421195268630981, 0.055418163537979126, -0.2643269896507263, -1.928063299795387e+38
0.655567467212677, 0.07364935427904129, -0.25616008043289185, -1.9413563910496202e+38
0.6503456830978394, 0.10785724967718124, -0.27400898933410645, -1.874998634373449e+38
0.6880991458892822, 0.1166449785232544, -0.2848818302154541, -1.941355985401428e+38
0.6799778342247009, 0.15359152853488922, -0.3030627369880676, -1.8883428372998836e+38
0.6974562406539917, 0.13853566348552704, -0.2939223051071167, -1.9547001883278627e+38
0.672321617603302, 0.16979676485061646, -0.2979527711868286, -1.9416683345093244e+38
0.6889950633049011, 0.19458307325839996, -0.2919015884399414, -1.9813366712121463e+38
0.6521304845809937, 0.21730265021324158, -0.28602343797683716, -1.9812831256507927e+38
0.6684985160827637, 0.22401469945907593, -0.2788057327270508, -1.9812829228266967e+38
0.6487866044044495, 0.2345632016658783, -0.2854463458061218, -2.261564729843175e+38
0.6530628204345703, 0.25417912006378174, -0.2704922556877136, -2.755307336964613e+38
0.6330580711364746, 0.2628493010997772, -0.2763897776603699, -2.7020335598996615e+38
0.635330080986023, 0.28115731477737427, -0.2605981230735779, -2.6621581397947863e+38
0.6445486545562744, 0.3087666928768158, -0.27192187309265137, -1.8613925855390315e+38
0.6382113695144653, 0.3243624269962311, -0.2696176767349243, -1.9147184883966643e+38
0.6249592304229736, 0.3370693325996399, -0.2821911573410034, -1.9280121881231857e+38
0.70003741979599, -0.27309831976890564, -0.28909796476364136, -1.8880300825437953e+38
0.7020800113677979, -0.29407504200935364, -0.2704143524169922, -1.8613925855390315e+38
0.6998578906059265, -0.22945313155651093, -0.28358906507492065, -1.901374488294326e+38
0.7035824060440063, -0.25067806243896484, -0.2660994529724121, -1.8213076481429505e+38
0.6945881247520447, -0.2056371420621872, -0.2770436406135559, -1.8880300825437953e+38
0.7034111022949219, -0.20805346965789795, -0.2613661289215088, -1.8479970681162997e+38
0.7108564972877502, -0.15152111649513245, -0.2841259837150574, -1.887978970871594e+38
0.7300329208374023, -0.1570533663034439, -0.27544450759887695, -1.8747386138823303e+38
0.7200383543968201, -0.11390892416238785, -0.2883886694908142, -1.8746852711450727e+38
0.7402433753013611, -0.13945254683494568, -0.2813798785209656, -1.8747384110582343e+38
0.7367616295814514, -0.09767422825098038, -0.30018675327301025, -1.9013742854702298e+38
0.7546199560165405, -0.07943658530712128, -0.2883634567260742, -1.8613921798908394e+38
0.7434182167053223, -0.036510124802589417, -0.30297768115997314, -1.901425802790623e+38
0.7602663040161133, -0.059054382145404816, -0.2916719317436218, -1.8880811942159965e+38
0.7395059466362, -0.015344398096203804, -0.27587729692459106, -1.781274228067263e+38
0.7324730157852173, 0.005010904744267464, -0.27069205045700073, -1.72810490541177e+38
0.6696562767028809, 0.040398843586444855, -0.2460455745458603, -1.901374488294326e+38
0.6793839931488037, 0.04085323587059975, -0.2328941971063614, -1.701571862816465e+38
0.6785058975219727, 0.07683531194925308, -0.2538423538208008, -1.901374488294326e+38
0.6843497157096863, 0.05915120244026184, -0.23683880269527435, -1.7014678140551984e+38
0.706290602684021, 0.12023996561765671, -0.27711981534957886, -1.8880294740715072e+38
0.722208559513092, 0.10325545072555542, -0.2654317021369934, -1.7015199398478798e+38
0.7258906960487366, 0.1666564792394638, -0.29508697986602783, -1.901426005614719e+38
0.7447073459625244, 0.15020649135112762, -0.2839340567588806, -1.701520142671976e+38
0.7159309387207031, 0.20468269288539886, -0.2908385992050171, -1.9147184883966643e+38
0.736241340637207, 0.19007200002670288, -0.2808193564414978, -1.728104702587674e+38
0.6936004161834717, 0.23545198142528534, -0.27738261222839355, -1.9279570199690638e+38
0.7145074009895325, 0.22312907874584198, -0.2685718536376953, -1.7680853883983923e+38
0.6688587665557861, 0.2618347704410553, -0.26233816146850586, -2.595227202223216e+38
0.6898918747901917, 0.251799613237381, -0.2545759081840515, -1.981489397756462e+38
0.6578843593597412, 0.29531124234199524, -0.2588837146759033, -2.261775261254861e+38
0.6734140515327454, 0.3040737211704254, -0.2498093694448471, -1.9816476005513703e+38
0.6369472742080688, 0.3199082911014557, -0.2475784569978714, -1.8747893199063394e+38
0.6583669185638428, 0.3137226402759552, -0.24105627834796906, -1.741501234130886e+38
0.6703053712844849, 0.3682860732078552, -0.25691455602645874, -1.714812625453921e+38
0.7375928163528442, -0.2459983378648758, -0.26509177684783936, -2.5022353965519136e+38
0.7419085502624512, -0.22567783296108246, -0.26587438583374023, -2.5157355712082e+38
0.7696137428283691, -0.19293856620788574, -0.2809743881225586, -2.515995186051127e+38
0.7605754137039185, -0.14461864531040192, -0.2716323137283325, -2.3956884508942987e+38
0.7808359861373901, -0.12717357277870178, -0.259155809879303, -3.2359661672989274e+38
0.7685399651527405, -0.1029902994632721, -0.27460992336273193, -2.3687390104298307e+38
0.7791240215301514, -0.10444667935371399, -0.2570410370826721, -3.2092771529737703e+38
0.7661207914352417, -0.03786855936050415, -0.2708425521850586, -2.7555697913448842e+38
0.7824130058288574, -0.060961686074733734, -0.2575397491455078, -3.2226738873410782e+38
0.7596583962440491, -0.016213281080126762, -0.2662022113800049, -2.8222910088011528e+38
0.7521583437919617, 0.004841591697186232, -0.26106375455856323, -2.822447386179197e+38
0.7436635494232178, 0.025199078023433685, -0.2554476261138916, -2.769382720757259e+38
0.7632323503494263, 0.025704726576805115, -0.24478952586650848, -3.2092771529737703e+38
0.7239134311676025, 0.06346532702445984, -0.2428894191980362, -2.8093638122161694e+38
0.747333288192749, 0.08623974770307541, -0.23611097037792206, -3.2626547759758925e+38
0.726654052734375, 0.12332355231046677, -0.24695371091365814, -2.8496051269902945e+38
0.7424646615982056, 0.10580173879861832, -0.23380516469478607, -3.2226211530761087e+38
0.7561649084091187, 0.1741257607936859, -0.2693570852279663, -2.982944730086141e+38
0.7661985158920288, 0.1761416643857956, -0.25188618898391724, -3.2227252018373755e+38
0.7448914647102356, 0.2136753499507904, -0.2649690508842468, -3.0363738704086566e+38
0.75428307056427, 0.21599692106246948, -0.2474723607301712, -3.1826400616171985e+38
0.729547917842865, 0.25037938356399536, -0.2583816647529602, -3.1696092219191404e+38
0.7517046332359314, 0.2372540980577469, -0.24764378368854523, -3.2094327190554303e+38
0.7158446311950684, 0.2647228538990021, -0.25106847286224365, -3.1694528445410963e+38
0.7185248136520386, 0.2861453890800476, -0.2325870245695114, -3.1826392503208144e+38
0.6957670450210571, 0.29572397470474243, -0.24180956184864044, -3.209380998910941e+38
0.696122407913208, 0.3154466450214386, -0.22275646030902863, -3.0893835705005685e+38
0.673369288444519, 0.32280293107032776, -0.23119069635868073, -3.2095383904094653e+38
0.6796316504478455, 0.32499784231185913, -0.21438322961330414, -3.1162287593796737e+38
0.797173023223877, -0.08496665209531784, -0.24247251451015472, -3.2360158592024563e+38
0.8184835910797119, -0.08814815431833267, -0.22929765284061432, nan
0.7978549003601074, -0.040152423083782196, -0.2417420595884323, -3.1427100818304895e+38
0.8080711364746094, -0.04076365381479263, -0.22277994453907013, nan
0.7908673286437988, -0.017458487302064896, -0.23746009171009064, -3.08928114433207e+38
0.792803168296814, 0.004489907994866371, -0.23843549191951752, -3.1161261303870793e+38
0.8146228790283203, 0.027236193418502808, -0.2509058117866516, -3.156315319368523e+38
0.8134770393371582, 0.05016080290079117, -0.2504745125770569, -3.0895930877917742e+38
0.7896159887313843, 0.07036615163087845, -0.23725499212741852, -3.1162821021169313e+38
0.8059935569763184, 0.09449420124292374, -0.22241432964801788, nan
0.761074423789978, 0.10886034369468689, -0.22216825187206268, -3.0896448079362635e+38
0.7704156637191772, 0.11003401130437851, -0.20438240468502045, nan
0.7854436635971069, 0.1585959941148758, -0.23808838427066803, -3.2231405855860583e+38
0.795642614364624, 0.1834949105978012, -0.2206338495016098, nan
0.7650949954986572, 0.19655203819274902, -0.22889305651187897, -3.38316981147935e+38
0.7632771730422974, 0.21821783483028412, -0.22936265170574188, nan
0.7604182958602905, 0.2395908683538437, -0.22938404977321625, nan
0.7541794776916504, 0.2574714124202728, -0.20440207421779633, -3.2627565936721028e+38
0.7258825898170471, 0.2885081171989441, -0.2147805243730545, nan
0.732831597328186, 0.2907314598560333, -0.19650621712207794, nan
0.709795355796814, 0.3004176616668701, -0.2072836011648178, nan
0.7086144685745239, 0.3197125196456909, -0.18728746473789215, -3.3292183991095406e+38
0.6855396032333374, 0.3270494043827057, -0.1972002536058426, nan
0.6864382028579712, 0.3501981198787689, -0.20035068690776825, nan
0.7354145646095276, 0.4437699615955353, -0.23741017282009125, nan
0.7498189210891724, 0.4267694056034088, -0.21868930757045746, -3.07588299019609e+38
0.7310663461685181, 0.4634213447570801, -0.21408243477344513, -3.182793396633802e+38
0.7965761423110962, -0.039320580661296844, -0.19300292432308197, -3.3825954136393747e+38
0.8106223344802856, -0.01811675913631916, -0.19945089519023895, -3.355958525106899e+38
0.8090529441833496, -0.017859172075986862, -0.17484524846076965, -3.2894474334141242e+38
0.8210763931274414, 0.04990662634372711, -0.1801386922597885, -3.249205712991807e+38
0.8155903816223145, 0.09544982761144638, -0.20274938642978668, -2.9824186043810224e+38
0.818229079246521, 0.07246192544698715, -0.1792125701904297, -2.7020329514273734e+38
0.8077573776245117, 0.11625140905380249, -0.1756793111562729, -3.315978447768469e+38
0.8002629280090332, 0.13718102872371674, -0.17311394214630127, -3.1157606413660214e+38
0.8045097589492798, 0.18527330458164215, -0.20082895457744598, -3.2759452305168773e+38
0.8124727010726929, 0.16335956752300262, -0.17927931249141693, -2.4085073394119987e+38
0.7696333527565002, 0.2179550975561142, -0.18634815514087677, -2.461884759590025e+38
0.7899845838546753, 0.2021290510892868, -0.1714654117822647, -3.3025831331698332e+38
0.7561182975769043, 0.23429441452026367, -0.1811266541481018, -3.315874196183106e+38
0.7683537006378174, 0.26153263449668884, -0.16582205891609192, -3.2361205164360112e+38
0.755984902381897, 0.2796342670917511, -0.18431255221366882, -2.702031531658701e+38
0.7557627558708191, 0.30107295513153076, -0.1633816510438919, -2.742377300842285e+38
0.742381751537323, 0.3179524540901184, -0.18127895891666412, -3.2625489017977614e+38
0.7737822532653809, 0.47346004843711853, -0.2103961855173111, -2.6619983144071095e+38
0.7779263257980347, -0.14269578456878662, -0.12015727162361145, -3.0625395985660395e+38
0.7457082867622375, -0.07330749928951263, -0.1277163177728653, -3.3161358392669932e+38
0.779662549495697, -0.10015635192394257, -0.11950282752513885, -3.3561167279018075e+38
0.7761566638946533, -0.05738067626953125, -0.11744324862957001, -2.382026625433471e+38
0.7637149095535278, -0.03540597856044769, -0.11288860440254211, -3.3695130566209234e+38
0.746196448802948, 0.0051199691370129585, -0.12696142494678497, -2.502075571164237e+38
0.7588934302330017, -0.01494879275560379, -0.11106204986572266, -3.3161360420910893e+38
0.7467420101165771, 0.024659380316734314, -0.12719890475273132, -3.1960363903363144e+38
0.7454599142074585, 0.02454516664147377, -0.10639674961566925, -3.2227252018373755e+38
0.7514406442642212, 0.06440244615077972, -0.12939000129699707, -2.595537928738344e+38
0.7461251020431519, 0.08311516046524048, -0.10725332796573639, -2.849081232350232e+38
0.7587664127349854, 0.10584414750337601, -0.1330438256263733, -3.289290650387888e+38
0.7851995229721069, 0.1321791261434555, -0.1217004656791687, -3.049039423909753e+38
0.7791669368743896, 0.15295454859733582, -0.14230063557624817, -2.4085071365879026e+38
0.7858263254165649, 0.15412746369838715, -0.12255576252937317, -2.4485403538394943e+38
0.7838732004165649, 0.22145956754684448, -0.14701543748378754, -2.3419940166541675e+38
0.7798709869384766, 0.2187139242887497, -0.12300403416156769, -2.3419422965096782e+38
0.7798121571540833, 0.2426544725894928, -0.14659100770950317, -3.2093278589977794e+38
0.7699580788612366, 0.2596469223499298, -0.12168397009372711, -3.302687587579292e+38
0.7794138193130493, 0.28952956199645996, -0.14919592440128326, -2.608829803048001e+38
0.7777074575424194, 0.31121551990509033, -0.12712928652763367, -2.782307077804898e+38
0.7931286096572876, -0.2148764580488205, -0.10545894503593445, -2.9424399468112646e+38
0.7802238464355469, -0.23116910457611084, -0.08038283884525299, -3.396149742329303e+38
0.7807563543319702, -0.16474486887454987, -0.09996367990970612, -3.3160833078261198e+38
0.7813760042190552, -0.18639646470546722, -0.07910032570362091, -2.9958175698133867e+38
0.7836776971817017, -0.14376620948314667, -0.1001662015914917, -3.1426060330692227e+38
0.800694465637207, -0.12596692144870758, -0.08236689865589142, -2.755618266303837e+38
0.766480565071106, -0.07619477808475494, -0.09343814849853516, -3.3161358392669932e+38
0.7910058498382568, -0.10171423107385635, -0.07939313352108002, -3.396149945153399e+38
0.7530599236488342, -0.03420690447092056, -0.08884447813034058, -3.3695134622691154e+38
0.7451125383377075, -0.05263644456863403, -0.06685468554496765, -2.3686830309793247e+38
0.7587622404098511, 0.005036110058426857, -0.09035296738147736, -2.4087162482309163e+38
0.7538540363311768, -0.014479871839284897, -0.06879936903715134, -3.3695134622691154e+38
0.7280440330505371, 0.042546093463897705, -0.08123378455638885, -3.2494138105143405e+38
0.7329918742179871, 0.042777180671691895, -0.06346132606267929, -3.2761026220154016e+38
0.7257788181304932, 0.06095162034034729, -0.08072696626186371, -2.5821935229878134e+38
0.7306748032569885, 0.061310313642024994, -0.06301432102918625, -2.622226537415309e+38
0.7313470244407654, 0.09949462860822678, -0.08299705386161804, -3.2762064679525723e+38
0.7295632362365723, 0.11781367659568787, -0.06358875334262848, -2.995974150015527e+38
0.7556613683700562, 0.14492426812648773, -0.09131862223148346, -2.4086121994696496e+38
0.7506676912307739, 0.16333115100860596, -0.07005412131547928, -3.3427206020067876e+38
0.7695213556289673, 0.19162504374980927, -0.09688928723335266, -3.3027914335164627e+38
0.7802209854125977, 0.21710635721683502, -0.07916043698787689, -2.36873495394791e+38
0.7648922204971313, 0.2559516727924347, -0.09815739095211029, -3.2761022163672095e+38
0.7692668437957764, 0.2571965456008911, -0.07788750529289246, -3.316135433618801e+38
0.748296320438385, 0.2695976793766022, -0.09401433169841766, -2.675603957593335e+38
0.7443325519561768, 0.28864428400993347, -0.07305645942687988, -2.849081232350232e+38
0.7739872932434082, 0.3319297730922699, -0.10463663935661316, -3.262757810616679e+38
0.7798218727111816, -0.20745864510536194, -0.05778124928474426, -2.9691287583123257e+38
0.7830843925476074, -0.2082749456167221, -0.036904238164424896, -2.9690772409919324e+38
0.7854690551757812, -0.18733982741832733, -0.05840367078781128, -2.9691287583123257e+38
0.8041428327560425, -0.17108431458473206, -0.03968585282564163, -3.369461133652338e+38
0.8053005933761597, -0.12671346962451935, -0.061239294707775116, -2.7956514835554286e+38
0.8073256015777588, -0.1493835300207138, -0.03983171284198761, -3.129261627318692e+38
0.7427923679351807, -0.0714062973856926, -0.04696071147918701, -3.356169056518585e+38
0.7803720235824585, -0.09872646629810333, -0.034416645765304565, -3.3695128537968273e+38
0.7341590523719788, -0.05095815658569336, -0.04487084597349167, -2.3953718424803857e+38
0.7353973388671875, -0.032133668661117554, -0.025985807180404663, nan
0.7428306937217712, -0.013830984011292458, -0.046490125358104706, -3.3695134622691154e+38
0.7411479949951172, 0.005266215186566114, -0.026874378323554993, -2.5154710885869686e+38
0.7301440238952637, 0.04246293753385544, -0.04378880560398102, -3.3161358392669932e+38
0.7336763143539429, 0.04262791574001312, -0.02563919872045517, -3.2629667194355966e+38
0.72783362865448, 0.06081746518611908, -0.0434151291847229, -2.622226740239405e+38
0.7313281297683716, 0.06107346713542938, -0.025331705808639526, -2.6090908376596e+38
0.7189998626708984, 0.09641847759485245, -0.04191512614488602, -3.3028952794536334e+38
0.7193883657455444, 0.1150231882929802, -0.04229070246219635, -3.049351773017649e+38
0.7255990505218506, 0.1354842334985733, -0.04399880766868591, -2.488678633972833e+38
0.7386170625686646, 0.15890799462795258, -0.04727311432361603, -3.3827538192583792e+38
0.7785854339599609, 0.19365039467811584, -0.05659021437168121, -3.329532370810205e+38
0.7877944707870483, 0.21896377205848694, -0.037486739456653595, -2.408664122438235e+38
0.7631576657295227, 0.25329405069351196, -0.055105820298194885, -3.3428242451198623e+38
0.7825576066970825, 0.2393813282251358, -0.03708560764789581, -3.2893944963250587e+38
0.7380813360214233, 0.2839714288711548, -0.051007241010665894, -2.8757702466753893e+38
0.7587566375732422, 0.27274009585380554, -0.033980004489421844, -2.7155850490522453e+38
0.7385478019714355, 0.306655615568161, -0.05198925733566284, -3.3027391048996853e+38
0.8390142917633057, -0.39188531041145325, -0.026777051389217377, -2.622277851911606e+38
0.7705833911895752, -0.24717088043689728, -0.01462901383638382, -3.2093282646459715e+38
0.7744373083114624, -0.27198663353919983, 0.005715489387512207, -2.7823596092457715e+38
0.7680412530899048, -0.2233535796403885, -0.01381324976682663, -3.3827538192583792e+38
0.7875955104827881, -0.2094026803970337, 0.005438446998596191, -2.995869695606068e+38
0.7916065454483032, -0.18875326216220856, -0.016232207417488098, -2.9690772409919324e+38
0.7936147451400757, -0.18921543657779694, 0.005142204463481903, -2.9558364783544765e+38
0.773033082485199, -0.11768556386232376, -0.012796476483345032, -2.7689622664061754e+38
0.7725213766098022, -0.13830457627773285, 0.007574450224637985, -3.1692435300739866e+38
0.7265375852584839, -0.06816171109676361, -0.0061707086861133575, -3.3561684480462968e+38
0.7277814745903015, -0.08693373203277588, 0.012056984007358551, nan
0.7259300947189331, -0.04956008493900299, -0.0059600770473480225, -2.4354563742282746e+38
0.733036994934082, -0.03175806999206543, 0.011841949075460434, nan
0.7367517352104187, 0.005321496166288853, -0.007220569998025894, -2.5421596972639336e+38
0.7439724206924438, -0.013734880834817886, 0.010877225548028946, -3.3962018681219844e+38
0.7394751310348511, 0.024098819121718407, 0.011303562670946121, -3.316239482380068e+38
0.7385823726654053, 0.042857058346271515, 0.011355236172676086, -3.3295838881305985e+38
0.7302790880203247, 0.07946368306875229, -0.006601832807064056, -2.9291478696775115e+38
0.7361811399459839, 0.061428993940353394, 0.011521749198436737, -2.6356747891030102e+38
0.739782452583313, 0.11935831606388092, -0.008211206644773483, -3.1026253472585046e+38
0.73404860496521, 0.09880091995000839, 0.011536426842212677, -3.3562207766630742e+38
0.778506338596344, 0.17106416821479797, -0.013943016529083252, -3.382908979691847e+38
0.7648831009864807, 0.1456601470708847, 0.0083799809217453, -2.5555043058385602e+38
0.7946463823318481, 0.1986340880393982, -0.01646406203508377, -3.3695130566209234e+38
0.8028594255447388, 0.2243531197309494, 0.004133928567171097, -2.422111765653648e+38
0.768683135509491, 0.25486254692077637, -0.014127910137176514, -3.3561161194295193e+38
0.7871215343475342, 0.2405921071767807, 0.005336567759513855, -3.2761533280394107e+38
0.7428773641586304, 0.28547030687332153, -0.011511124670505524, -2.9424395411630725e+38
0.7627696990966797, 0.2739415168762207, 0.007022112607955933, -2.7290326922676585e+38
0.7431026697158813, 0.3081175982952118, -0.0120868980884552, -3.3294273079284583e+38
0.7549381256103516, 0.3388589918613434, 0.006620172411203384, -3.249205510167711e+38
0.7523720264434814, -0.23697684705257416, 0.028398288413882256, -3.23606940476381e+38
0.7646533250808716, -0.2660044729709625, 0.04839237406849861, -2.769015000671145e+38
0.7709494829177856, -0.22413112223148346, 0.02758544124662876, -3.382857868019646e+38
0.7893450260162354, -0.20983970165252686, 0.04823806881904602, -2.9825250870314416e+38
0.7997593879699707, -0.16871333122253418, 0.026522232219576836, -3.396150350801591e+38
0.79544997215271, -0.1896377056837082, 0.04820439964532852, -2.9825250870314416e+38
0.7423592805862427, -0.1094302237033844, 0.02971396967768669, -2.7954953090014805e+38
0.7652612924575806, -0.1359071135520935, 0.0485687330365181, -3.1959323415750477e+38
0.7217991352081299, -0.08554193377494812, 0.030851934105157852, nan
0.7226680517196655, -0.06728300452232361, 0.03086971677839756, nan
0.7292079925537109, -0.049842000007629395, 0.030583862215280533, -2.502126682836438e+38
0.7349065542221069, -0.03186985105276108, 0.048947811126708984, nan
0.7401816844940186, 0.005298605188727379, 0.030093040317296982, -2.542212025880711e+38
0.7459008097648621, -0.013799123466014862, 0.04884019494056702, nan
0.7413934469223022, 0.024137241765856743, 0.04888760298490524, -3.3295838881305985e+38
0.7404921054840088, 0.04294624924659729, 0.048893414437770844, -3.3562209794871702e+38
0.733604907989502, 0.07979489862918854, 0.03033505380153656, -2.929251715614682e+38
0.7380699515342712, 0.06156736612319946, 0.04891207814216614, -2.702397020679759e+38
0.7431800365447998, 0.10045592486858368, 0.04883918538689613, -3.3829095881641353e+38
0.7591923475265503, 0.12362922728061676, 0.04865962266921997, -3.115969550184939e+38
0.8009895086288452, 0.17789015173912048, 0.026520971208810806, nan
0.7842726707458496, 0.15088093280792236, 0.048382215201854706, -2.622226537415309e+38
0.7980961799621582, 0.1994038075208664, 0.026542339473962784, -3.382857462371454e+38
0.7944159507751465, 0.22058603167533875, 0.04820038750767708, -2.3419938138300715e+38
0.7716411352157593, 0.2557010054588318, 0.027461625635623932, -3.356220168190786e+38
0.7888917922973633, 0.24106144905090332, 0.04822650924324989, -3.3428242451198623e+38
0.7454376816749573, 0.2862682342529297, 0.028484735637903214, -2.915854778423278e+38
0.7643237113952637, 0.2744061052799225, 0.04841559752821922, -2.7289815805954573e+38
0.7358565330505371, 0.3026827573776245, 0.028796406462788582, -3.329531356689725e+38
0.7362539768218994, 0.3028096854686737, 0.04863715544342995, -3.382857462371454e+38
0.7530215978622437, -0.25961577892303467, 0.08920963853597641, -2.7823592035975794e+38
0.7519253492355347, -0.23685094714164734, 0.08886443078517914, -3.3695130566209234e+38
0.7891696691513062, -0.20979590713977814, 0.06968264281749725, -2.9291470583811273e+38
0.770463228225708, -0.2240011990070343, 0.0900001972913742, nan
0.7952660322189331, -0.18959538638591766, 0.06978341937065125, -3.0225059756662558e+38
0.7888427972793579, -0.16503587365150452, 0.09072883427143097, nan
0.7650775909423828, -0.1358729898929596, 0.06869032233953476, -3.1692433272498905e+38
0.7427177429199219, -0.10948824882507324, 0.06793860346078873, -2.8223398894082976e+38
0.7212756276130676, -0.08547013998031616, 0.08542339503765106, nan
0.722134530544281, -0.06722334027290344, 0.08539785444736481, nan
0.7347190380096436, -0.031858645379543304, 0.06755289435386658, nan
0.7286590337753296, -0.04979478567838669, 0.08579720556735992, -2.5022307315977048e+38
0.740565299987793, 0.005296043120324612, 0.06771188974380493, -2.582296963276792e+38
0.7396070957183838, 0.005302436649799347, 0.0864829570055008, -2.6223301805283836e+38
0.7412010431289673, 0.024133386090397835, 0.06773340702056885, -3.342928293881129e+38
0.7403005361557007, 0.042937301099300385, 0.06771600246429443, -3.3562213851353623e+38
0.7378804683685303, 0.06155349314212799, 0.06766006350517273, -2.6890530205774205e+38
0.7330479025840759, 0.07973942905664444, 0.08614508807659149, -2.9692849328662738e+38
0.7590013742446899, 0.12360037863254547, 0.06841746717691422, -3.115969753009035e+38
0.7420567274093628, 0.10031486302614212, 0.08687391877174377, nan
0.7830922603607178, 0.15067324042320251, 0.09007087349891663, -2.675604363241527e+38
0.8003935813903809, 0.1777709573507309, 0.09148379415273666, nan
0.8045583963394165, 0.22476914525032043, 0.07012073695659637, -2.4220602483332548e+38
0.7975188493728638, 0.19927501678466797, 0.09145502746105194, -3.3962022737701765e+38
0.7887144088745117, 0.24101442098617554, 0.06971731781959534, -3.382857462371454e+38
0.7711465358734131, 0.25556087493896484, 0.09017293155193329, -3.382857462371454e+38
0.7641680240631104, 0.2743595838546753, 0.06915059685707092, -2.7423259863459878e+38
0.7450098991394043, 0.2861349880695343, 0.08874449133872986, -2.9825252898555376e+38
0.7257909774780273, 0.31827080249786377, 0.06827959418296814, -3.236068999115618e+38
0.7261966466903687, 0.2966061234474182, 0.08760415017604828, -3.382857462371454e+38
0.7867237329483032, -0.20918484032154083, 0.1124057024717331, -2.9959216185746535e+38
0.7927005290985107, -0.189005047082901, 0.11276368051767349, -3.0093181501178654e+38
0.7625170946121216, -0.13539735972881317, 0.10875073820352554, -3.209380796086845e+38
0.7379138469696045, -0.10871060192584991, 0.12482637912034988, -2.875717918058612e+38
0.7197109460830688, -0.08525551855564117, 0.1034957617521286, nan
0.718252420425415, -0.0667891725897789, 0.12135516852140427, nan
0.7321068048477173, -0.03170245885848999, 0.1045696809887886, nan
0.724665641784668, -0.04945133626461029, 0.122197724878788, -2.5555043058385602e+38
0.7430129051208496, -0.01370292529463768, 0.10574644804000854, nan
0.735429048538208, 0.005330317188054323, 0.12364520877599716, -2.7156373776690228e+38
0.7385207414627075, 0.02407969906926155, 0.1052255928516388, -3.3695130566209234e+38
0.7376322746276855, 0.04281267523765564, 0.10516279935836792, -3.3697732799361382e+38
0.7352413535118103, 0.06136015057563782, 0.10496017336845398, -2.782567503944209e+38
0.728996217250824, 0.07933590561151505, 0.12293592840433121, -3.0759361301092514e+38
0.7563408613204956, 0.12319839745759964, 0.10773839056491852, -3.1560031730847228e+38
0.7307651042938232, 0.09838853776454926, 0.12338045239448547, nan
0.7905080318450928, 0.15293283760547638, 0.11183192580938339, -2.6622599574909966e+38
0.7986116409301758, 0.17741453647613525, 0.11300518363714218, nan
0.8019188642501831, 0.2241227924823761, 0.11399363726377487, -2.448800779978805e+38
0.7862393856048584, 0.24035821855068207, 0.11252887547016144, -3.3428242451198623e+38
0.7675389647483826, 0.254537969827652, 0.13164407014846802, nan
0.7619948983192444, 0.2737097442150116, 0.11047860980033875, -2.7823598120698675e+38
0.7337270975112915, -0.032033808529376984, 0.14233806729316711, nan
0.739438533782959, 0.0052776155062019825, 0.14332523941993713, -2.7423781121386692e+38
0.7328610420227051, 0.023966334760189056, 0.1420535147190094, -3.342928293881129e+38
0.7319976091384888, 0.042549505829811096, 0.14194869995117188, nan
0.7296674251556396, 0.060951799154281616, 0.14160768687725067, -2.809256721093462e+38
