0.35556718707084656, -0.07374316453933716, -0.3130090832710266, -2.4749198585940997e+38
0.36063286662101746, -0.06717443466186523, -0.3096846342086792, -2.4349906901037748e+38
0.3583405017852783, -0.060062214732170105, -0.3194339871406555, -2.4216984101459256e+38
0.3644551634788513, -0.05401483178138733, -0.3207898736000061, -2.4350947388650415e+38
0.3606809079647064, -0.04572116583585739, -0.32491976022720337, -2.4350947388650415e+38
0.3616757392883301, -0.03833577781915665, -0.3272860646247864, -2.3950611159652578e+38
0.3648616373538971, -0.031970806419849396, -0.34012627601623535, -2.4350943332168494e+38
0.37217360734939575, -0.025222310796380043, -0.34627705812454224, -2.4616790959566438e+38
0.3655509352684021, -0.007954210042953491, -0.3393980860710144, -2.5149524673734032e+38
0.3702898621559143, -0.01629967801272869, -0.3368493318557739, -2.474971375914493e+38
0.37090009450912476, -0.0005819173529744148, -0.3633282780647278, -2.44843873896738e+38
0.37533387541770935, 0.007873497903347015, -0.35681837797164917, -2.4350943332168494e+38
0.3738258481025696, 0.025301646441221237, -0.3770315647125244, -2.4483350958543053e+38
0.37532979249954224, 0.024904068559408188, -0.3573259711265564, -2.4349906901037748e+38
0.37050336599349976, 0.041781820356845856, -0.3638010025024414, -2.4350947388650415e+38
0.3580264449119568, 0.03626345843076706, -0.28432297706604004, -2.448439144615572e+38
0.36561518907546997, 0.05648960918188095, -0.34459346532821655, -2.4085621019179285e+38
0.36675846576690674, 0.047124966979026794, -0.32351136207580566, -2.435146864657723e+38
0.35561540722846985, 0.06601211428642273, -0.3023478388786316, -2.3553406534697545e+38
0.36112961173057556, 0.05982477217912674, -0.30255478620529175, -2.3952694163118873e+38
0.3527824878692627, 0.07890582829713821, -0.29446274042129517, -2.3684767588736555e+38
0.3593261241912842, 0.07400798797607422, -0.2993583083152771, -2.3817684303592166e+38
0.3504577577114105, 0.09198330342769623, -0.2900320887565613, -2.4881600127592674e+38
0.35611671209335327, 0.08676064759492874, -0.2909303307533264, -2.4084570390361816e+38
0.36211907863616943, -0.08188274502754211, -0.30080491304397583, -2.4083018786027137e+38
0.3668067753314972, -0.08332497626543045, -0.2987494468688965, -2.3683727101123888e+38
0.36381596326828003, -0.07525616884231567, -0.30447596311569214, -2.3816130671016526e+38
0.37028828263282776, -0.06970585882663727, -0.3060484528541565, -2.4084578503325658e+38
0.3680794835090637, -0.062385402619838715, -0.31615251302719116, -2.39506152161345e+38
0.3745775520801544, -0.05618172883987427, -0.3174188733100891, -2.421906507668459e+38
0.3719676733016968, -0.04841848462820053, -0.32712745666503906, -2.4085621019179285e+38
0.37709367275238037, -0.04086434096097946, -0.3227962255477905, -2.4085621019179285e+38
0.37541496753692627, -0.03343141824007034, -0.3372829556465149, -2.395217696167398e+38
0.3818029463291168, -0.025957224890589714, -0.33769941329956055, -2.4484912704082534e+38
0.3748927712440491, -0.008339134976267815, -0.3315221667289734, -2.461679501604836e+38
0.38114383816719055, -0.017235901206731796, -0.3339880704879761, -2.448439144615572e+38
0.36312440037727356, 0.008218733593821526, -0.2830621004104614, -2.474971781562685e+38
0.3676680326461792, 0.0009532645344734192, -0.28112971782684326, -2.4349906901037748e+38
0.35771358013153076, 0.014997043646872044, -0.2612128257751465, -2.461679501604836e+38
0.3612588047981262, 0.021746624261140823, -0.2568461298942566, -2.4216462843532442e+38
0.35837867856025696, 0.028532955795526505, -0.26482969522476196, -2.421750333114511e+38
0.3616824150085449, 0.03541522100567818, -0.259854257106781, -2.4084059273639804e+38
0.3667221665382385, 0.05333355814218521, -0.30248868465423584, -2.4085621019179285e+38
0.36949464678764343, 0.053027547895908356, -0.29249101877212524, -2.395217696167398e+38
0.3650760352611542, 0.06795055419206619, -0.29971134662628174, -2.3950611159652578e+38
0.36998051404953003, 0.06895498186349869, -0.29822802543640137, -2.3950611159652578e+38
0.3619067668914795, 0.08123839646577835, -0.29163217544555664, -2.3950611159652578e+38
0.3678184747695923, 0.07540470361709595, -0.2921105623245239, -2.3817167102147273e+38
0.3606661558151245, 0.0880359336733818, -0.2893950939178467, -2.3950611159652578e+38
0.3649265170097351, 0.09713628143072128, -0.2893831729888916, -2.4084057245398844e+38
0.3644079566001892, 0.10494933277368546, -0.2908239960670471, -2.395061318789354e+38
0.37835782766342163, -0.09728562831878662, -0.3046935796737671, -2.3284956674147453e+38
0.3777962028980255, -0.08761899173259735, -0.29902374744415283, -2.3683727101123888e+38
0.37348997592926025, -0.07801414281129837, -0.30041247606277466, -2.3551844789158064e+38
0.3803682029247284, -0.07234473526477814, -0.30188828706741333, -2.341840073165276e+38
0.37826627492904663, -0.06481273472309113, -0.31237590312957764, -2.3818732904168674e+38
0.3851718008518219, -0.05844765156507492, -0.3135284185409546, -2.3685810104590183e+38
0.3812233507633209, -0.04960852116346359, -0.3184394836425781, -2.435303039211671e+38
0.3880031108856201, -0.04265246540307999, -0.3191795349121094, -2.3685810104590183e+38
0.3835914731025696, -0.03373803198337555, -0.3233802914619446, -2.381925416209549e+38
0.3932722210884094, -0.027246667072176933, -0.33420366048812866, -2.3552366047084877e+38
0.38047727942466736, -0.00802057795226574, -0.3088141679763794, -2.39506152161345e+38
0.392551064491272, -0.018219728022813797, -0.33062267303466797, -2.3818732904168674e+38
0.37255772948265076, 0.0007903575897216797, -0.2797895669937134, -2.3950093958207685e+38
0.3755868077278137, 0.008163876831531525, -0.271396279335022, -2.39506152161345e+38
0.36579790711402893, 0.02195892482995987, -0.2556232810020447, -2.4083018786027137e+38
0.3714832067489624, 0.01527295634150505, -0.2575036287307739, -2.394957472852183e+38
0.3662467300891876, 0.03587217628955841, -0.2585907578468323, -2.3817171158629193e+38
0.3712616264820099, 0.029339266940951347, -0.25758618116378784, -2.4350947388650415e+38
0.3729102611541748, 0.04542209208011627, -0.28384190797805786, -2.3817692416556007e+38
0.378421813249588, 0.05404047667980194, -0.28532010316848755, -2.368528884666337e+38
0.37367111444473267, 0.061213962733745575, -0.28972315788269043, -2.3683727101123888e+38
0.3738399147987366, 0.06924872100353241, -0.29233598709106445, -2.3817171158629193e+38
0.37146323919296265, 0.08367885649204254, -0.2883453965187073, -2.39506152161345e+38
0.37773454189300537, 0.07768706977367401, -0.2887030839920044, -2.39506152161345e+38
0.3707808554172516, 0.09968160837888718, -0.2917695641517639, -2.4084059273639804e+38
0.37611350417137146, 0.09304453432559967, -0.2882344722747803, -2.421750333114511e+38
0.3707248866558075, 0.11710572987794876, -0.29887521266937256, -2.4084059273639804e+38
0.37560978531837463, 0.11881420016288757, -0.2965838313102722, -2.4084059273639804e+38
0.38907065987586975, -0.11081229895353317, -0.3045979142189026, -2.3284956674147453e+38
0.38490140438079834, -0.1005110815167427, -0.30712491273880005, -2.3418396675170837e+38
0.39262646436691284, -0.0950799509882927, -0.3088186979293823, -2.3816130671016526e+38
0.38701969385147095, -0.07485530525445938, -0.3044480085372925, -2.3550283043618582e+38
0.39396631717681885, -0.07746342569589615, -0.30691999197006226, -2.3550283043618582e+38
0.39218562841415405, -0.060585424304008484, -0.3164387345314026, -2.341840073165276e+38
0.3959924578666687, -0.06974603235721588, -0.3106454610824585, -2.368528884666337e+38
0.3937893807888031, -0.05254562944173813, -0.3195170760154724, -2.3552366047084877e+38
0.39956146478652954, -0.053636372089385986, -0.3172464966773987, -2.3551844789158064e+38
0.3948996067047119, -0.035301901400089264, -0.31960147619247437, -2.341840275989372e+38
0.40025246143341064, -0.027042409405112267, -0.3146452307701111, -2.3550285071859543e+38
0.3914894461631775, -0.008679691702127457, -0.3054655194282532, -2.368528884666337e+38
0.401183545589447, -0.018466927111148834, -0.31647026538848877, -2.3550283043618582e+38
0.39476269483566284, -0.00033435970544815063, -0.29570186138153076, -2.4216978016736375e+38
0.3909083306789398, 0.0080036586150527, -0.28378409147262573, -2.3950089901725764e+38
0.37847819924354553, 0.015490623190999031, -0.263025164604187, -2.3816130671016526e+38
0.3871065676212311, 0.023510389029979706, -0.2725790739059448, -2.395061724437546e+38
0.3801123797893524, 0.038050755858421326, -0.2699185609817505, -2.39506152161345e+38
0.38565099239349365, 0.030976833775639534, -0.268680214881897, -2.4617835503661026e+38
0.38311222195625305, 0.04671318084001541, -0.2806830406188965, -2.3551844789158064e+38
0.38840121030807495, 0.04738239198923111, -0.2789064049720764, -2.3817167102147273e+38
0.3854096531867981, 0.07211266458034515, -0.29302871227264404, -2.3817173186870154e+38
0.3907952308654785, 0.0732140839099884, -0.29101866483688354, -2.3817171158629193e+38
0.38413816690444946, 0.07971938699483871, -0.2910129427909851, -2.4084059273639804e+38
0.38929319381713867, 0.08948533982038498, -0.2908364534378052, -2.3817171158629193e+38
0.3845953047275543, 0.1062924787402153, -0.3008382320404053, -2.39506152161345e+38
0.39180251955986023, 0.10034613311290741, -0.3014812469482422, -2.3817171158629193e+38
0.3840038478374481, 0.11489483714103699, -0.3022196888923645, -2.395061318789354e+38
0.39071571826934814, 0.11802849173545837, -0.3043767213821411, -2.39506152161345e+38
0.39698636531829834, 0.14488284289836884, -0.3327593207359314, -2.39506152161345e+38
0.39474058151245117, -0.12321849912405014, -0.30674517154693604, -2.368372912936485e+38
0.401401549577713, -0.11632027477025986, -0.3031993508338928, -2.3683209899678995e+38
0.398851215839386, -0.1073324978351593, -0.31168049573898315, -2.3817171158629193e+38
0.40157216787338257, -0.09990456700325012, -0.31648683547973633, -2.3816130671016526e+38
0.4047425389289856, -0.08279336243867874, -0.31983673572540283, -2.3683727101123888e+38
0.4125898480415344, -0.08572937548160553, -0.32231295108795166, -2.3683727101123888e+38
0.40719133615493774, -0.06512290239334106, -0.32201457023620605, -2.3551844789158064e+38
0.413029283285141, -0.07606630772352219, -0.32090485095977783, -2.341840073165276e+38
0.40534207224845886, -0.04549263417720795, -0.31265145540237427, -2.341840478813468e+38
0.41524219512939453, -0.05776958167552948, -0.3226380944252014, -2.3551844789158064e+38
0.40337830781936646, -0.03569196164608002, -0.30540841817855835, -2.3150997443438215e+38
0.40934377908706665, -0.03651634603738785, -0.30302542448043823, -2.3150999471679175e+38
0.39995425939559937, -0.008884217590093613, -0.29261088371276855, -2.3950095986448645e+38
0.4065980911254883, -0.01801445707678795, -0.29334843158721924, -2.3149954927584587e+38
0.3964555561542511, 0.007966641336679459, -0.2819065451622009, -2.381664787246142e+38
0.4048026204109192, -0.0005880789831280708, -0.2873365879058838, -2.3816130671016526e+38
0.39520296454429626, 0.01603561080992222, -0.2783578038215637, -2.3817173186870154e+38
0.40076786279678345, 0.024351753294467926, -0.2764900326728821, -2.368372912936485e+38
0.39445167779922485, 0.04012791067361832, -0.27780681848526, -2.4350947388650415e+38
0.4005028009414673, 0.032539233565330505, -0.27629220485687256, -2.3817171158629193e+38
0.39658108353614807, 0.04899197816848755, -0.28501445055007935, -2.4084055217157883e+38
0.4028526246547699, 0.058484822511672974, -0.285793662071228, -2.3683723044641967e+38
0.39754989743232727, 0.06633957475423813, -0.29069727659225464, -2.39506152161345e+38
0.40346330404281616, 0.07631222903728485, -0.2907957434654236, -2.3550283043618582e+38
0.3991749584674835, 0.09401634335517883, -0.30185365676879883, -2.3683727101123888e+38
0.40348052978515625, 0.08532513678073883, -0.2928955554962158, -2.3550283043618582e+38
0.39837372303009033, 0.11218644678592682, -0.30513960123062134, -2.3550283043618582e+38
0.407427042722702, 0.1167411282658577, -0.3120450973510742, -2.3550283043618582e+38
0.4036429226398468, 0.13731519877910614, -0.32834553718566895, -2.3550283043618582e+38
0.41035300493240356, 0.1295544058084488, -0.32381683588027954, -2.395061724437546e+38
0.4045114815235138, 0.14902667701244354, -0.3352033495903015, -2.3550283043618582e+38
0.4103891849517822, 0.15119194984436035, -0.33168649673461914, -2.3416841014354237e+38
0.4132603406906128, -0.14264430105686188, -0.30570125579833984, -2.3817171158629193e+38
0.4073534905910492, -0.12921921908855438, -0.30471837520599365, -2.3817171158629193e+38
0.41495025157928467, -0.13342349231243134, -0.30613434314727783, -2.39506152161345e+38
0.4150986075401306, -0.10512805730104446, -0.3152797222137451, -2.408197424193255e+38
0.4199344515800476, -0.1166042611002922, -0.31188029050827026, -2.394957472852183e+38
0.42078685760498047, -0.08878179639577866, -0.3246620297431946, -2.381664990070238e+38
0.42638570070266724, -0.10051518678665161, -0.32215166091918945, -2.4347819841089532e+38
0.4233608841896057, -0.08014673739671707, -0.3289146423339844, -2.355132353123125e+38
0.42984098196029663, -0.08168461918830872, -0.3255283832550049, -2.394956864379895e+38
0.42362284660339355, -0.059962958097457886, -0.3251650333404541, -2.368528884666337e+38
0.4300166368484497, -0.05102706700563431, -0.3198857307434082, -2.3418396675170837e+38
0.4149790406227112, -0.028080081567168236, -0.2980809211730957, -2.354976989865561e+38
0.42167341709136963, -0.03821970522403717, -0.29771506786346436, -2.3817171158629193e+38
0.4117676615715027, -0.009591162204742432, -0.28815722465515137, -2.3816132699257486e+38
0.41873621940612793, -0.019060658290982246, -0.28842175006866455, -2.3416843042595198e+38
0.40951937437057495, 0.0078640878200531, -0.2817404270172119, -2.3950098014689606e+38
0.4168139696121216, -0.0009882543236017227, -0.28264105319976807, -2.3683211927919955e+38
0.4080474376678467, 0.02479706145823002, -0.27827662229537964, -2.368372912936485e+38
0.4157121181488037, 0.016537632793188095, -0.2798185348510742, -2.3815615497812593e+38
0.4088023900985718, 0.04201772063970566, -0.28151869773864746, -2.3683727101123888e+38
0.4153321385383606, 0.03396173194050789, -0.2796856760978699, -2.3949053470595018e+38
0.41027727723121643, 0.059987738728523254, -0.28762054443359375, -2.3683723044641967e+38
0.41630640625953674, 0.060908034443855286, -0.2850489616394043, -2.394957472852183e+38
0.4109303951263428, 0.07835939526557922, -0.2926071882247925, -2.3683727101123888e+38
0.4167393147945404, 0.07021129131317139, -0.2875972390174866, -2.3817171158629193e+38
0.41265323758125305, 0.0886533260345459, -0.29921627044677734, -2.3683727101123888e+38
0.41425490379333496, 0.0992850810289383, -0.30582964420318604, -2.3416838986113277e+38
0.4176240563392639, 0.11165335774421692, -0.31755292415618896, -2.3683727101123888e+38
0.4232991337776184, 0.12345252931118011, -0.31572413444519043, -2.3550283043618582e+38
0.41745319962501526, 0.14334549009799957, -0.32704073190689087, -2.4084061301880765e+38
0.42359745502471924, 0.1454714685678482, -0.3232569694519043, -2.395061724437546e+38
0.4150828421115875, 0.1633819043636322, -0.32863736152648926, -2.3550285071859543e+38
0.42104995250701904, 0.16569027304649353, -0.32450491189956665, -2.368372912936485e+38
0.41739335656166077, 0.17319762706756592, -0.31907516717910767, -2.3416841014354237e+38
0.4316149950027466, -0.15466783940792084, -0.3137360215187073, -2.39506152161345e+38
0.4267532527446747, -0.1303868591785431, -0.313376247882843, -2.3816130671016526e+38
0.4310692846775055, -0.14228840172290802, -0.3083970546722412, -2.39506152161345e+38
0.4317331314086914, -0.11248240619897842, -0.31884652376174927, -2.3815611441330673e+38
0.436777263879776, -0.12462509423494339, -0.3147139549255371, -2.394957472852183e+38
0.43828505277633667, -0.09525448828935623, -0.32891029119491577, -2.3815609413089712e+38
0.4468124508857727, -0.10959094017744064, -0.3317486047744751, -2.3550285071859543e+38
0.44125431776046753, -0.08611933141946793, -0.3334752321243286, -2.368268661351122e+38
0.4510822892189026, -0.07817386835813522, -0.33383071422576904, -2.3550283043618582e+38
0.4415398836135864, -0.0646209642291069, -0.3297974467277527, -2.3151512616642147e+38
0.438992977142334, -0.053023070096969604, -0.3220175504684448, -2.341840073165276e+38
0.42757388949394226, -0.029494529590010643, -0.29255807399749756, -2.39506152161345e+38
0.4345289468765259, -0.039994992315769196, -0.29160362482070923, -2.368372912936485e+38
0.4250081777572632, -0.019601188600063324, -0.2856752872467041, -2.368372912936485e+38
0.4324299097061157, -0.010976750403642654, -0.2843589782714844, -2.328288381188596e+38
0.4248223900794983, -0.001335861161351204, -0.28420907258987427, -2.381665801366622e+38
0.4312494993209839, -0.0015499861910939217, -0.2813500165939331, -2.3149439754380654e+38
0.4218099117279053, 0.025548014789819717, -0.2773503065109253, -2.3814575010199926e+38
0.430025577545166, 0.01687164232134819, -0.27852874994277954, -2.3148397238527026e+38
0.423226535320282, 0.03471429646015167, -0.2811661958694458, -2.3814570953718005e+38
0.42958876490592957, 0.0351814404129982, -0.2783370018005371, -2.3015468354225654e+38
0.4235641062259674, 0.05300729721784592, -0.2836676836013794, -2.3814568925477045e+38
0.43062371015548706, 0.06347128003835678, -0.2835015058517456, -2.314891038349e+38
0.4265803396701813, 0.07289038598537445, -0.2934616804122925, -2.328339492860797e+38
0.43302643299102783, 0.07404054701328278, -0.290321409702301, -2.2616176669322405e+38
0.42493265867233276, 0.09146828949451447, -0.2932221293449402, -2.3550283043618582e+38
0.4309689402580261, 0.10279985517263412, -0.29142504930496216, -2.301650884183832e+38
0.4302394390106201, 0.11515887081623077, -0.3107876777648926, -2.3149950871102666e+38
0.4296025335788727, 0.12535065412521362, -0.3120860457420349, -2.3149952899343627e+38
0.42983508110046387, 0.1476260870695114, -0.3192415237426758, -2.3550285071859543e+38
0.43962347507476807, 0.14130699634552002, -0.31972378492355347, -2.2883064784333016e+38
0.4249078035354614, 0.1656741350889206, -0.31458163261413574, -2.301650884183832e+38
0.43479010462760925, 0.16013604402542114, -0.3153783679008484, -2.301650884183832e+38
0.42111361026763916, 0.1731051802635193, -0.30912643671035767, -2.301650884183832e+38
0.42693403363227844, 0.1754526048898697, -0.3044690489768982, -2.3283396956848932e+38
0.4471842646598816, -0.1888670027256012, -0.3196161985397339, -2.3548202068393248e+38
0.4379904270172119, -0.16974453628063202, -0.31370413303375244, -2.354715955253962e+38
0.4467706084251404, -0.17522215843200684, -0.31415998935699463, -2.368112486797174e+38
0.439609557390213, -0.14695866405963898, -0.30920612812042236, -2.3949053470595018e+38
0.4414653778076172, -0.1368771642446518, -0.3097277283668518, -2.3816130671016526e+38
0.4457206130027771, -0.12885981798171997, -0.31581950187683105, -2.3683207871438034e+38
0.45654383301734924, -0.12245095521211624, -0.3167220950126648, -2.28825435264062e+38
0.45368409156799316, -0.11153105646371841, -0.3271973133087158, -2.3417883530207865e+38
0.46452566981315613, -0.10411392897367477, -0.3277076482772827, -2.3281845352514253e+38
0.4582922160625458, -0.0797097384929657, -0.3297053575515747, -2.3684250387291662e+38
0.465212881565094, -0.09269913285970688, -0.32666438817977905, -2.368217752503017e+38
0.45301249623298645, -0.05531603842973709, -0.3147825002670288, -2.3416841014354237e+38
0.46297958493232727, -0.06866300106048584, -0.3180149793624878, -2.368217346854825e+38
0.4433228373527527, -0.041595570743083954, -0.2928275465965271, -2.354976787041465e+38
0.45196959376335144, -0.032850928604602814, -0.291728138923645, -2.31489205246948e+38
0.448932409286499, -0.02211088500916958, -0.2847994565963745, -2.3549252697210717e+38
0.44790422916412354, -0.012055698782205582, -0.2821369767189026, -2.328288381188596e+38
0.43781280517578125, -0.0017686476930975914, -0.278276264667511, -2.3149441782621614e+38
0.44503480195999146, 0.0075951823964715, -0.2758619785308838, -2.2882551639370043e+38
0.4384172558784485, 0.02654743380844593, -0.2797122597694397, -2.3416325841150305e+38
0.4452492594718933, 0.01722506247460842, -0.27634382247924805, -2.2615661496118472e+38
0.43803340196609497, 0.03597863391041756, -0.27939867973327637, -2.3283396956848932e+38
0.44474512338638306, 0.036471374332904816, -0.2760887145996094, -2.3149952899343627e+38
0.4391188621520996, 0.06515534222126007, -0.28452616930007935, -2.3149952899343627e+38
0.4471728801727295, 0.056624941527843475, -0.28259021043777466, -2.328287772716308e+38
0.43981242179870605, 0.08533681929111481, -0.2890610098838806, -2.301599366863439e+38
0.4464830160140991, 0.08669602870941162, -0.2853469252586365, -2.314891849645384e+38
0.43768391013145447, 0.09438812732696533, -0.28636354207992554, -2.3282881783645e+38
0.4438413679599762, 0.10606099665164948, -0.2838450074195862, -2.3682167383825367e+38
0.44483456015586853, 0.13093361258506775, -0.3092007637023926, -2.2882547582888123e+38
0.4499801695346832, 0.12063149362802505, -0.2988770008087158, -2.3548725354561022e+38
0.44257187843322754, 0.15201379358768463, -0.31047171354293823, -2.248273464005806e+38
0.4529207944869995, 0.1455942541360855, -0.31064337491989136, -2.3416325841150305e+38
0.43702220916748047, 0.1703314483165741, -0.3052369952201843, -2.328443947270256e+38
0.4474581182003021, 0.16474910080432892, -0.3057326078414917, -2.421594361384659e+38
0.43070051074028015, 0.18750232458114624, -0.29890453815460205, -2.341736227228105e+38
0.43647831678390503, 0.18990983068943024, -0.29354989528656006, -2.3949047385872136e+38
0.47684454917907715, -0.2137417495250702, -0.34177929162979126, -2.3817171158629193e+38
0.4584052562713623, -0.17034702003002167, -0.3154177665710449, -2.421594158560563e+38
0.4620564877986908, -0.18327254056930542, -0.3077356815338135, -2.3683727101123888e+38
0.4628310203552246, -0.14879187941551208, -0.316914439201355, -2.4081457040487656e+38
0.4727576971054077, -0.15381671488285065, -0.31714314222335815, -2.4081457040487656e+38
0.46171051263809204, -0.13540729880332947, -0.31129008531570435, -2.3949053470595018e+38
0.4633619785308838, -0.1245143786072731, -0.31151044368743896, -2.3682167383825367e+38
0.4677000045776367, -0.11548014730215073, -0.3172636032104492, -2.368217752503017e+38
0.47916391491889954, -0.1079101637005806, -0.3173856735229492, -2.3815617526053554e+38
0.47608017921447754, -0.08430345356464386, -0.3264715075492859, -2.3682171440307288e+38
0.4832228422164917, -0.0978919267654419, -0.3225638270378113, -2.3682171440307288e+38
0.47313034534454346, -0.05970706790685654, -0.3172416090965271, -2.328183926779137e+38
0.4808726906776428, -0.07270140200853348, -0.3142787218093872, -2.314891241173096e+38
0.4672122597694397, -0.04654860496520996, -0.3045412302017212, -2.3148403323249908e+38
0.47682642936706543, -0.03698085993528366, -0.3029019832611084, -2.3146839549469466e+38
0.4582386016845703, -0.023145688697695732, -0.285506010055542, -2.3415289410019558e+38
0.4718378186225891, -0.014141330495476723, -0.2924259901046753, -2.3547686895189315e+38
0.4540783166885376, 0.007518274709582329, -0.2764713168144226, -2.3282358497477225e+38
0.4634857475757599, 0.007438515312969685, -0.27683335542678833, -2.3814570953718005e+38
0.4520195722579956, 0.02718334272503853, -0.27288323640823364, -2.394957472852183e+38
0.463724821805954, 0.017695751041173935, -0.277316689491272, -2.341424283768401e+38
0.45519375801086426, 0.047634221613407135, -0.28008997440338135, -2.3282354440995304e+38
0.46549880504608154, 0.03855390474200249, -0.2812592387199402, -2.394801298298235e+38
0.45715993642807007, 0.06871313601732254, -0.2859150171279907, -2.3280802836660625e+38
0.46672460436820984, 0.07059047371149063, -0.28623348474502563, -2.3146322348024573e+38
0.45536574721336365, 0.07850319147109985, -0.283841609954834, -2.3547171721985382e+38
0.4649774432182312, 0.09160610288381577, -0.28598660230636597, -2.3279762349047958e+38
0.45270174741744995, 0.1090308129787445, -0.28412044048309326, -2.36811268962127e+38
0.46237289905548096, 0.10132309794425964, -0.28299081325531006, -2.354665046405857e+38
0.46887263655662537, 0.12767234444618225, -0.2994169592857361, -2.3413202350071342e+38
0.46785449981689453, 0.13886544108390808, -0.3000944256782532, -2.3813530466105338e+38
0.4596947431564331, 0.14777308702468872, -0.30569058656692505, -2.381404766755023e+38
0.46494877338409424, 0.1609676629304886, -0.300487756729126, -2.3547680810466434e+38
0.4538869857788086, 0.16708172857761383, -0.30049943923950195, -2.4614707956100143e+38
0.4603685140609741, 0.16942745447158813, -0.29497861862182617, -2.3680605638285886e+38
0.444760262966156, 0.19509926438331604, -0.29313522577285767, -2.4347819841089532e+38
0.45067471265792847, 0.1975403130054474, -0.287142276763916, -2.11451624609622e+38
0.44534599781036377, 0.20429964363574982, -0.2805953621864319, -2.287993115204925e+38
0.49301934242248535, -0.2431681603193283, -0.35738736391067505, -2.341580052674157e+38
0.49975553154945374, -0.24586428701877594, -0.348472535610199, -2.3414760039128903e+38
0.48253822326660156, -0.20051263272762299, -0.32776349782943726, -2.3549757729209848e+38
0.47450774908065796, -0.1783493459224701, -0.30861032009124756, -2.3549757729209848e+38
0.4771762490272522, -0.1673382669687271, -0.30979812145233154, -2.3549238499523994e+38
0.48385995626449585, -0.16970932483673096, -0.3028726577758789, -2.3414758010887942e+38
0.48709094524383545, -0.135650634765625, -0.3179577589035034, -2.4080937810801802e+38
0.4923941493034363, -0.14971038699150085, -0.3110218644142151, -2.36811268962127e+38
0.48660987615585327, -0.1098378598690033, -0.311759352684021, -2.368269066999314e+38
0.49412801861763, -0.11178190261125565, -0.3058052062988281, -2.3813009208178524e+38
0.48827195167541504, -0.08608600497245789, -0.31036221981048584, -2.341580052674157e+38
0.49524515867233276, -0.09979213774204254, -0.3054500222206116, -2.3546642351094727e+38
0.4886017441749573, -0.0741560086607933, -0.30914151668548584, -2.3282354440995304e+38
0.4964306354522705, -0.07562868297100067, -0.30367833375930786, -2.3013912693409054e+38
0.4845527708530426, -0.03784806281328201, -0.29822415113449097, -2.3680094521563874e+38
0.4961569905281067, -0.051442794501781464, -0.3004276156425476, -2.274911366658762e+38
0.4821811318397522, -0.014934813603758812, -0.2927170991897583, -2.3546646407576648e+38
0.48846524953842163, -0.0264871995896101, -0.2860117554664612, -2.3281849408996173e+38
0.47779136896133423, -0.0035369116812944412, -0.2848231792449951, -2.354716766550346e+38
0.4861478805541992, 0.0072336262091994286, -0.2811329960823059, -2.3413204378312303e+38
0.47090470790863037, 0.028300531208515167, -0.27319490909576416, -2.3280792695455823e+38
0.48104289174079895, 0.018094927072525024, -0.27289485931396484, -2.3146831436505625e+38
0.47448015213012695, 0.050089143216609955, -0.28047609329223633, -2.328027143752901e+38
0.4820065498352051, 0.05084110051393509, -0.27585142850875854, -2.341319829358942e+38
0.4740604758262634, 0.07170800119638443, -0.28176945447921753, -2.2745470945822803e+38
0.4832943379878998, 0.06220100820064545, -0.27883797883987427, -2.3279232978157302e+38
0.4721582531929016, 0.09306688606739044, -0.28134703636169434, -2.314580311833872e+38
0.4820060133934021, 0.08424579352140427, -0.27913111448287964, -2.327716011589581e+38
0.47196298837661743, 0.10418464988470078, -0.2827737331390381, -2.3146318291542652e+38
0.4813194274902344, 0.11856646835803986, -0.2832343578338623, -2.2879951434458855e+38
0.4760212004184723, 0.12964533269405365, -0.2942061424255371, -2.3412163890699635e+38
0.48496097326278687, 0.145040363073349, -0.29405707120895386, -2.3012868149314466e+38
0.47633421421051025, 0.15430402755737305, -0.30008625984191895, -2.28809878655896e+38
0.4746156930923462, 0.1655927300453186, -0.3000198006629944, -2.3280800808419665e+38
0.4674326181411743, 0.18498991429805756, -0.2936021685600281, -2.3279762349047958e+38
0.4793696701526642, 0.17916454374790192, -0.2933306097984314, -2.3413727664480077e+38
0.4565995931625366, 0.19997358322143555, -0.2808604836463928, -2.248118100748242e+38
0.46828973293304443, 0.19518257677555084, -0.2808341979980469, -2.3280287663456692e+38
0.4566473364830017, 0.20907263457775116, -0.26757049560546875, -2.301339143548224e+38
0.5100706815719604, -0.23597396910190582, -0.34063225984573364, -2.3813009208178524e+38
0.5130471587181091, -0.2511003017425537, -0.3295731544494629, -2.2880466607662788e+38
0.49996477365493774, -0.20972850918769836, -0.31898313760757446, -2.341424283768401e+38
0.4939100444316864, -0.18547406792640686, -0.2862241864204407, -2.3012355004351493e+38
0.49337106943130493, -0.16079241037368774, -0.2969740033149719, -2.3279760320806997e+38
0.4935072660446167, -0.17126719653606415, -0.28219008445739746, -2.2745468917581843e+38
0.498171865940094, -0.13761137425899506, -0.2988598346710205, -2.301183374642468e+38
0.5030161738395691, -0.15156133472919464, -0.29086101055145264, -2.274494968789599e+38
0.5001069903373718, -0.12574946880340576, -0.29934871196746826, -2.367852669130151e+38
0.5017075538635254, -0.11373937875032425, -0.29951000213623047, -2.3145790948892957e+38
0.502957284450531, -0.10160945355892181, -0.2993272542953491, -2.3279239062880183e+38
0.5038419961929321, -0.08939091116189957, -0.2987860441207886, -2.287942612005012e+38
0.5044701099395752, -0.06482520699501038, -0.29658204317092896, -2.274650737695355e+38
0.5123471021652222, -0.07862037420272827, -0.2917138934135437, -2.2745470945822803e+38
0.5123300552368164, -0.053673259913921356, -0.28902286291122437, -2.2879436261254922e+38
0.5083949565887451, -0.04052330553531647, -0.28223150968551636, -2.261254814624431e+38
0.4949742257595062, -0.015525631606578827, -0.2782334089279175, -2.2879955490940776e+38
0.5029054880142212, -0.016000140458345413, -0.27284640073776245, -2.247962534666582e+38
0.4961482882499695, -0.004242840223014355, -0.27968281507492065, -2.314580311833872e+38
0.5041482448577881, -0.004509370774030685, -0.2743120789527893, -2.2347223805014142e+38
0.49143147468566895, 0.018356647342443466, -0.2723086476325989, -2.274806506601111e+38
0.49910596013069153, 0.029865391552448273, -0.26708394289016724, -2.221429694895373e+38
0.48964229226112366, 0.05160391330718994, -0.270910382270813, -2.3012870177555426e+38
0.49847084283828735, 0.04116980731487274, -0.26659882068634033, -2.2213775691026916e+38
0.48905181884765625, 0.0739908367395401, -0.27191853523254395, -2.2611501573908763e+38
0.4966887831687927, 0.07515330612659454, -0.26650094985961914, -2.1946883519534384e+38
0.4840753674507141, 0.0949091836810112, -0.2668636441230774, -2.287943017653204e+38
0.4942571520805359, 0.08591961860656738, -0.2641376256942749, -2.1946885547775345e+38
0.486468106508255, 0.10749239474534988, -0.27230310440063477, -2.2745986119026736e+38
0.5021487474441528, 0.12546612322330475, -0.2809556722640991, -2.2212731146932328e+38
0.4986434876918793, 0.15135368704795837, -0.29828041791915894, -2.2613574436170256e+38
0.5110692977905273, 0.14327265322208405, -0.29662811756134033, -2.2212727090450407e+38
0.4916835427284241, 0.17276661098003387, -0.29264891147613525, -2.341424283768401e+38
0.5043454170227051, 0.16575108468532562, -0.29149550199508667, -2.1146736375947445e+38
0.48614874482154846, 0.18159618973731995, -0.28668391704559326, -2.2879951434458855e+38
0.4901081621646881, 0.19514283537864685, -0.2784816026687622, -2.5016618100083223e+38
0.47449350357055664, 0.19761614501476288, -0.27402812242507935, -2.221429694895373e+38
0.4837914705276489, 0.20297536253929138, -0.2718659043312073, -2.1280709804343406e+38
0.45873498916625977, 0.22070090472698212, -0.2584506869316101, -2.3143716058390504e+38
0.47075754404067993, 0.21688728034496307, -0.2581101655960083, -2.2212209889005514e+38
0.5152069330215454, -0.26577115058898926, -0.3174995183944702, -2.234565597475178e+38
0.5187400579452515, -0.23607710003852844, -0.31383025646209717, -2.2745988147267696e+38
0.5259932279586792, -0.25607922673225403, -0.3092353343963623, -2.141259414455019e+38
0.5003185272216797, -0.18780042231082916, -0.27809613943099976, -2.2745470945822803e+38
0.5198964476585388, -0.21718676388263702, -0.29211902618408203, -2.1680003517487615e+38
0.496338427066803, -0.1704656332731247, -0.2688714265823364, -2.2611505630390684e+38
0.5027192831039429, -0.17268650233745575, -0.2608604431152344, -2.114726777507906e+38
0.5063149929046631, -0.1511133760213852, -0.27774643898010254, -2.274494968789599e+38
0.5200605392456055, -0.14415781199932098, -0.2767382860183716, -2.19458491166446e+38
0.52083420753479, -0.11974655836820602, -0.2913360595703125, -2.300923556975445e+38
0.528645396232605, -0.12175630778074265, -0.2838246822357178, -2.1412074914864337e+38
0.5223408937454224, -0.10711082816123962, -0.2914022207260132, -2.2610467171018977e+38
0.5355511903762817, -0.09775980561971664, -0.2892721891403198, -2.1013827774055676e+38
0.524106502532959, -0.08152046799659729, -0.2903907299041748, -2.2345140801547847e+38
0.5365526676177979, -0.07123138010501862, -0.28757184743881226, -2.074746294521284e+38
0.5241224765777588, -0.05576971173286438, -0.2877761721611023, -2.2345144858029768e+38
0.535642147064209, -0.044689424335956573, -0.2841876745223999, -2.047953637083052e+38
0.5188891887664795, -0.029634369537234306, -0.27871906757354736, -2.207877800094597e+38
0.5292001366615295, -0.018112003803253174, -0.2743735909461975, -2.0879868543346438e+38
0.5130576491355896, 0.00703519769012928, -0.26956498622894287, -2.1414159946571592e+38
0.5342264175415039, -0.005915813148021698, -0.2806323766708374, -2.0879347285419624e+38
0.5165665745735168, 0.019029762595891953, -0.2744808793067932, -2.1280711832584366e+38
0.5391320586204529, 0.019730817526578903, -0.2869781255722046, -2.0214214057841312e+38
0.5063605308532715, 0.04174873232841492, -0.2610008716583252, -2.12796713449717e+38
0.5193727612495422, 0.0551292821764946, -0.2623049020767212, -2.0080770000336007e+38
0.5035688877105713, 0.06441226601600647, -0.25855451822280884, -2.1678961001633987e+38
0.5175850987434387, 0.06688414514064789, -0.26075971126556396, -2.0080770000336007e+38
0.5018317699432373, 0.08726658672094345, -0.25832802057266235, -2.12812270057883e+38
0.5093163251876831, 0.10061419010162354, -0.25331902503967285, -2.0081808459707714e+38
0.5165284276008606, 0.13083559274673462, -0.2841199040412903, -2.101434497550057e+38
0.5217933654785156, 0.11842035502195358, -0.27166104316711426, -2.0081810487948674e+38
0.5173158645629883, 0.1580733060836792, -0.28980404138565063, -2.034712063149212e+38
0.5250051021575928, 0.16035133600234985, -0.2822912335395813, -1.9946788458976205e+38
0.5228469371795654, 0.17294315993785858, -0.2818711996078491, -2.1416735812591256e+38
0.5202978253364563, 0.18531790375709534, -0.28109776973724365, -2.835633791958915e+38
0.5036234855651855, 0.20360565185546875, -0.2813684940338135, -2.6220734052228014e+38
0.5212541818618774, 0.20050464570522308, -0.28543365001678467, -2.7422758887942668e+38
0.5002918243408203, 0.21493355929851532, -0.27979934215545654, -1.8880799772714203e+38
0.5029579401016235, 0.22847390174865723, -0.2694951891899109, -2.008129328650378e+38
0.4826405644416809, 0.22586947679519653, -0.26013028621673584, -2.061349762978072e+38
0.4786072373390198, 0.2356421947479248, -0.25772905349731445, -2.061349965802168e+38
0.47640261054039, 0.24345232546329498, -0.24173127114772797, -2.0214212029600352e+38
0.5169628858566284, -0.258594274520874, -0.28131383657455444, -2.0348698602959285e+38
0.5171225666999817, -0.2713289260864258, -0.26744598150253296, -2.07490307754752e+38
0.5267049074172974, -0.23593167960643768, -0.28666168451309204, -2.0614536089152427e+38
0.5228391289710999, -0.24437786638736725, -0.2668500542640686, -2.1013837915260478e+38
0.5260183215141296, -0.20368804037570953, -0.27843838930130005, -2.021524643249014e+38
0.5279675722122192, -0.21749570965766907, -0.2662128210067749, -2.1412078971346258e+38
0.5128296613693237, -0.16400586068630219, -0.25472623109817505, -2.048213454750075e+38
0.5153008699417114, -0.17703117430210114, -0.2438102513551712, -2.0748501404584546e+38
0.5202084183692932, -0.15550753474235535, -0.26180118322372437, -2.0215244404249178e+38
0.5345838665962219, -0.14847581088542938, -0.26011747121810913, -2.088194546208985e+38
0.5364618301391602, -0.1237645372748375, -0.27591758966445923, -2.0481613289573935e+38
0.5417734980583191, -0.1385778784751892, -0.266667902469635, -2.061505734707924e+38
0.5480839610099792, -0.10127769410610199, -0.28697723150253296, -2.0481617346055856e+38
0.5565054416656494, -0.1030585914850235, -0.2787237763404846, -2.088038980127325e+38
0.5534541606903076, -0.07523410022258759, -0.2907458543777466, -2.0348696574718325e+38
0.5622637867927551, -0.0766698494553566, -0.28267902135849, -2.1013837915260478e+38
0.5489858984947205, -0.06018117815256119, -0.28393810987472534, -2.008233174587549e+38
0.5570626854896545, -0.04748386889696121, -0.27439630031585693, -2.0880395885996133e+38
0.5491588711738586, -0.0198923759162426, -0.2818590998649597, -2.0612465255131894e+38
0.5558318495750427, -0.033664122223854065, -0.27220165729522705, -2.034766014358758e+38
0.5547723770141602, -0.0069352611899375916, -0.2884926199913025, -2.0745388054710386e+38
0.5557247400283813, 0.006602762266993523, -0.28952252864837646, -2.047902119762659e+38
0.5599243640899658, 0.034164924174547195, -0.29506510496139526, -2.0347658115346618e+38
0.5696117281913757, 0.02054792456328869, -0.28744906187057495, -2.0214214057841312e+38
0.5548257827758789, 0.04733262211084366, -0.2891812324523926, -2.0347658115346618e+38
0.5623584985733032, 0.061628274619579315, -0.28026270866394043, -2.0347658115346618e+38
0.5407129526138306, 0.08462557196617126, -0.274103581905365, -2.034766014358758e+38
0.5520304441452026, 0.07316549867391586, -0.26887643337249756, -2.0347658115346618e+38
0.5375608205795288, 0.11018574982881546, -0.2728115916252136, -2.034766014358758e+38
0.5497845411300659, 0.09964115917682648, -0.26844412088394165, -2.061349762978072e+38
0.5532829761505127, 0.12881922721862793, -0.2756989002227783, -2.0746941687286025e+38
0.5522328615188599, 0.14263328909873962, -0.27628272771835327, -2.0746939659045065e+38
0.5407021045684814, 0.16746197640895844, -0.2847757339477539, -2.0614008746502732e+38
0.5506693124771118, 0.15630735456943512, -0.27644211053848267, -2.1280713860825326e+38
0.5488502979278564, 0.20303688943386078, -0.3008858561515808, -2.8489781977094456e+38
0.5595966577529907, 0.19184502959251404, -0.29226207733154297, -2.2349278413106992e+38
0.5554274320602417, 0.22402508556842804, -0.3127819299697876, -2.82234232329745e+38
0.5685398578643799, 0.23080335557460785, -0.30941563844680786, -2.8756674148586988e+38
0.5339435935020447, 0.23853597044944763, -0.29090940952301025, -1.9681474258950837e+38
0.546099066734314, 0.26258349418640137, -0.29147881269454956, -2.0615582661487975e+38
0.5047925710678101, 0.2415778785943985, -0.2582581639289856, -2.061454623035723e+38
0.5268378853797913, 0.276920348405838, -0.27413761615753174, -2.0482657833668523e+38
0.4992033541202545, 0.2662738263607025, -0.2582513093948364, -2.02152484607311e+38
0.5171501636505127, 0.28291022777557373, -0.26534324884414673, -2.0348694546477364e+38
0.5222467184066772, -0.27310219407081604, -0.2561470866203308, -2.0615586717969896e+38
0.5387113690376282, -0.27033373713493347, -0.25442105531692505, -2.1014874346391224e+38
0.5335984230041504, -0.25171440839767456, -0.26249659061431885, -2.061454623035723e+38
0.5560474395751953, -0.25319358706474304, -0.26727986335754395, -2.181345568795676e+38
0.5490632057189941, -0.21676777303218842, -0.27085238695144653, -2.1944291427587038e+38
0.5558655261993408, -0.2358967363834381, -0.26357120275497437, -2.2212222058451276e+38
0.5298876762390137, -0.1857374906539917, -0.2448195070028305, -2.167792457050324e+38
0.5453130006790161, -0.179785817861557, -0.24273227155208588, -2.2345144858029768e+38
0.5495561361312866, -0.1677960902452469, -0.24496330320835114, -2.2079299258872785e+38
0.5580637454986572, -0.15825915336608887, -0.252013623714447, -2.1547604004076898e+38
0.5538344979286194, -0.14319203794002533, -0.26299697160720825, -2.1146231343948314e+38
0.5662403702735901, -0.14794082939624786, -0.2587718963623047, -2.181449211908751e+38
0.5695862174034119, -0.10671815276145935, -0.2753329873085022, -2.02152586019359e+38
0.5763394832611084, -0.12279283255338669, -0.2658206820487976, -2.1413127571922766e+38
0.5805925130844116, -0.08098523318767548, -0.284865140914917, -2.0480059656998296e+38
0.5892475843429565, -0.09754346311092377, -0.27644723653793335, -2.141365085809054e+38
0.5803089141845703, -0.06609201431274414, -0.2833789587020874, -2.1280200715862354e+38
0.5987201929092407, -0.054306358098983765, -0.28306275606155396, -2.127968554265842e+38
0.5804135799407959, -0.022402701899409294, -0.28122806549072266, -2.061506140356116e+38
0.5970302224159241, -0.03880525380373001, -0.28052836656570435, -2.1280204772344275e+38
0.5880236625671387, 0.006314036902040243, -0.2891959547996521, -2.021525251721302e+38
0.6068430542945862, -0.009300341829657555, -0.28994637727737427, -2.1014878402873145e+38
0.5879929065704346, 0.03582248464226723, -0.2894698977470398, -2.021525454545398e+38
0.6027261018753052, 0.03669211268424988, -0.2857709527015686, -2.1013316657333664e+38
0.5868830680847168, 0.05048653483390808, -0.28869515657424927, -2.048214266046459e+38
0.5995577573776245, 0.0668221116065979, -0.2835444211959839, -2.141364477336766e+38
0.5734230875968933, 0.07716567814350128, -0.2751582860946655, -2.021525048897206e+38
0.5885524749755859, 0.09460582584142685, -0.2737876772880554, -2.154605239974222e+38
0.5666288137435913, 0.10388276726007462, -0.2697739005088806, -2.0747990287862534e+38
0.5752586722373962, 0.12000718712806702, -0.26222699880599976, -2.154605239974222e+38
0.5660300254821777, 0.13258591294288635, -0.27212822437286377, -2.0880907002718145e+38
0.5745343565940857, 0.13451234996318817, -0.26301705837249756, -2.1412608342236913e+38
0.5655407309532166, 0.17742450535297394, -0.2776867151260376, -2.2079806319112876e+38
0.5910782814025879, 0.1734733134508133, -0.2847517132759094, -2.1812415200344095e+38
0.5885436534881592, 0.20777852833271027, -0.30705493688583374, -2.2746485066302986e+38
0.5938016176223755, 0.22567375004291534, -0.2953993082046509, -2.9020428631313834e+38
0.5725382566452026, 0.2477903664112091, -0.2974238395690918, -2.6488135312201597e+38
0.5900387167930603, 0.2405785173177719, -0.29422175884246826, -2.835633589134819e+38
0.5581005215644836, 0.2700956165790558, -0.28708863258361816, -2.101591483400389e+38
0.5648685693740845, 0.2726963758468628, -0.27569544315338135, -2.101435308846441e+38
0.5478768944740295, 0.27767443656921387, -0.27831631898880005, -2.1280200715862354e+38
0.5539405941963196, 0.29770344495773315, -0.2705215811729431, -2.207565856634893e+38
0.5536488890647888, 0.3157985806465149, -0.2743045687675476, -2.2210664369393716e+38
0.5621792078018188, -0.31066179275512695, -0.2670617699623108, -2.088143231712688e+38
0.581139087677002, -0.3077940344810486, -0.2641940116882324, -1.954751908472352e+38
0.5683242082595825, -0.2794237434864044, -0.26589375734329224, -2.088038980127325e+38
0.5941863059997559, -0.2818174362182617, -0.27019739151000977, -1.9813883913566356e+38
0.5802035331726074, -0.2540368139743805, -0.27166271209716797, -2.114675665835705e+38
0.6003256440162659, -0.26818206906318665, -0.27296149730682373, -1.914666362603983e+38
0.6041431427001953, -0.23708482086658478, -0.2906985282897949, -2.114675463011609e+38
0.6238139867782593, -0.22968164086341858, -0.28700023889541626, -1.9680963142228825e+38
0.5821783542633057, -0.18670351803302765, -0.2618679404258728, -2.0482661890150444e+38
0.6212273240089417, -0.2093595266342163, -0.28164756298065186, -1.9414075027218214e+38
0.6011869311332703, -0.16491509974002838, -0.2767952084541321, -2.034921580440418e+38
0.6187435984611511, -0.15493391454219818, -0.2722451090812683, -1.9147700057170576e+38
0.6006409525871277, -0.13181889057159424, -0.27220016717910767, -2.1145720227226302e+38
0.6092448234558105, -0.1338292360305786, -0.2612694501876831, -1.928114614291684e+38
0.6091033220291138, -0.10296878218650818, -0.2775154709815979, -2.0878314910770798e+38
0.615149974822998, -0.08877753466367722, -0.28224366903305054, -2.0614022944189455e+38
0.6455143690109253, -0.08018085360527039, -0.311417818069458, -2.0081812516189635e+38
0.668201208114624, -0.06636860966682434, -0.31027400493621826, -1.9413565938737163e+38
0.6442722678184509, -0.0282606054097414, -0.30775028467178345, -2.0215777831621754e+38
0.6725116968154907, -0.04891686886548996, -0.31349748373031616, -1.9413565938737163e+38
0.629297137260437, 0.005929652135819197, -0.29238080978393555, -1.981596691703265e+38
0.6443865299224854, -0.01098061166703701, -0.2862861156463623, -1.9280121881231857e+38
0.6179192066192627, 0.03758903220295906, -0.28140950202941895, -1.9814922372938063e+38
0.6283594369888306, 0.022031143307685852, -0.2712404727935791, -1.914823145630219e+38
0.6145027279853821, 0.06871332228183746, -0.27910876274108887, -1.994836237396145e+38
0.6210154294967651, 0.0532737597823143, -0.26505208015441895, -1.9014781314074005e+38
0.6158154010772705, 0.08393380045890808, -0.26159143447875977, -1.914822537157931e+38
0.6173181533813477, 0.10017982870340347, -0.26398980617523193, -1.914771831133922e+38
0.5933814644813538, 0.12524868547916412, -0.2624043822288513, -1.95475150282416e+38
0.6236493587493896, 0.11825145035982132, -0.2711542844772339, -1.914771831133922e+38
0.6375004053115845, 0.17714400589466095, -0.3106881380081177, -1.9414077055459175e+38
0.6695998907089233, 0.1705639660358429, -0.31799083948135376, -1.9148239569266033e+38
0.6359999775886536, 0.19464585185050964, -0.3113975524902344, -1.9812320139785915e+38
0.6502128839492798, 0.21868644654750824, -0.3060510754585266, -1.928114005819396e+38
0.6143306493759155, 0.236769899725914, -0.29686254262924194, -2.848873946124083e+38
0.6400150060653687, 0.23183481395244598, -0.29872578382492065, -2.2349284497829873e+38
0.6039915084838867, 0.24778532981872559, -0.28897202014923096, -2.8089973090746314e+38
0.6250977516174316, 0.26011091470718384, -0.28977257013320923, -2.7422756859701707e+38
0.5892452001571655, 0.2913799285888672, -0.28326332569122314, -1.9147700057170576e+38
0.615105390548706, 0.2911219000816345, -0.2862638235092163, -1.781325745387656e+38
0.5840864181518555, 0.3250718116760254, -0.28540128469467163, -1.901374488294326e+38
0.5971822738647461, 0.3344491720199585, -0.2790631055831909, -1.9413565938737163e+38
0.605380654335022, 0.36409568786621094, -0.29196321964263916, -1.928063908267675e+38
0.60886150598526, -0.31198734045028687, -0.2683873176574707, -1.9414079083700135e+38
0.6301326751708984, -0.3076575994491577, -0.26405757665634155, -1.914822942806123e+38
0.6220766305923462, -0.28352150321006775, -0.2739529609680176, -1.928063299795387e+38
0.6369614601135254, -0.29283276200294495, -0.2667883038520813, -1.914822942806123e+38
0.6419880390167236, -0.2592466473579407, -0.2862687110900879, -1.9280125937713778e+38
0.6670898199081421, -0.27468666434288025, -0.287090539932251, -1.941460236986791e+38
0.6440513134002686, -0.22127188742160797, -0.2823988199234009, -1.9414081111941095e+38
0.656752347946167, -0.20715022087097168, -0.26990950107574463, -1.941304062432843e+38
0.6374202966690063, -0.17998206615447998, -0.2714804410934448, -1.9147188940448564e+38
0.6686569452285767, -0.19429120421409607, -0.27780574560165405, -1.9545442165980106e+38
0.632032036781311, -0.12485212832689285, -0.26105499267578125, -1.888134334129158e+38
0.6840128898620605, -0.14305438101291656, -0.2849748134613037, -1.888239194186809e+38
0.6465169191360474, -0.09545397758483887, -0.2711982727050781, -1.9014270197351993e+38
0.6926541924476624, -0.1074199229478836, -0.2892661690711975, -1.874843271115885e+38
0.6865750551223755, -0.06905350834131241, -0.3044659495353699, -1.9147192996930485e+38
0.6995759010314941, -0.08994754403829575, -0.29383671283721924, -1.9147192996930485e+38
0.6911739110946655, -0.05100117623806, -0.3077147603034973, -1.9147192996930485e+38
0.7189100384712219, -0.054399989545345306, -0.30803072452545166, -1.9147188940448564e+38
0.6611952781677246, -0.011693660169839859, -0.28048253059387207, -1.9147192996930485e+38
0.6599012613296509, 0.005725412163883448, -0.2584457993507385, -1.9147704113652497e+38
0.6382594108581543, 0.022229444235563278, -0.26028871536254883, -1.888134131305062e+38
0.6540831923484802, 0.022629279643297195, -0.25371217727661133, -1.9014779285833045e+38
0.630658745765686, 0.05398070812225342, -0.25426483154296875, -1.88813372565687e+38
0.6494406461715698, 0.0726110115647316, -0.25110679864883423, -1.9281675513807497e+38
0.6322775483131409, 0.10308308154344559, -0.2580258846282959, -1.8882913199794903e+38
0.6601706147193909, 0.1093466654419899, -0.26171761751174927, -1.928064111091771e+38
0.6877390146255493, 0.15637777745723724, -0.30998343229293823, -1.928324537231082e+38
0.7140032649040222, 0.1436305195093155, -0.30769723653793335, -1.9414085168423016e+38
0.6870923042297363, 0.19578178226947784, -0.31319987773895264, -1.928324537231082e+38
0.7153984308242798, 0.18538154661655426, -0.31219571828842163, -1.954700999624247e+38
0.6774041056632996, 0.21118579804897308, -0.3066628575325012, -1.9682007686323413e+38
0.6844227313995361, 0.23278695344924927, -0.2924307584762573, -1.9013724600533655e+38
0.6522741317749023, 0.25641584396362305, -0.2913821339607239, -2.8221332116544364e+38
0.6728026866912842, 0.24652186036109924, -0.28495079278945923, -2.2349803727515727e+38
0.6351867914199829, 0.28412896394729614, -0.2814464569091797, -2.582196159701062e+38
0.6757514476776123, 0.31200340390205383, -0.2963404059410095, -2.62217785963226e+38
0.6312844753265381, 0.3218134939670563, -0.28456389904022217, -1.9413565938737163e+38
0.6463519334793091, 0.3315064609050751, -0.27696293592453003, -1.954752314120544e+38
0.6106301546096802, 0.34411901235580444, -0.2720603346824646, -1.9413572023460044e+38
0.6314891576766968, 0.33947211503982544, -0.2670861482620239, -1.954752111296448e+38
0.689220666885376, -0.18269512057304382, -0.27069181203842163, -1.8880300825437953e+38
0.7070257663726807, -0.18909896910190582, -0.26204466819763184, -1.8481530398461518e+38
0.719954252243042, -0.1549317091703415, -0.29125720262527466, -1.8746345651210636e+38
0.7284058332443237, -0.17758899927139282, -0.2759482264518738, -1.8613935996595116e+38
0.7291147708892822, -0.11646472662687302, -0.2954426407814026, -1.8880296768956032e+38
0.7494628429412842, -0.12089920789003372, -0.28673797845840454, -1.848048585436693e+38
0.7275445461273193, -0.09550144523382187, -0.29304760694503784, -1.8880300825437953e+38
0.7450557947158813, -0.07763434946537018, -0.2814725637435913, -1.848047976964405e+38
0.7302316427230835, -0.05537514388561249, -0.2933911681175232, -1.901374488294326e+38
0.734289824962616, -0.03559397906064987, -0.2959538698196411, -1.901374488294326e+38
0.748545229434967, -0.015842966735363007, -0.28235870599746704, -1.7679817452853176e+38
0.7324730157852173, 0.005010904744267464, -0.27069205045700073, -1.768033871077999e+38
0.676895797252655, 0.02326039969921112, -0.2513888478279114, -1.9147184883966643e+38
0.6861432790756226, 0.04137539863586426, -0.2377428263425827, -1.701520345496072e+38
0.6785058975219727, 0.07683531194925308, -0.2538423538208008, -1.887977551102922e+38
0.6912984848022461, 0.0599958673119545, -0.2418300360441208, -1.701416093910709e+38
0.7036985754966736, 0.10023504495620728, -0.2740955948829651, -1.8746852711450727e+38
0.706290602684021, 0.12023996561765671, -0.27711981534957886, -1.901425802790623e+38
0.7338714599609375, 0.14829286932945251, -0.29981499910354614, -1.87473759976185e+38
0.7457780838012695, 0.17203769087791443, -0.2861563563346863, -1.714813031102113e+38
0.7259514331817627, 0.18775735795497894, -0.29683583974838257, -1.888134131305062e+38
0.736241340637207, 0.19007200002670288, -0.2808193564414978, -1.7281051082358662e+38
0.7140297889709473, 0.22501416504383087, -0.29142266511917114, -1.9281667400843656e+38
0.7236164212226868, 0.22759713232517242, -0.27532583475112915, -1.741345059576938e+38
0.7264926433563232, 0.2733907401561737, -0.2820940613746643, -2.00807395767216e+38
0.7220019102096558, 0.2934122383594513, -0.2813417315483093, -2.3951655703747166e+38
0.7133632898330688, 0.3371990919113159, -0.30476081371307373, -2.235138778370577e+38
0.7382487058639526, 0.3278830945491791, -0.29661011695861816, -2.3952698219600794e+38
0.6775534749031067, 0.3323497176170349, -0.27837204933166504, -1.874736991289562e+38
0.6976981163024902, 0.3690115511417389, -0.27507251501083374, -1.701676925698212e+38
0.6662294864654541, 0.3916931450366974, -0.27977752685546875, -1.8881858514495513e+38
0.7012228965759277, 0.3966671824455261, -0.28151148557662964, -1.7015732825851374e+38
0.7844876050949097, -0.32060128450393677, -0.2770012617111206, -3.2095890964334744e+38
0.7899399995803833, -0.29820793867111206, -0.2778688669204712, -3.1963485366201146e+38
0.7790275812149048, -0.10541589558124542, -0.2816557288169861, -2.4087716192091343e+38
0.7867007255554199, -0.08379310369491577, -0.26088273525238037, -3.2093286702941636e+38
0.7661207914352417, -0.03786855936050415, -0.2708425521850586, -2.7154844483006112e+38
0.7871747016906738, -0.039513394236564636, -0.25998491048812866, -3.2493097617530738e+38
0.7521583437919617, 0.004841591697186232, -0.26106375455856323, -2.835688554464845e+38
0.7704343795776367, -0.016572361811995506, -0.24932502210140228, -3.2626543703277004e+38
0.7525810599327087, 0.025491397827863693, -0.26139146089553833, -2.7825713576020336e+38
0.7727081179618835, 0.026012681424617767, -0.2506406903266907, -3.222621558724301e+38
0.7371686697006226, 0.08522708714008331, -0.2523233890533447, -2.7564029927314022e+38
0.747333288192749, 0.08623974770307541, -0.23611097037792206, -3.2493095589289778e+38
0.7241725921630859, 0.1028093546628952, -0.2443668097257614, -2.7830916014083673e+38
0.7363742589950562, 0.1247948557138443, -0.23089154064655304, -3.222673076044694e+38
0.7561649084091187, 0.1741257607936859, -0.2693570852279663, -2.9295155897636257e+38
0.775452196598053, 0.15683382749557495, -0.25638240575790405, -3.2092767473255782e+38
0.7448914647102356, 0.2136753499507904, -0.2649690508842468, -3.0628547872112802e+38
0.75428307056427, 0.21599692106246948, -0.2474723607301712, -3.195828698461973e+38
0.7393796443939209, 0.2556365430355072, -0.2652047872543335, -3.2493624960180433e+38
0.7620340585708618, 0.24223053455352783, -0.2542404532432556, -3.236069607587906e+38
0.7409887313842773, 0.30283665657043457, -0.27118241786956787, -3.1562118790795443e+38
0.7543701529502869, 0.2848338484764099, -0.2535672187805176, -3.1960885161289958e+38
0.7525823712348938, 0.35994747281074524, -0.28523796796798706, -3.1430763821479314e+38
0.7792952060699463, 0.35013648867607117, -0.27500641345977783, -3.1693475788352533e+38
0.7269436120986938, 0.3905317485332489, -0.27333569526672363, -3.1296802562529116e+38
0.8198297023773193, -0.08912704139947891, -0.25544309616088867, -3.209431096462662e+38
0.7978549003601074, -0.040152423083782196, -0.2417420595884323, -3.142657753213712e+38
0.8139054775238037, -0.06425411999225616, -0.22628094255924225, nan
0.7711556553840637, -0.01639900915324688, -0.22622962296009064, -3.1159172215681616e+38
0.7927358150482178, 0.004531361162662506, -0.21436385810375214, nan
0.8034545183181763, 0.026751363649964333, -0.22000537812709808, nan
0.8129849433898926, 0.04982709139585495, -0.22518952190876007, nan
0.8102587461471558, 0.07234684377908707, -0.22412677109241486, nan
0.8059935569763184, 0.09449420124292374, -0.22241432964801788, nan
0.7457232475280762, 0.1262095868587494, -0.21418721973896027, -3.249621502388682e+38
0.761223554611206, 0.10815901309251785, -0.19954688847064972, nan
0.7758310437202454, 0.1780758798122406, -0.23375548422336578, -3.316395859758112e+38
0.7949782609939575, 0.16027694940567017, -0.21912477910518646, nan
0.7650949954986572, 0.19655203819274902, -0.22889305651187897, -3.369877937169693e+38
0.7718312740325928, 0.22032783925533295, -0.210657998919487, -3.369511839676347e+38
0.7709362506866455, 0.24461737275123596, -0.2355794757604599, nan
0.7753758430480957, 0.2685336768627167, -0.2159350961446762, -3.2892892306192158e+38
0.7931698560714722, 0.33053717017173767, -0.2552812695503235, nan
0.7818812131881714, 0.29627180099487305, -0.2214454561471939, nan
0.8166682720184326, -0.08715090155601501, -0.20356415212154388, -3.3958359734527346e+38
0.8017436265945435, -0.06206856667995453, -0.195868119597435, -2.5019169627211363e+38
0.7951772212982178, -0.03888092190027237, -0.16907979547977448, -3.342772727799469e+38
0.8106223344802856, -0.01811675913631916, -0.19945089519023895, -3.3560110565477724e+38
0.8196691274642944, -0.01841820776462555, -0.17942936718463898, -3.3027916363405587e+38
0.8015824556350708, 0.04870973527431488, -0.19524818658828735, -3.275944622044589e+38
0.8014177083969116, 0.026469504460692406, -0.17148306965827942, -3.2358609015930844e+38
0.8049297332763672, 0.09374900162220001, -0.19764693081378937, -2.9824190100292145e+38
0.8137706518173218, 0.09462931752204895, -0.1777200698852539, -2.955627975183751e+38
0.7918509244918823, 0.13590934872627258, -0.19274429976940155, -3.04908972428557e+38
0.8002629280090332, 0.13718102872371674, -0.17311394214630127, -2.995713723876216e+38
0.793411374092102, 0.15879753232002258, -0.19439582526683807, -2.6087764603107434e+38
0.8017092943191528, 0.16025955975055695, -0.17457187175750732, -2.3686309051866433e+38
0.7696333527565002, 0.2179550975561142, -0.18634815514087677, -2.46209224864027e+38
0.7899845838546753, 0.2021290510892868, -0.1714654117822647, -3.2494138105143405e+38
0.7764915227890015, 0.24389201402664185, -0.19117066264152527, -3.3026336363697463e+38
0.7683537006378174, 0.26153263449668884, -0.16582205891609192, -3.2492570274881043e+38
0.7777248620986938, 0.29194948077201843, -0.19517892599105835, -2.7021349719476798e+38
0.7457082867622375, -0.07330749928951263, -0.1277163177728653, -3.3027916363405587e+38
0.7893750667572021, -0.1022975817322731, -0.1228676289319992, -3.316135027970609e+38
0.7570300102233887, -0.03500615805387497, -0.13142535090446472, -3.356169259342681e+38
0.7586171627044678, -0.05499871075153351, -0.11139672994613647, -2.3419938138300715e+38
0.746196448802948, 0.0051199691370129585, -0.12696142494678497, -2.4354052625560734e+38
0.7673288583755493, -0.015388252213597298, -0.11396248638629913, -3.3161356364428972e+38
0.7458311915397644, 0.044163212180137634, -0.12697692215442657, -3.249361279073467e+38
0.7445515990257263, 0.04389702528715134, -0.1062002032995224, -3.2360170761470326e+38
0.7357829809188843, 0.06259561330080032, -0.12331247329711914, -2.5954853972974704e+38
0.734639048576355, 0.062198154628276825, -0.10299442708492279, -2.58214099154694e+38
0.7423770427703857, 0.10256315022706985, -0.12665453553199768, -3.2760502933986242e+38
0.7851995229721069, 0.1321791261434555, -0.1217004656791687, -2.982421646742463e+38
0.7791669368743896, 0.15295454859733582, -0.14230063557624817, -2.4086633111418508e+38
0.7858263254165649, 0.15412746369838715, -0.12255576252937317, -2.4086633111418508e+38
0.7867752313613892, 0.19983920454978943, -0.14708712697029114, -3.302687384755196e+38
0.7798709869384766, 0.2187139242887497, -0.12300403416156769, -2.3552864994361127e+38
0.7798121571540833, 0.2426544725894928, -0.14659100770950317, -3.209431299286758e+38
0.7699580788612366, 0.2596469223499298, -0.12168397009372711, -3.2761024191913056e+38
0.7802238464355469, -0.23116910457611084, -0.08038283884525299, -3.342616350421425e+38
0.8019449710845947, -0.17213888466358185, -0.10646143555641174, -3.3561165250777114e+38
0.7920001745223999, -0.19055810570716858, -0.08191221952438354, -2.9691287583123257e+38
0.7953656911849976, -0.12510308623313904, -0.10311955213546753, -2.7422734549051143e+38
0.7990871667861938, -0.14785124361515045, -0.08247862756252289, -3.102572410169439e+38
0.7754106521606445, -0.07777702063322067, -0.09613725543022156, -3.3428242451198623e+38
0.7910058498382568, -0.10171423107385635, -0.07939313352108002, -3.3695124481486352e+38
0.76126629114151, -0.03497377783060074, -0.09131550788879395, -3.3962022737701765e+38
0.7502199411392212, -0.03377014398574829, -0.0679837167263031, -3.3962022737701765e+38
0.7507654428482056, 0.005119021050632, -0.08794854581356049, -2.422061059629639e+38
0.7619197368621826, -0.014896553009748459, -0.07088276743888855, -3.3428248535921504e+38
0.7352573871612549, 0.043070077896118164, -0.0834045559167862, -3.209380593262749e+38
0.7411799430847168, 0.024290941655635834, -0.06549111008644104, -3.2494138105143405e+38
0.7221250534057617, 0.07903984934091568, -0.07987700402736664, -2.8891144496018238e+38
0.7306748032569885, 0.061310313642024994, -0.06301432102918625, -2.595537928738344e+38
0.7241249680519104, 0.09806261211633682, -0.08081135153770447, -3.289447027765932e+38
0.7223852872848511, 0.1160922721028328, -0.06171765923500061, -3.0492996472249677e+38
0.7642126083374023, 0.14734984934329987, -0.0939238965511322, -2.4485403538394943e+38
0.759111762046814, 0.16608202457427979, -0.07227258384227753, -3.36946052518005e+38
0.7695213556289673, 0.19162504374980927, -0.09688928723335266, -3.3294281192248424e+38
0.7705645561218262, 0.21310830116271973, -0.07659758627414703, -2.3420982682395303e+38
0.7707128524780273, 0.23623335361480713, -0.09897594153881073, -3.2227249990132794e+38
0.7594651579856873, 0.25224432349205017, -0.07525333762168884, -3.3027910278682706e+38
0.748296320438385, 0.2695976793766022, -0.09401433169841766, -2.6622599574909966e+38
0.7443325519561768, 0.28864428400993347, -0.07305645942687988, -2.8357368265997016e+38
0.787888765335083, -0.25756335258483887, -0.06107001006603241, -3.195827887165589e+38
0.7798218727111816, -0.20745864510536194, -0.05778124928474426, -2.995713926700312e+38
0.7830843925476074, -0.2082749456167221, -0.036904238164424896, -2.9958177726374828e+38
0.7854690551757812, -0.18733982741832733, -0.05840367078781128, -2.955784352561795e+38
0.8041428327560425, -0.17108431458473206, -0.03968585282564163, -3.3561165250777114e+38
0.7950737476348877, -0.12405183166265488, -0.05900351703166962, -2.7422734549051143e+38
0.7968412637710571, -0.14621464908123016, -0.037974096834659576, -3.1426060330692227e+38
0.7427923679351807, -0.0714062973856926, -0.04696071147918701, -3.3561686508703928e+38
0.7803720235824585, -0.09872646629810333, -0.034416645765304565, -3.3960978193607177e+38
0.7341590523719788, -0.05095815658569336, -0.04487084597349167, -2.3953718424803857e+38
0.7353973388671875, -0.032133668661117554, -0.025985807180404663, nan
0.7449487447738647, 0.005214071366935968, -0.046904563903808594, -2.475438074159473e+38
0.7464556097984314, -0.013951743021607399, -0.027835913002490997, -3.3695134622691154e+38
0.7301440238952637, 0.04246293753385544, -0.04378880560398102, -3.3027914335164627e+38
0.7336763143539429, 0.04262791574001312, -0.02563919872045517, -3.3027914335164627e+38
0.7241019010543823, 0.0788484513759613, -0.04278780519962311, -2.8624262465730508e+38
0.7313281297683716, 0.06107346713542938, -0.025331705808639526, -2.6355711459899355e+38
0.7189998626708984, 0.09641847759485245, -0.04191512614488602, -3.2894993563827096e+38
0.7193883657455444, 0.1150231882929802, -0.04229070246219635, -3.0227150873092694e+38
0.7386170625686646, 0.15890799462795258, -0.04727311432361603, -3.356220371014882e+38
0.736281156539917, 0.13813930749893188, -0.02708026021718979, -2.462197108697921e+38
0.7785854339599609, 0.19365039467811584, -0.05659021437168121, -3.2896032023198803e+38
0.7843483686447144, 0.21811887621879578, -0.05846397578716278, -2.3420982682395303e+38
0.7631576657295227, 0.25329405069351196, -0.055105820298194885, -3.3428757624402555e+38
0.7825576066970825, 0.2393813282251358, -0.03708560764789581, -3.316135433618801e+38
0.7380813360214233, 0.2839714288711548, -0.051007241010665894, -2.862477358245252e+38
0.7587566375732422, 0.27274009585380554, -0.033980004489421844, -2.7423259863459878e+38
0.7485034465789795, 0.31309640407562256, -0.05428173393011093, -3.30284274801276e+38
0.7705833911895752, -0.24717088043689728, -0.01462901383638382, -3.2227247961891834e+38
0.7744373083114624, -0.27198663353919983, 0.005715489387512207, -2.7823592035975794e+38
0.7680412530899048, -0.2233535796403885, -0.01381324976682663, -3.3294802450175238e+38
0.7875955104827881, -0.2094026803970337, 0.005438446998596191, -3.0092145070047907e+38
0.7916065454483032, -0.18875326216220856, -0.016232207417488098, -2.9558368840026686e+38
0.8091702461242676, -0.17213377356529236, 0.003927163779735565, -3.3960982250089098e+38
0.7822870016098022, -0.12008216232061386, -0.01404271274805069, -2.8221845261507336e+38
0.7819564342498779, -0.14114558696746826, 0.006692755967378616, -3.15589892149936e+38
0.7265375852584839, -0.06816171109676361, -0.0061707086861133575, -3.3695134622691154e+38
0.7352197170257568, -0.08854393661022186, 0.011366896331310272, nan
0.7259300947189331, -0.04956008493900299, -0.0059600770473480225, -2.4620938712330385e+38
0.733036994934082, -0.03175806999206543, 0.011841949075460434, nan
0.7367517352104187, 0.005321496166288853, -0.007220569998025894, -2.5421603057362217e+38
0.7439724206924438, -0.013734880834817886, 0.010877225548028946, -3.3962024765942725e+38
0.7394751310348511, 0.024098819121718407, 0.011303562670946121, -3.3161358392669932e+38
0.7385823726654053, 0.042857058346271515, 0.011355236172676086, -3.3294802450175238e+38
0.7302790880203247, 0.07946368306875229, -0.006601832807064056, -2.915803666751077e+38
0.7361811399459839, 0.061428993940353394, 0.011521749198436737, -2.648915551740466e+38
0.739782452583313, 0.11935831606388092, -0.008211206644773483, -3.049456024603012e+38
0.73404860496521, 0.09880091995000839, 0.011536426842212677, -3.3828063506992527e+38
0.7877892255783081, 0.17406339943408966, -0.01520075649023056, -3.3562722939834675e+38
0.7734400033950806, 0.14805418252944946, 0.007581967860460281, -2.5288670116578924e+38
0.8069379329681396, 0.2028316706418991, 0.004014737904071808, -3.3561686508703928e+38
0.8028594255447388, 0.2243531197309494, 0.004133928567171097, -2.408715436934532e+38
0.7851837873458862, 0.24007819592952728, -0.015958495438098907, -3.28944662211774e+38
0.7871215343475342, 0.2405921071767807, 0.005336567759513855, -3.302842139540472e+38
0.7428773641586304, 0.28547030687332153, -0.011511124670505524, -2.942492072603946e+38
0.7627696990966797, 0.2739415168762207, 0.007022112607955933, -2.7156371748449267e+38
0.7431026697158813, 0.3081175982952118, -0.0120868980884552, -3.316135433618801e+38
0.7549381256103516, 0.3388589918613434, 0.006620172411203384, -3.1960361875122184e+38
0.7534471750259399, -0.25974053144454956, 0.028152791783213615, -2.769014797847049e+38
0.7523720264434814, -0.23697684705257416, 0.028398288413882256, -3.2761024191913056e+38
0.7709494829177856, -0.22413112223148346, 0.02758544124662876, -3.3695134622691154e+38
0.7893450260162354, -0.20983970165252686, 0.04823806881904602, -2.995869695606068e+38
0.7948983907699585, -0.1895107924938202, 0.026639088988304138, -2.969180884105007e+38
0.79544997215271, -0.1896377056837082, 0.04820439964532852, -2.982577212824123e+38
0.7764793634414673, -0.11824364215135574, 0.027951287105679512, -2.8221841205025416e+38
0.774388313293457, -0.13865140080451965, 0.04847410321235657, -3.209275936029194e+38
0.7226680517196655, -0.06728300452232361, 0.03086971677839756, nan
0.7295547127723694, -0.08717697113752365, 0.048972539603710175, nan
0.7292079925537109, -0.049842000007629395, 0.030583862215280533, -2.448800577154709e+38
0.7349065542221069, -0.03186985105276108, 0.048947811126708984, nan
0.7401816844940186, 0.005298605188727379, 0.030093040317296982, -2.5421603057362217e+38
0.7459008097648621, -0.013799123466014862, 0.04884019494056702, nan
0.7413934469223022, 0.024137241765856743, 0.04888760298490524, -3.3428765737366397e+38
0.7404921054840088, 0.04294624924659729, 0.048893414437770844, -3.329532370810205e+38
0.733604907989502, 0.07979489862918854, 0.03033505380153656, -2.9558368840026686e+38
0.7380699515342712, 0.06156736612319946, 0.04891207814216614, -2.689000894784739e+38
0.7426178455352783, 0.10038532316684723, 0.02981441095471382, -3.3561175391981916e+38
0.7591923475265503, 0.12362922728061676, 0.04865962266921997, -3.08928114433207e+38
0.7935043573379517, 0.15345999598503113, 0.048286695033311844, -2.5822450403082066e+38
0.8116837739944458, 0.18126197159290314, 0.04807544872164726, nan
0.80830979347229, 0.20313768088817596, 0.026008933782577515, -3.3695130566209234e+38
0.7944159507751465, 0.22058603167533875, 0.04820038750767708, -2.3953716396562897e+38
0.7883598804473877, 0.24092042446136475, 0.026748819276690483, -3.3027910278682706e+38
0.7888917922973633, 0.24106144905090332, 0.04822650924324989, -3.356168853694489e+38
0.7454376816749573, 0.2862682342529297, 0.028484735637903214, -2.9558879956748698e+38
0.7643237113952637, 0.2744061052799225, 0.04841559752821922, -2.7023440835906934e+38
0.7358565330505371, 0.3026827573776245, 0.028796406462788582, -3.329531356689725e+38
0.7355719804763794, 0.32498836517333984, 0.0486002154648304, -3.2227249990132794e+38
0.7645080089569092, -0.2659618854522705, 0.06922049075365067, -2.7958076581093767e+38
0.7519253492355347, -0.23685094714164734, 0.08886443078517914, -3.2361730478768846e+38
0.7891696691513062, -0.20979590713977814, 0.06968264281749725, -2.9692849328662738e+38
0.770463228225708, -0.2240011990070343, 0.0900001972913742, nan
0.7952660322189331, -0.18959538638591766, 0.06978341937065125, -2.995974150015527e+38
0.7888427972793579, -0.16503587365150452, 0.09072883427143097, -3.3829101966364234e+38
0.7427177429199219, -0.10948824882507324, 0.06793860346078873, -2.8223398894082976e+38
0.7553796768188477, -0.13306012749671936, 0.08813177049160004, -3.2094846420240156e+38
0.7212756276130676, -0.08547013998031616, 0.08542339503765106, nan
0.722134530544281, -0.06722334027290344, 0.08539785444736481, nan
0.7347190380096436, -0.031858645379543304, 0.06755289435386658, nan
0.7286590337753296, -0.04979478567838669, 0.08579720556735992, -2.502126682836438e+38
0.7457073926925659, -0.013792682439088821, 0.06787562370300293, nan
0.7396070957183838, 0.005302436649799347, 0.0864829570055008, -2.6222788660320864e+38
0.7412010431289673, 0.024133386090397835, 0.06773340702056885, -3.342928699529321e+38
0.7403005361557007, 0.042937301099300385, 0.06771600246429443, -3.342928699529321e+38
0.7378804683685303, 0.06155349314212799, 0.06766006350517273, -2.7157416292543855e+38
0.7369351387023926, 0.06148423254489899, 0.08636271953582764, -2.7424304407554466e+38
0.7590013742446899, 0.12360037863254547, 0.06841746717691422, -3.115969955833131e+38
0.7420567274093628, 0.10031486302614212, 0.08687391877174377, -3.382858070843742e+38
0.8114807605743408, 0.1812213808298111, 0.0701698362827301, nan
0.8018600940704346, 0.15592102706432343, 0.0914314016699791, -2.6355711459899355e+38
0.7942303419113159, 0.2205405831336975, 0.06979545950889587, -2.4220600455091587e+38
0.7975188493728638, 0.19927501678466797, 0.09145502746105194, nan
0.7887144088745117, 0.24101442098617554, 0.06971731781959534, -3.3695647767654127e+38
0.7878285646438599, 0.24077960848808289, 0.09116880595684052, -3.3695641682931246e+38
0.7641680240631104, 0.2743595838546753, 0.06915059685707092, -2.7290330979158505e+38
0.7450098991394043, 0.2861349880695343, 0.08874449133872986, -2.9825252898555376e+38
0.7354474067687988, 0.32494834065437317, 0.06859757006168365, -3.236068999115618e+38
0.7354594469070435, 0.3025558888912201, 0.08831004798412323, -3.3695130566209234e+38
0.7867237329483032, -0.20918484032154083, 0.1124057024717331, -3.035954633002149e+38
0.7927005290985107, -0.189005047082901, 0.11276368051767349, -3.0359029128576598e+38
0.7453218698501587, -0.13021592795848846, 0.1067853569984436, -3.1960363903363144e+38
0.722679853439331, -0.10476130992174149, 0.12245680391788483, -2.8624256381007627e+38
0.7205398082733154, -0.06704500317573547, 0.1034526526927948, nan
0.718252420425415, -0.0667891725897789, 0.12135516852140427, nan
0.7321068048477173, -0.03170245885848999, 0.1045696809887886, nan
0.724665641784668, -0.04945133626461029, 0.122197724878788, -2.5421599000880297e+38
0.7451766729354858, 0.0052393232472240925, 0.1059674322605133, -2.6355709431658395e+38
0.7405333518981934, -0.013620324432849884, 0.12446098029613495, nan
0.7385207414627075, 0.02407969906926155, 0.1052255928516388, -3.382857868019646e+38
0.7376322746276855, 0.04281267523765564, 0.10516279935836792, -3.382857868019646e+38
0.7385029792785645, 0.0806710347533226, 0.10542544722557068, -2.9958701012542602e+38
0.7328125238418579, 0.06118221580982208, 0.1233939528465271, -2.8091524695080993e+38
0.7478644251823425, 0.10156913846731186, 0.10661373287439346, -3.396254602386954e+38
0.753890872001648, 0.12282820791006088, 0.12718364596366882, -3.1561070190218935e+38
0.800032377243042, 0.15559948980808258, 0.11291833966970444, -2.6356747891030102e+38
0.8086516857147217, 0.1806555986404419, 0.11415523290634155, nan
0.8019188642501831, 0.2241227924823761, 0.11399363726377487, -2.448749465482508e+38
0.8034344911575317, 0.20204994082450867, 0.1359071433544159, nan
0.7862393856048584, 0.24035821855068207, 0.11252887547016144, -3.382857462371454e+38
0.7675389647483826, 0.254537969827652, 0.13164407014846802, nan
0.7619948983192444, 0.2737097442150116, 0.11047860980033875, -2.7824107209179727e+38
0.7216602563858032, -0.08609400689601898, 0.1405421942472458, nan
0.7337270975112915, -0.032033808529376984, 0.14233806729316711, nan
0.7373228669166565, -0.013513373211026192, 0.14295081794261932, nan
0.7328610420227051, 0.023966334760189056, 0.1420535147190094, -3.343084062786885e+38
0.7319976091384888, 0.042549505829811096, 0.14194869995117188, nan
0.7296674251556396, 0.060951799154281616, 0.14160768687725067, -2.8359972527390125e+38
