(0.35648688673973083, -0.07925539463758469, -0.29795700311660767, -2.421750333114511e+38)
(0.354947030544281, -0.06493350118398666, -0.306446373462677, -2.4349906901037748e+38)
(0.35955482721328735, -0.06614263355731964, -0.30482757091522217, -2.488212138551949e+38)
(0.3562493324279785, -0.05819201469421387, -0.30947643518447876, -2.4218024589071923e+38)
(0.3622031807899475, -0.05230790376663208, -0.31080693006515503, -2.4750239073553664e+38)
(0.3585326671600342, -0.04423753172159195, -0.31484127044677734, -2.381925416209549e+38)
(0.36552315950393677, -0.03849610686302185, -0.32079005241394043, -2.341840073165276e+38)
(0.3625475764274597, -0.030826332047581673, -0.3293899893760681, -2.44843873896738e+38)
(0.37217360734939575, -0.025222310796380043, -0.34627705812454224, -2.4218022560830963e+38)
(0.3713594973087311, -0.01776186376810074, -0.3670992851257324, -2.475127550468441e+38)
(0.3760998845100403, -0.009333614259958267, -0.36099904775619507, -2.448438941791476e+38)
(0.3722418546676636, -0.0007381122559309006, -0.3694823384284973, -2.44843873896738e+38)
(0.37814515829086304, 0.007810790091753006, -0.36892104148864746, -2.4617831447179105e+38)
(0.3739110827445984, 0.01655660569667816, -0.3769492506980896, -2.4350943332168494e+38)
(0.37671172618865967, 0.025120120495557785, -0.36328285932540894, -2.4749192501218116e+38)
(0.3708779811859131, 0.033336155116558075, -0.3643289804458618, -2.4881596071110754e+38)
(0.36876145005226135, 0.03184887394309044, -0.32974815368652344, -2.501504012861606e+38)
(0.36444759368896484, 0.055855587124824524, -0.3391629457473755, -2.4084055217157883e+38)
(0.37031158804893494, 0.048645392060279846, -0.3389556407928467, -2.461575047195377e+38)
(0.35561540722846985, 0.06601211428642273, -0.3023478388786316, -2.4349906901037748e+38)
(0.36112961173057556, 0.05982477217912674, -0.30255478620529175, -2.4350947388650415e+38)
(0.3527824878692627, 0.07890582829713821, -0.29446274042129517, -2.4615233270508877e+38)
(0.3593261241912842, 0.07400798797607422, -0.2993583083152771, -2.4216462843532442e+38)
(0.3496094346046448, 0.09099619090557098, -0.28589457273483276, -2.5279330066956442e+38)
(0.35611671209335327, 0.08676064759492874, -0.2909303307533264, -2.4482310470930386e+38)
(0.36450833082199097, -0.08085395395755768, -0.28942006826400757, -2.3550283043618582e+38)
(0.3626936078071594, -0.07411451637744904, -0.29968100786209106, -2.4348345155498267e+38)
(0.3690805435180664, -0.06863968819379807, -0.30123770236968994, -2.4481789213003572e+38)
(0.36572736501693726, -0.060452379286289215, -0.30627840757369995, -2.4748677328014183e+38)
(0.37205469608306885, -0.05441633611917496, -0.3075219988822937, -2.4349906901037748e+38)
(0.36829403042793274, -0.04608496278524399, -0.31191933155059814, -2.4084059273639804e+38)
(0.3757849335670471, -0.040178731083869934, -0.31772273778915405, -2.421906507668459e+38)
(0.37281256914138794, -0.032246850430965424, -0.3266218304634094, -2.381925416209549e+38)
(0.3818029463291168, -0.025957224890589714, -0.33769941329956055, -2.40861422771061e+38)
(0.37977537512779236, -0.017916511744260788, -0.3522633910179138, -2.40861422771061e+38)
(0.38461118936538696, -0.009458746761083603, -0.3463857173919678, -2.395217696167398e+38)
(0.3807535767555237, -0.0008019814267754555, -0.3547155261039734, -2.448439144615572e+38)
(0.37707456946372986, 0.00799773819744587, -0.3168213367462158, -2.421750333114511e+38)
(0.3756095767021179, 0.01614776998758316, -0.3337084650993347, -2.4483350958543053e+38)
(0.37345895171165466, 0.02351025491952896, -0.3034563660621643, -2.4216462843532442e+38)
(0.3681696653366089, 0.030848076567053795, -0.304607629776001, -2.4881600127592674e+38)
(0.3728877305984497, 0.03890172392129898, -0.30285441875457764, -2.4481789213003572e+38)
(0.36781448125839233, 0.05387937277555466, -0.3069738745689392, -2.4216984101459256e+38)
(0.373542457818985, 0.04699404537677765, -0.30660510063171387, -2.408354004395395e+38)
(0.3650760352611542, 0.06795055419206619, -0.29971134662628174, -2.4084059273639804e+38)
(0.37092021107673645, 0.06157726049423218, -0.2997996211051941, -2.3951136474061313e+38)
(0.3619067668914795, 0.08123839646577835, -0.29163217544555664, -2.4083018786027137e+38)
(0.3678184747695923, 0.07540470361709595, -0.2921105623245239, -2.3817171158629193e+38)
(0.35836026072502136, 0.09366291761398315, -0.28283172845840454, -2.4481789213003572e+38)
(0.3642917275428772, 0.08838368952274323, -0.2836320996284485, -2.4083018786027137e+38)
(0.3684919476509094, -0.09496869146823883, -0.27235543727874756, -2.3550283043618582e+38)
(0.3718397319316864, -0.09017589688301086, -0.28094977140426636, -2.3683205843197074e+38)
(0.3739107847213745, -0.08374059945344925, -0.2850140929222107, -2.3683727101123888e+38)
(0.37223735451698303, -0.07683490961790085, -0.2956693768501282, -2.4348345155498267e+38)
(0.3790249824523926, -0.07124269753694534, -0.2971307635307312, -2.421490109799296e+38)
(0.37715205550193787, -0.05550657957792282, -0.30569374561309814, -2.4349906901037748e+38)
(0.3821282386779785, -0.06503602862358093, -0.3053562045097351, -2.4348345155498267e+38)
(0.381102591753006, -0.04105035960674286, -0.31600475311279297, -2.421906507668459e+38)
(0.3852251172065735, -0.04981877654790878, -0.3115009665489197, -2.4084059273639804e+38)
(0.38746777176856995, -0.02659413032233715, -0.3360201120376587, -2.4085621019179285e+38)
(0.3938368856906891, -0.0364098995923996, -0.33756929636001587, -2.4084059273639804e+38)
(0.38452064990997314, -0.00874575600028038, -0.3233983516693115, -2.368528884666337e+38)
(0.39574339985847473, -0.019020138308405876, -0.34152060747146606, -2.368528884666337e+38)
(0.38117414712905884, 0.007987800985574722, -0.310610830783844, -2.3818732904168674e+38)
(0.3877619504928589, -0.0003560017794370651, -0.3130030035972595, -2.3552366047084877e+38)
(0.37867891788482666, 0.023754339665174484, -0.3020475506782532, -2.381821164624186e+38)
(0.38409319519996643, 0.015999777242541313, -0.3003859519958496, -2.368528884666337e+38)
(0.3772435188293457, 0.03133731335401535, -0.2974955439567566, -2.421750333114511e+38)
(0.3768689036369324, 0.03905859589576721, -0.2970402240753174, -2.39506152161345e+38)
(0.37684327363967896, 0.05488073080778122, -0.29959172010421753, -2.341996247719224e+38)
(0.3828268349170685, 0.04785556346178055, -0.2990543246269226, -2.3684767588736555e+38)
(0.3750033676624298, 0.06998330354690552, -0.296625018119812, -2.3551844789158064e+38)
(0.3811971843242645, 0.06341589242219925, -0.29657071828842163, -2.3418921989579572e+38)
(0.3727192282676697, 0.07653296738862991, -0.2904704213142395, -2.381821164624186e+38)
(0.37640634179115295, 0.08494012802839279, -0.2865128517150879, -2.4084059273639804e+38)
(0.3685697317123413, 0.09749728441238403, -0.28335756063461304, -2.4083018786027137e+38)
(0.3749418556690216, 0.09203219413757324, -0.2840673327445984, -2.3817171158629193e+38)
(0.3662604093551636, 0.11183515936136246, -0.2815302014350891, -2.3950091929966725e+38)
(0.3727600574493408, 0.10685461759567261, -0.28254246711730957, -2.4084059273639804e+38)
(0.3789367973804474, -0.09958752244710922, -0.27131742238998413, -2.3817171158629193e+38)
(0.380076140165329, -0.08650265634059906, -0.2871134877204895, -2.3816130671016526e+38)
(0.38412708044052124, -0.09611176699399948, -0.2847564220428467, -2.3683727101123888e+38)
(0.3855683207511902, -0.07370453327894211, -0.2995923161506653, -2.3816130671016526e+38)
(0.390253484249115, -0.08362770825624466, -0.29802411794662476, -2.3816130671016526e+38)
(0.39376556873321533, -0.06157948076725006, -0.32165008783340454, -2.4349385643110934e+38)
(0.3993108868598938, -0.07202749699354172, -0.32106614112854004, -2.394957472852183e+38)
(0.3968445956707001, -0.04508313536643982, -0.3275753855705261, -2.408353801571299e+38)
(0.40453559160232544, -0.046855002641677856, -0.33073991537094116, -2.4215422355919775e+38)
(0.40153026580810547, -0.037916190922260284, -0.3411383032798767, -2.4084059273639804e+38)
(0.4089169204235077, -0.029711397364735603, -0.34117817878723145, -2.3816130671016526e+38)
(0.3959764838218689, -0.00943148136138916, -0.3199165463447571, -2.3418921989579572e+38)
(0.40806061029434204, -0.02008240483701229, -0.33747148513793945, -2.3683727101123888e+38)
(0.3908548951148987, 0.007940179668366909, -0.3027516007423401, -2.368685059220285e+38)
(0.3977198600769043, -0.0006006518378853798, -0.3047025799751282, -2.3551844789158064e+38)
(0.38951945304870605, 0.0242612361907959, -0.29885584115982056, -2.4216462843532442e+38)
(0.39520978927612305, 0.016222506761550903, -0.296933650970459, -2.4083018786027137e+38)
(0.3934687077999115, 0.03252902999520302, -0.29252755641937256, -2.461679501604836e+38)
(0.39443597197532654, 0.04105766862630844, -0.2963162064552307, -2.4083018786027137e+38)
(0.3874692916870117, 0.0565045028924942, -0.2961946129798889, -2.3551844789158064e+38)
(0.3937980830669403, 0.0492435023188591, -0.2954605221748352, -2.394957472852183e+38)
(0.3854096531867981, 0.07211266458034515, -0.29302871227264404, -2.38182096180009e+38)
(0.3919726312160492, 0.06534268707036972, -0.29280412197113037, -2.408353395923107e+38)
(0.38271400332450867, 0.08717082440853119, -0.28872185945510864, -2.4084053188916923e+38)
(0.3894495666027069, 0.0809403732419014, -0.28894054889678955, -2.435042207424168e+38)
(0.3811444640159607, 0.09445067495107651, -0.28616660833358765, -2.408352990274915e+38)
(0.3862828314304352, 0.0958857387304306, -0.28395092487335205, -2.4216978016736375e+38)
(0.37760066986083984, 0.10843681544065475, -0.28031307458877563, -2.4084057245398844e+38)
(0.38171932101249695, 0.11813008785247803, -0.27865421772003174, -2.421750333114511e+38)
(0.3852226436138153, -0.11216776818037033, -0.27685385942459106, -2.3683727101123888e+38)
(0.3946005403995514, -0.1092437207698822, -0.28321123123168945, -2.4084059273639804e+38)
(0.3964097201824188, -0.09523757547140121, -0.30077147483825684, -2.3816130671016526e+38)
(0.40083402395248413, -0.10572277754545212, -0.29793524742126465, -2.39506152161345e+38)
(0.4023476839065552, -0.09069059789180756, -0.31559890508651733, -2.3816130671016526e+38)
(0.4047425389289856, -0.08279336243867874, -0.31983673572540283, -2.3816130671016526e+38)
(0.4109293818473816, -0.06733071804046631, -0.3330536484718323, -2.3816130671016526e+38)
(0.41700196266174316, -0.078636534512043, -0.33208876848220825, -2.368268661351122e+38)
(0.4128285050392151, -0.05855301022529602, -0.3364430069923401, -2.3816130671016526e+38)
(0.41921207308769226, -0.05975886434316635, -0.3336820602416992, -2.368268661351122e+38)
(0.4140644967556, -0.039649493992328644, -0.3365033268928528, -2.341580052674157e+38)
(0.42189186811447144, -0.03116961009800434, -0.3363006114959717, -2.314891443997192e+38)
(0.40630868077278137, -0.009884584695100784, -0.3109510540962219, -2.381665192894334e+38)
(0.4190043807029724, -0.02075980044901371, -0.327348530292511, -2.3015468354225654e+38)
(0.40237337350845337, 0.007863313890993595, -0.2989557385444641, -2.355132353123125e+38)
(0.40962719917297363, -0.000997386872768402, -0.30051636695861816, -2.408198032665543e+38)
(0.40090659260749817, 0.02479366585612297, -0.29510754346847534, -2.4083018786027137e+38)
(0.4068799614906311, 0.016456324607133865, -0.2928886413574219, -2.4083018786027137e+38)
(0.4049603044986725, 0.03337297588586807, -0.28849518299102783, -2.3816130671016526e+38)
(0.4060169756412506, 0.042216092348098755, -0.29218590259552, -2.4083018786027137e+38)
(0.39861178398132324, 0.058206528425216675, -0.2922293543815613, -2.4083018786027137e+38)
(0.4053017497062683, 0.0506984144449234, -0.2912653684616089, -2.4083018786027137e+38)
(0.3977622985839844, 0.07514730095863342, -0.2931516766548157, -2.3950089901725764e+38)
(0.4048025608062744, 0.06807943433523178, -0.29272544384002686, -2.3816130671016526e+38)
(0.3961542248725891, 0.09188677370548248, -0.2928439974784851, -2.381664584422046e+38)
(0.40348052978515625, 0.08532513678073883, -0.2928955554962158, -2.368268661351122e+38)
(0.39581477642059326, 0.10070676356554031, -0.2944607734680176, -2.3816126614534605e+38)
(0.4008144736289978, 0.11120201647281647, -0.2930706739425659, -2.3816130671016526e+38)
(0.3916904628276825, 0.1155855804681778, -0.28800034523010254, -2.3550283043618582e+38)
(0.3946091830730438, 0.12447279691696167, -0.28149306774139404, -2.3418921989579572e+38)
(0.38567107915878296, 0.12798991799354553, -0.2763717770576477, -2.3151512616642147e+38)
(0.3894219994544983, 0.13797210156917572, -0.27343976497650146, -2.3550804301545396e+38)
(0.40918484330177307, -0.1379760056734085, -0.2947128415107727, -2.39506152161345e+38)
(0.405025839805603, -0.11634200066328049, -0.29439467191696167, -2.3550285071859543e+38)
(0.4124331474304199, -0.12013205140829086, -0.29570186138153076, -2.368372912936485e+38)
(0.41310256719589233, -0.10342708975076675, -0.3098297119140625, -2.368268661351122e+38)
(0.4157935082912445, -0.11285778135061264, -0.30106496810913086, -2.395061724437546e+38)
(0.42292287945747375, -0.09028051793575287, -0.33040106296539307, -2.3816130671016526e+38)
(0.42638570070266724, -0.10051518678665161, -0.32215166091918945, -2.408353598747203e+38)
(0.4279414117336273, -0.07245702296495438, -0.33869558572769165, -2.3816130671016526e+38)
(0.43445125222206116, -0.08450555056333542, -0.33719325065612793, -2.408353395923107e+38)
(0.43699002265930176, -0.06442943960428238, -0.33907949924468994, -2.381664584422046e+38)
(0.43671172857284546, -0.05375064164400101, -0.33655405044555664, -2.354976381393273e+38)
(0.42649275064468384, -0.03132832050323486, -0.32807934284210205, -2.3548729411042943e+38)
(0.433949738740921, -0.04239805042743683, -0.32815730571746826, -2.354976989865561e+38)
(0.42818722128868103, -0.021040331572294235, -0.3117210268974304, -2.3681652210621434e+38)
(0.42913347482681274, -0.011585809290409088, -0.31335902214050293, -2.3947499838019378e+38)
(0.4144554138183594, 0.007782687433063984, -0.29452037811279297, -2.4348347183739227e+38)
(0.42210325598716736, -0.0014130650088191032, -0.295640230178833, -2.408042263759787e+38)
(0.4128507077693939, 0.025352122262120247, -0.29072582721710205, -2.394957472852183e+38)
(0.419111430644989, 0.016701385378837585, -0.2881699800491333, -2.3948532212668204e+38)
(0.4125458598136902, 0.03410723805427551, -0.2904757857322693, -2.3549242556005915e+38)
(0.4120127856731415, 0.04281576722860336, -0.2898715138435364, -2.3816130671016526e+38)
(0.41125500202178955, 0.0514511913061142, -0.288917601108551, -2.3816130671016526e+38)
(0.4180208444595337, 0.061548344790935516, -0.28930842876434326, -2.4083008644822335e+38)
(0.41847851872444153, 0.070977121591568, -0.2919369339942932, -2.448282564413432e+38)
(0.4187154769897461, 0.0804843008518219, -0.29427409172058105, -2.4214379840066147e+38)
(0.41265323758125305, 0.0886533260345459, -0.29921627044677734, -2.3816132699257486e+38)
(0.41873276233673096, 0.09004738926887512, -0.29632139205932617, -2.448022746746409e+38)
(0.4103778600692749, 0.10630109161138535, -0.2980109453201294, -2.3816132699257486e+38)
(0.4156642556190491, 0.11740785837173462, -0.29604679346084595, -2.3549244584246875e+38)
(0.3998894691467285, 0.12630663812160492, -0.27840256690979004, -2.3684769616977516e+38)
(0.40958982706069946, 0.12230048328638077, -0.2833014130592346, -2.3550285071859543e+38)
(0.39441511034965515, 0.139914408326149, -0.2701548933982849, -2.3683727101123888e+38)
(0.4024313688278198, 0.13517476618289948, -0.27100569009780884, -2.3817171158629193e+38)
(0.4316149950027466, -0.15466783940792084, -0.3137360215187073, -2.3817171158629193e+38)
(0.42227599024772644, -0.12610383331775665, -0.3021802306175232, -2.3817173186870154e+38)
(0.4281430244445801, -0.1281200796365738, -0.29775816202163696, -2.368372912936485e+38)
(0.4237357974052429, -0.11662168055772781, -0.3023741841316223, -2.395061724437546e+38)
(0.43569496273994446, -0.11252503842115402, -0.30897414684295654, -2.354976381393273e+38)
(0.435105562210083, -0.1040482446551323, -0.3240264654159546, -2.394957472852183e+38)
(0.43828505277633667, -0.09525448828935623, -0.32891029119491577, -2.4083018786027137e+38)
(0.4439968466758728, -0.07666362076997757, -0.33769941329956055, -2.394957472852183e+38)
(0.4510822892189026, -0.07817386835813522, -0.33383071422576904, -2.3816130671016526e+38)
(0.4413239359855652, -0.053947046399116516, -0.32752442359924316, -2.3816130671016526e+38)
(0.45110705494880676, -0.06709293276071548, -0.33186477422714233, -2.3282354440995304e+38)
(0.4336146116256714, -0.031111186370253563, -0.3067275881767273, -2.354976989865561e+38)
(0.44095128774642944, -0.0420728400349617, -0.3059506416320801, -2.3683213956160915e+38)
(0.4348874092102051, -0.021617887541651726, -0.30878978967666626, -2.368217346854825e+38)
(0.44061416387557983, -0.012103036046028137, -0.30250465869903564, -2.3549250668969757e+38)
(0.4271050691604614, 0.0076982732862234116, -0.289359450340271, -2.38135324943463e+38)
(0.4351477026939392, -0.0018476704135537148, -0.2899829149246216, -2.314891849645384e+38)
(0.42535579204559326, 0.025936782360076904, -0.28562551736831665, -2.3814057808755033e+38)
(0.4319043457508087, 0.01695769652724266, -0.2826879024505615, -2.3547169693744422e+38)
(0.4244154989719391, 0.044056057929992676, -0.2846900224685669, -2.3415283325296677e+38)
(0.4314556121826172, 0.03549569845199585, -0.28247952461242676, -2.2881517236480257e+38)
(0.42425715923309326, 0.062499985098838806, -0.2865085005760193, -2.3282867585958277e+38)
(0.4318062663078308, 0.05436217039823532, -0.2849532961845398, -2.301650884183832e+38)
(0.4265803396701813, 0.07289038598537445, -0.2934616804122925, -2.3681640041175672e+38)
(0.43302643299102783, 0.07404054701328278, -0.290321409702301, -2.314942555669393e+38)
(0.43324458599090576, 0.09400847554206848, -0.2944350242614746, -2.381404766755023e+38)
(0.4309689402580261, 0.10279985517263412, -0.29142504930496216, -2.3547682838707394e+38)
(0.4261783957481384, 0.11231638491153717, -0.30093812942504883, -2.341423878120209e+38)
(0.42354467511177063, 0.12067974358797073, -0.2972782850265503, -2.3015468354225654e+38)
(0.42101892828941345, 0.12600280344486237, -0.2762119174003601, -2.2883064784333016e+38)
(0.41798678040504456, 0.13353604078292847, -0.27208590507507324, -2.2349288554311794e+38)
(0.4077221155166626, 0.13711732625961304, -0.2674250602722168, -2.3416838986113277e+38)
(0.4147968292236328, 0.14074388146400452, -0.26771968603134155, -2.274961869858675e+38)
(0.4096752405166626, 0.15601864457130432, -0.2624104619026184, -2.3149946814620745e+38)
(0.45670995116233826, -0.20019790530204773, -0.34088099002838135, -2.341579849850061e+38)
(0.4407355487346649, -0.17286759614944458, -0.3200860619544983, -2.3550283043618582e+38)
(0.4520716667175293, -0.16797567903995514, -0.3215180039405823, -2.3550283043618582e+38)
(0.4370569586753845, -0.1444484293460846, -0.3034037947654724, -2.3284956674147453e+38)
(0.4477423429489136, -0.13902467489242554, -0.3045821785926819, -2.341736024404009e+38)
(0.44690319895744324, -0.12660250067710876, -0.2995046377182007, -2.3283916186534785e+38)
(0.4510878920555115, -0.11835766583681107, -0.30527758598327637, -2.3017028071524175e+38)
(0.45096391439437866, -0.10962768644094467, -0.32123345136642456, -2.368268864175218e+38)
(0.46163904666900635, -0.10232879966497421, -0.32174259424209595, -2.354665046405857e+38)
(0.4582922160625458, -0.0797097384929657, -0.3297053575515747, -2.3816132699257486e+38)
(0.46815192699432373, -0.09432880580425262, -0.33269864320755005, -2.3946982636574485e+38)
(0.45301249623298645, -0.05531603842973709, -0.3147825002670288, -2.314891241173096e+38)
(0.46297958493232727, -0.06866300106048584, -0.3180149793624878, -2.43473148090904e+38)
(0.44283682107925415, -0.03151284158229828, -0.29071247577667236, -2.3282881783645e+38)
(0.4496845602989197, -0.032281555235385895, -0.2871396541595459, -2.3149439754380654e+38)
(0.4442403316497803, -0.021939458325505257, -0.29282045364379883, -2.354976989865561e+38)
(0.4546658396720886, -0.012943895533680916, -0.29565727710723877, -2.3283922271257667e+38)
(0.44188034534454346, -0.0020719803869724274, -0.28683024644851685, -2.2884111356668564e+38)
(0.4487502872943878, -0.0023008612915873528, -0.28344398736953735, -2.301755338593291e+38)
(0.4405187666416168, 0.01717992126941681, -0.2838556170463562, -2.3549248640728796e+38)
(0.4473446011543274, 0.017316676676273346, -0.2805275321006775, -2.2748578210974083e+38)
(0.43934524059295654, 0.045796237885951996, -0.28288447856903076, -2.328287975540404e+38)
(0.4460999071598053, 0.04647146165370941, -0.2795058488845825, -2.3017545272969068e+38)
(0.4391188621520996, 0.06515534222126007, -0.28452616930007935, -2.3017541216487147e+38)
(0.4471728801727295, 0.056624941527843475, -0.28259021043777466, -2.288409715898184e+38)
(0.4395987391471863, 0.07521285116672516, -0.28695595264434814, -2.274961464210483e+38)
(0.4464830160140991, 0.08669602870941162, -0.2853469252586365, -2.3149439754380654e+38)
(0.43768391013145447, 0.09438812732696533, -0.28636354207992554, -2.3547680810466434e+38)
(0.4438413679599762, 0.10606099665164948, -0.2838450074195862, -2.3683218012642836e+38)
(0.4388851523399353, 0.1158418282866478, -0.29346269369125366, -2.3149952899343627e+38)
(0.44538986682891846, 0.11764389276504517, -0.28935837745666504, -2.3683215984401876e+38)
(0.4287834167480469, 0.1294344663619995, -0.2766011953353882, -2.2349288554311794e+38)
(0.43135082721710205, 0.13913318514823914, -0.26805901527404785, -2.3150999471679175e+38)
(0.4203900098800659, 0.15334872901439667, -0.26722806692123413, -2.3151514644883108e+38)
(0.43170902132987976, 0.15019527077674866, -0.27193814516067505, -2.3417883530207865e+38)
(0.42986100912094116, 0.17067685723304749, -0.2749481797218323, -2.341840073165276e+38)
(0.42973601818084717, 0.18215790390968323, -0.27859193086624146, -2.3684769616977516e+38)
(0.47025778889656067, -0.21111884713172913, -0.3492603898048401, -2.3683207871438034e+38)
(0.4722414016723633, -0.19408494234085083, -0.327950119972229, -2.341840073165276e+38)
(0.47140389680862427, -0.17928500473499298, -0.32205790281295776, -2.3683727101123888e+38)
(0.46072661876678467, -0.1596444696187973, -0.3162806034088135, -2.3550283043618582e+38)
(0.4727576971054077, -0.15381671488285065, -0.31714314222335815, -2.394801298298235e+38)
(0.4588106572628021, -0.13308678567409515, -0.305466890335083, -2.4215422355919775e+38)
(0.4672602415084839, -0.12444958835840225, -0.3003591299057007, -2.448126795507676e+38)
(0.47177568078041077, -0.11548624187707901, -0.30612725019454956, -2.394957675676279e+38)
(0.47604647278785706, -0.1060645654797554, -0.31157881021499634, -2.3816132699257486e+38)
(0.47608017921447754, -0.08430345356464386, -0.3264715075492859, -2.368113095269462e+38)
(0.4837512969970703, -0.08593469113111496, -0.32141751050949097, -2.381509423988578e+38)
(0.467546284198761, -0.05769159644842148, -0.30651938915252686, -2.368113298093558e+38)
(0.47787874937057495, -0.0714687705039978, -0.30879563093185425, -2.3547686895189315e+38)
(0.45711785554885864, -0.043499529361724854, -0.28523045778274536, -2.3281849408996173e+38)
(0.45665860176086426, -0.033064328134059906, -0.28331518173217773, -2.3282366610441066e+38)
(0.4582386016845703, -0.023145688697695732, -0.285506010055542, -2.3549252697210717e+38)
(0.46675658226013184, -0.013501899316906929, -0.2832607626914978, -2.3280802836660625e+38)
(0.45575428009033203, -0.0025342069566249847, -0.2798103094100952, -2.328287975540404e+38)
(0.4634857475757599, 0.007438515312969685, -0.27683335542678833, -2.381509626812674e+38)
(0.4541967809200287, 0.027400828897953033, -0.27701544761657715, -2.3816132699257486e+38)
(0.46128058433532715, 0.02773197926580906, -0.2731747627258301, -2.394957675676279e+38)
(0.45375531911849976, 0.037314463406801224, -0.27665650844573975, -2.3549242556005915e+38)
(0.460811972618103, 0.03783245384693146, -0.2727985978126526, -2.3549244584246875e+38)
(0.4540811777114868, 0.05749756842851639, -0.27888286113739014, -2.2882020240238428e+38)
(0.4619092047214508, 0.06902792304754257, -0.27746957540512085, -2.3148399266767987e+38)
(0.4532674551010132, 0.08807778358459473, -0.2813788652420044, -2.27491096101057e+38)
(0.4600360691547394, 0.07885576784610748, -0.2753775119781494, -2.301495723750364e+38)
(0.44868725538253784, 0.09628472477197647, -0.27428191900253296, -2.3149445839103535e+38)
(0.454815149307251, 0.10812807828187943, -0.2709774374961853, -2.301495115278076e+38)
(0.4464530348777771, 0.126662939786911, -0.27653127908706665, -2.3550806329786357e+38)
(0.45286571979522705, 0.1285833716392517, -0.27187347412109375, -2.3549242556005915e+38)
(0.44823068380355835, 0.15032866597175598, -0.2857401967048645, -2.354976584217369e+38)
(0.4538119435310364, 0.14041969180107117, -0.2762850522994995, -2.3282354440995304e+38)
(0.44414615631103516, 0.1582822948694229, -0.2806634306907654, -2.3950095986448645e+38)
(0.452684223651886, 0.16263532638549805, -0.2801280617713928, -2.354820409663421e+38)
(0.4481939375400543, 0.18239660561084747, -0.2783277630805969, -2.221324632013626e+38)
(0.4456271231174469, 0.19199396669864655, -0.2770650386810303, -2.128017637697083e+38)
(0.4428672194480896, 0.20138680934906006, -0.2755852937698364, -2.2215842468565528e+38)
(0.48750561475753784, -0.22088783979415894, -0.3417559266090393, -2.408093578256084e+38)
(0.4907510578632355, -0.23538026213645935, -0.3319975733757019, -2.3680603610044926e+38)
(0.48645225167274475, -0.20458073914051056, -0.33513325452804565, -2.3815084098680978e+38)
(0.4962528944015503, -0.19522668421268463, -0.3284373879432678, -2.3547171721985382e+38)
(0.47960686683654785, -0.15614210069179535, -0.3107467293739319, -2.3416313671704542e+38)
(0.487459272146225, -0.17288227379322052, -0.30916649103164673, -2.3814057808755033e+38)
(0.4888378381729126, -0.14703620970249176, -0.3049166798591614, -2.341424283768401e+38)
(0.4909089207649231, -0.13542956113815308, -0.30552202463150024, -2.3146837521228506e+38)
(0.4820300340652466, -0.11950605362653732, -0.30613911151885986, -2.4082499556341283e+38)
(0.49412801861763, -0.11178190261125565, -0.3058052062988281, -2.341424080944305e+38)
(0.4876047968864441, -0.09799003601074219, -0.31123125553131104, -2.3549244584246875e+38)
(0.48827195167541504, -0.08608600497245789, -0.31036221981048584, -2.3549244584246875e+38)
(0.48549193143844604, -0.0729014202952385, -0.30373382568359375, -2.3282356469236265e+38)
(0.4964795708656311, -0.06352094560861588, -0.3022414445877075, -2.3147880037082133e+38)
(0.4852142930030823, -0.049476467072963715, -0.3004266619682312, -2.381198494649354e+38)
(0.49239581823349, -0.03872823715209961, -0.29323047399520874, -2.314580311833872e+38)
(0.47799575328826904, -0.02533278800547123, -0.28613847494125366, -2.3412169975422516e+38)
(0.4990606904029846, -0.0164985079318285, -0.3026579022407532, -2.3279247175844025e+38)
(0.4732658863067627, 0.007355827838182449, -0.2769232988357544, -2.3814053752273112e+38)
(0.4807763695716858, 0.007305707782506943, -0.2724109888076782, -2.3146839549469466e+38)
(0.47338321805000305, 0.02853812649846077, -0.2774377465248108, -2.314891241173096e+38)
(0.48104289174079895, 0.018094927072525024, -0.27289485931396484, -2.288098583734864e+38)
(0.4719642400741577, 0.04957052320241928, -0.27615422010421753, -2.301495723750364e+38)
(0.4820065498352051, 0.05084110051393509, -0.27585142850875854, -2.3279762349047958e+38)
(0.47069185972213745, 0.05992470681667328, -0.27485191822052, -2.274806912249303e+38)
(0.4690568447113037, 0.07011692970991135, -0.2731223702430725, -2.301339954844608e+38)
(0.4647514820098877, 0.0898650586605072, -0.2684364914894104, -2.301339954844608e+38)
(0.47420790791511536, 0.08137965202331543, -0.26628655195236206, -2.2745472974063763e+38)
(0.4621129631996155, 0.09935183823108673, -0.26551365852355957, -2.328028360697477e+38)
(0.46149805188179016, 0.10981658101081848, -0.26632487773895264, -2.3147350666191478e+38)
(0.4617615342140198, 0.13214388489723206, -0.27125072479248047, -2.3014419753649145e+38)
(0.4709617793560028, 0.13581687211990356, -0.27031147480010986, -2.2745986119026736e+38)
(0.4679470658302307, 0.14813953638076782, -0.2849772572517395, -2.3146831436505625e+38)
(0.4728148579597473, 0.16111403703689575, -0.27885085344314575, -2.3547171721985382e+38)
(0.4592207670211792, 0.17732320725917816, -0.27839040756225586, -2.248118100748242e+38)
(0.46816790103912354, 0.18217960000038147, -0.27709412574768066, -2.288203443792515e+38)
(0.4539494812488556, 0.19712278246879578, -0.27584147453308105, -2.2613578492652177e+38)
(0.46546125411987305, 0.1924007683992386, -0.2758103013038635, -2.2615665552600393e+38)
(0.45937636494636536, 0.21214808523654938, -0.27253222465515137, -2.301339143548224e+38)
(0.500831127166748, -0.2260957658290863, -0.3248000741004944, -2.3413715495034315e+38)
(0.5034886002540588, -0.2403910905122757, -0.3138570785522461, -2.301338535075936e+38)
(0.49996477365493774, -0.20972850918769836, -0.31898313760757446, -2.3413202350071342e+38)
(0.5146164894104004, -0.20439592003822327, -0.31911909580230713, -2.3145271719207104e+38)
(0.500900387763977, -0.1668192595243454, -0.3093448281288147, -2.3279247175844025e+38)
(0.5010568499565125, -0.1776767522096634, -0.2940635681152344, -2.3145277803929985e+38)
(0.49592018127441406, -0.1492997109889984, -0.29806166887283325, -2.3279249204084985e+38)
(0.509235680103302, -0.14230425655841827, -0.2976323366165161, -2.221169674404254e+38)
(0.5089903473854065, -0.11780407279729843, -0.3111092448234558, -2.287942814829108e+38)
(0.5151846408843994, -0.1324455589056015, -0.30409663915634155, -2.3143720114872424e+38)
(0.5065001249313354, -0.10338295251131058, -0.3049353361129761, -2.287943017653204e+38)
(0.519093930721283, -0.09427332133054733, -0.3034571409225464, -2.287787248747448e+38)
(0.5113584399223328, -0.06712137907743454, -0.30732810497283936, -2.287891500332811e+38)
(0.5195990204811096, -0.08138635009527206, -0.3024916648864746, -2.2878393745401295e+38)
(0.510964035987854, -0.05443979799747467, -0.30542176961898804, -2.314580311833872e+38)
(0.5193438529968262, -0.055595509707927704, -0.29936641454696655, -2.287891703156907e+38)
(0.514067530632019, -0.017792735248804092, -0.30770576000213623, -2.287891500332811e+38)
(0.5245064496994019, -0.03126516193151474, -0.30508965253829956, -2.2478584859053153e+38)
(0.4932521879673004, -0.00405200757086277, -0.27521729469299316, -2.287891500332811e+38)
(0.5049185156822205, 0.0070895119570195675, -0.2752867341041565, -2.2479106116979966e+38)
(0.4940869212150574, 0.029759060591459274, -0.2766583561897278, -2.2879951434458855e+38)
(0.5052110552787781, 0.018744224682450294, -0.27576524019241333, -2.247962737490678e+38)
(0.4934754967689514, 0.041004620492458344, -0.2761762738227844, -2.3012874234037347e+38)
(0.48964229226112366, 0.05160391330718994, -0.270910382270813, -2.3012874234037347e+38)
(0.48107320070266724, 0.07154857367277145, -0.2594948410987854, -2.2611501573908763e+38)
(0.4930505156517029, 0.06274691224098206, -0.2601052522659302, -2.274494563141407e+38)
(0.47883471846580505, 0.09272871166467667, -0.258634090423584, -2.261254206152143e+38)
(0.48599353432655334, 0.09418324381113052, -0.2532614469528198, -2.2611505630390684e+38)
(0.4857625961303711, 0.11889468878507614, -0.27308404445648193, -2.234566408771562e+38)
(0.49097949266433716, 0.107847198843956, -0.2623066306114197, -2.2744432486451096e+38)
(0.4818987250328064, 0.12857264280319214, -0.26902782917022705, -2.234566408771562e+38)
(0.47507402300834656, 0.13611595332622528, -0.26034820079803467, -2.274650737695355e+38)
(0.4874364137649536, 0.15665757656097412, -0.2828497290611267, -2.2880991922071522e+38)
(0.49226677417755127, 0.17025944590568542, -0.27566027641296387, -2.5417990760211807e+38)
(0.48614874482154846, 0.18159618973731995, -0.28668391704559326, -2.288203240968419e+38)
(0.4929381012916565, 0.1840241551399231, -0.27970045804977417, -2.6618987277759556e+38)
(0.4713515639305115, 0.2078089863061905, -0.27236688137054443, -2.2346696462364447e+38)
(0.4804304838180542, 0.21336859464645386, -0.2700710892677307, -2.181188380121248e+38)
(0.46798932552337646, 0.21774370968341827, -0.2704801559448242, -2.247961926194294e+38)
(0.4699658751487732, 0.22975406050682068, -0.2607317566871643, -2.1945327858717784e+38)
(0.510175883769989, -0.2598724365234375, -0.30956172943115234, -2.2478053459921537e+38)
(0.5213395357131958, -0.26810944080352783, -0.30691230297088623, -2.1678439743707173e+38)
(0.5145556330680847, -0.24810607731342316, -0.3117709755897522, -2.2611497517426842e+38)
(0.530445396900177, -0.24376840889453888, -0.3114094138145447, -2.181188177297152e+38)
(0.5264155268669128, -0.2112301141023636, -0.3173859119415283, -2.301078717408913e+38)
(0.538628339767456, -0.21830052137374878, -0.31519317626953125, -2.181188380121248e+38)
(0.5205605626106262, -0.19067130982875824, -0.3049766421318054, -2.2744428429969175e+38)
(0.5357835292816162, -0.18424847722053528, -0.30422621965408325, -2.1677403312576427e+38)
(0.5248538255691528, -0.14987517893314362, -0.3020407557487488, -2.2479098004016125e+38)
(0.5297480225563049, -0.164850115776062, -0.2928012013435364, -2.1811364571526625e+38)
(0.5331001281738281, -0.1263546645641327, -0.30890393257141113, -2.3275077112429514e+38)
(0.5413132905960083, -0.12846893072128296, -0.30101561546325684, -2.154551694412868e+38)
(0.5344647169113159, -0.11296962946653366, -0.30866187810897827, -2.2875791512249146e+38)
(0.542844295501709, -0.11493952572345734, -0.30095815658569336, -2.1544995686201868e+38)
(0.5318443775177002, -0.0844215527176857, -0.30129480361938477, -2.2476501855586858e+38)
(0.5446728467941284, -0.07380242645740509, -0.29837024211883545, -2.1012266028516195e+38)
(0.5316038131713867, -0.0577852725982666, -0.2982379198074341, -2.2611513743354525e+38)
(0.5402679443359375, -0.058979667723178864, -0.29129838943481445, -2.1012272113239076e+38)
(0.5332684516906738, -0.032020047307014465, -0.2987220287322998, -2.2211700800524462e+38)
(0.5482008457183838, -0.02025545760989189, -0.2993805408477783, -2.1278634913840952e+38)
(0.5255792737007141, -0.005627712234854698, -0.2870844602584839, -2.2078256743019157e+38)
(0.5417379140853882, -0.0063860658556222916, -0.29050761461257935, -2.114570602953958e+38)
(0.5230120420455933, 0.031660065054893494, -0.28367793560028076, -2.154500379916571e+38)
(0.5351756811141968, 0.03237558901309967, -0.28203362226486206, -2.0347658115346618e+38)
(0.5206459164619446, 0.04320499300956726, -0.2633565664291382, -2.0214735315768126e+38)
(0.5193727612495422, 0.0551292821764946, -0.2623049020767212, -2.0080770000336007e+38)
(0.5006836652755737, 0.063710056245327, -0.2545260190963745, -2.181083520063597e+38)
(0.5121877193450928, 0.07751153409481049, -0.2546047568321228, -2.0213167485505764e+38)
(0.5017544627189636, 0.09907989203929901, -0.25961631536483765, -2.1811366599767586e+38)
(0.512535035610199, 0.0896751806139946, -0.256247878074646, -2.0213686715191617e+38)
(0.5106061100959778, 0.11512310802936554, -0.2737833261489868, -2.154499771444283e+38)
(0.5208678841590881, 0.1310354769229889, -0.2722647190093994, -2.0080765943854086e+38)
(0.5004092454910278, 0.1475244015455246, -0.26533955335617065, -2.0746931546081224e+38)
(0.512671172618866, 0.13972532749176025, -0.26317113637924194, -1.981439503028837e+38)
(0.5120144486427307, 0.16567488014698029, -0.26690709590911865, -2.2349282469588913e+38)
(0.5129389762878418, 0.17994897067546844, -0.27084797620773315, -2.8221851346230217e+38)
(0.5066570043563843, 0.1920105218887329, -0.2826566696166992, -2.7822048544604956e+38)
(0.5103756189346313, 0.20611406862735748, -0.273256778717041, -2.742121134008991e+38)
(0.4897595942020416, 0.21907378733158112, -0.26737236976623535, -2.074590322791432e+38)
(0.503179132938385, 0.2141292542219162, -0.26630401611328125, -1.8480475713162128e+38)
(0.475443959236145, 0.23204833269119263, -0.25277048349380493, -2.061350168626264e+38)
(0.4883778393268585, 0.22820964455604553, -0.25189346075057983, -2.021525454545398e+38)
(0.4732816815376282, 0.2397426962852478, -0.23703832924365997, -2.021421000135939e+38)
(0.5388513803482056, -0.27882012724876404, -0.2922710180282593, -2.0879862458623557e+38)
(0.5425428748130798, -0.25171995162963867, -0.3085057735443115, -2.074745686048996e+38)
(0.5550397634506226, -0.25994113087654114, -0.30508893728256226, -2.061505734707924e+38)
(0.5527381300926208, -0.24412865936756134, -0.3183854818344116, -2.0748497348102625e+38)
(0.5598232746124268, -0.24672149121761322, -0.30729836225509644, -2.0615578605006055e+38)
(0.5551824569702148, -0.2121170610189438, -0.3141676187515259, -2.0481615317814896e+38)
(0.5665935277938843, -0.2009340226650238, -0.3053579330444336, -2.0348690489995444e+38)
(0.5515199899673462, -0.17708168923854828, -0.30291420221328735, -2.0481621402537777e+38)
(0.5731595754623413, -0.17248877882957458, -0.3076533079147339, -2.074902266251136e+38)
(0.5541839599609375, -0.13300801813602448, -0.2986881136894226, -2.048213657574171e+38)
(0.5674930214881897, -0.13769987225532532, -0.29583632946014404, -2.1014872318150264e+38)
(0.5558383464813232, -0.11906243115663528, -0.2987055778503418, -2.034817328855055e+38)
(0.570552408695221, -0.10880215466022491, -0.2956063747406006, -2.0746949800249867e+38)
(0.5576876997947693, -0.09081540256738663, -0.29751574993133545, -2.061454420211627e+38)
(0.5714853405952454, -0.07950134575366974, -0.29366523027420044, -2.0612467283372854e+38)
(0.5523616075515747, -0.047360748052597046, -0.28719043731689453, -2.0481102172851923e+38)
(0.5613017678260803, -0.04836338013410568, -0.27941465377807617, -2.101279742764781e+38)
(0.5642582774162292, -0.03499802201986313, -0.2821546196937561, -2.0612984484817748e+38)
(0.57101970911026, -0.021840671077370644, -0.2895718216896057, -2.074590728439624e+38)
(0.559913158416748, 0.006551156751811504, -0.2947347164154053, -2.0081804403225793e+38)
(0.5727134346961975, -0.007773460820317268, -0.29120540618896484, -2.0746424485841132e+38)
(0.5602372884750366, 0.020360136404633522, -0.2951907515525818, -1.9948887688370183e+38)
(0.5567132830619812, 0.03353337571024895, -0.27250516414642334, -2.048058091492511e+38)
(0.5288950800895691, 0.043810173869132996, -0.25683873891830444, -1.9948887688370183e+38)
(0.5275468826293945, 0.05594543367624283, -0.2557658553123474, -1.9948887688370183e+38)
(0.5299369096755981, 0.08154107630252838, -0.2605586051940918, -2.0214737344009087e+38)
(0.5444165468215942, 0.07139755040407181, -0.2598506212234497, -2.074746902993572e+38)
(0.5375608205795288, 0.11018574982881546, -0.2728115916252136, -2.0348181401514392e+38)
(0.5497845411300659, 0.09964115917682648, -0.26844412088394165, -2.074590322791432e+38)
(0.5360792279243469, 0.1366613358259201, -0.2744203805923462, -2.008129125826282e+38)
(0.548105776309967, 0.14062254130840302, -0.2712816596031189, -2.074590322791432e+38)
(0.5288760662078857, 0.16031910479068756, -0.269426167011261, -2.034712063149212e+38)
(0.5424749255180359, 0.15187793970108032, -0.2664501667022705, -2.127967337321266e+38)
(0.5378068685531616, 0.17767333984375, -0.265308141708374, -2.2482714357648456e+38)
(0.5348201990127563, 0.19018980860710144, -0.2641892433166504, -2.875457897567493e+38)
(0.5205793976783752, 0.19694587588310242, -0.2664259672164917, -2.8222384773602793e+38)
(0.5237231850624084, 0.2110399454832077, -0.2559376358985901, -2.622177048335876e+38)
(0.5018395185470581, 0.22386831045150757, -0.25063514709472656, -2.034817531679151e+38)
(0.515816330909729, 0.21896684169769287, -0.2489340454339981, -2.048264769246372e+38)
(0.4996040463447571, 0.23272785544395447, -0.23446132242679596, -2.074902266251136e+38)
(0.49479830265045166, 0.24227404594421387, -0.23159722983837128, -2.0481613289573935e+38)
(0.48980188369750977, 0.25143808126449585, -0.22856257855892181, -2.0347654058864697e+38)
(0.5579334497451782, -0.3148075044155121, -0.3017776608467102, -2.088194546208985e+38)
(0.5767868757247925, -0.3115914463996887, -0.2997536063194275, -2.1015393576077078e+38)
(0.5691922307014465, -0.28844720125198364, -0.3068622946739197, -2.048213454750075e+38)
(0.5826493501663208, -0.29793113470077515, -0.3023204207420349, -2.1016430007207824e+38)
(0.5843062400817871, -0.24647079408168793, -0.3133505582809448, -2.1280194631139473e+38)
(0.5986959338188171, -0.25486311316490173, -0.3090587258338928, -2.1547604004076898e+38)
(0.588718593120575, -0.23181983828544617, -0.31507617235183716, -2.1146231343948314e+38)
(0.607693076133728, -0.2244080901145935, -0.31240564584732056, -2.168052680365539e+38)
(0.5839624404907227, -0.19328747689723969, -0.3031120300292969, -2.141259820103211e+38)
(0.6018171310424805, -0.18473471701145172, -0.3001018762588501, -2.207877800094597e+38)
(0.5843347311019897, -0.1602548509836197, -0.2982600927352905, -2.141260022927307e+38)
(0.6073234677314758, -0.15349119901657104, -0.30129557847976685, -2.194585722960844e+38)
(0.583167314529419, -0.12772908806800842, -0.29258400201797485, -2.0746943715526986e+38)
(0.6105597019195557, -0.12142051011323929, -0.3008371591567993, -2.1413127571922766e+38)
(0.5907374620437622, -0.08405597507953644, -0.29628825187683105, -2.0615067488284043e+38)
(0.6112569570541382, -0.10519739985466003, -0.2999368906021118, -2.1013318685574624e+38)
(0.5852057933807373, -0.06733277440071106, -0.28887373208999634, -2.0614542173875308e+38)
(0.6094415187835693, -0.056469544768333435, -0.29438769817352295, -2.141364882984958e+38)
(0.5851356387138367, -0.022912031039595604, -0.28649115562438965, -2.0482659861909484e+38)
(0.6021823883056641, -0.03959839791059494, -0.2859584093093872, -2.15476141452817e+38)
(0.5880236625671387, 0.006314036902040243, -0.2891959547996521, -2.034973503409003e+38)
(0.6027826070785522, 0.006189602427184582, -0.28552669286727905, -2.061610594765575e+38)
(0.5836273431777954, 0.02090175449848175, -0.28435397148132324, -2.0215775803380794e+38)
(0.5928071141242981, 0.035871729254722595, -0.27534037828445435, -2.0483175035113416e+38)
(0.5647057890892029, 0.04756072908639908, -0.26395875215530396, -2.088194546208985e+38)
(0.5897701978683472, 0.06508172303438187, -0.27321815490722656, -2.1014866233427383e+38)
(0.5690715312957764, 0.07616958767175674, -0.27028268575668335, -2.101278728644301e+38)
(0.5838441252708435, 0.09331479668617249, -0.26879197359085083, -2.1812924288825146e+38)
(0.5666214227676392, 0.11826030164957047, -0.2711808681488037, -2.1810857511286534e+38)
(0.5798659324645996, 0.10688570141792297, -0.26576393842697144, -2.1679488344283682e+38)
(0.56048583984375, 0.14469918608665466, -0.26760566234588623, -2.12796713449717e+38)
(0.5791466236114502, 0.13646213710308075, -0.2679750919342041, -2.154656757294615e+38)
(0.5521795749664307, 0.16959026455879211, -0.26218491792678833, -2.207927897646318e+38)
(0.5835537314414978, 0.1855473816394806, -0.2788194417953491, -2.1411024286046868e+38)
(0.5494176149368286, 0.18269847333431244, -0.26132071018218994, -2.32807784977691e+38)
(0.5534207820892334, 0.1979202926158905, -0.25048917531967163, -2.928679751663859e+38)
(0.5343539118766785, 0.21675215661525726, -0.2516055107116699, -2.662001762416742e+38)
(0.5495255589485168, 0.21044853329658508, -0.24877150356769562, -2.8488222259795935e+38)
(0.5259354710578918, 0.22474540770053864, -0.24447943270206451, -1.941509726066224e+38)
(0.5362764596939087, 0.23065651953220367, -0.23951087892055511, -1.968198334743189e+38)
(0.5073302388191223, 0.25217506289482117, -0.23149217665195465, -2.1148833577100462e+38)
(0.516498327255249, 0.25838008522987366, -0.22622059285640717, -2.1282277634605768e+38)
(0.5234942436218262, 0.28210124373435974, -0.23817123472690582, -2.088143231712688e+38)
(0.6242008209228516, -0.2927335202693939, -0.3193325996398926, -2.0347658115346618e+38)
(0.6550319194793701, -0.2936969995498657, -0.32485318183898926, -1.914667173900367e+38)
(0.6262451410293579, -0.25393253564834595, -0.3141748309135437, -2.0616097834691908e+38)
(0.6390860080718994, -0.2403281182050705, -0.30212944746017456, -1.9680969226951706e+38)
(0.6200242638587952, -0.2113393396139145, -0.30137819051742554, -2.048214063222363e+38)
(0.6323456168174744, -0.1978132277727127, -0.28992795944213867, -1.928064111091771e+38)
(0.6200770139694214, -0.17520245909690857, -0.2962268590927124, -2.061350168626264e+38)
(0.6386392116546631, -0.16462105512619019, -0.2913830876350403, -1.914771831133922e+38)
(0.6314055919647217, -0.14542600512504578, -0.3034597635269165, -2.1411565826383285e+38)
(0.6552165746688843, -0.15391181409358978, -0.30523401498794556, -1.9014272225592953e+38)
(0.6398204565048218, -0.09604855626821518, -0.3069651126861572, -2.0612471339854775e+38)
(0.6720504760742188, -0.12292235344648361, -0.31766587495803833, -1.9281158312362604e+38)
(0.6455143690109253, -0.08018085360527039, -0.311417818069458, -1.9947327971071662e+38)
(0.6702756881713867, -0.08510945737361908, -0.3132507801055908, -1.9281162368844525e+38)
(0.628885805606842, -0.04301759600639343, -0.29305362701416016, -1.9682001601600532e+38)
(0.6549342274665833, -0.0288985688239336, -0.2964872717857361, -1.8882913199794903e+38)
(0.623558521270752, 0.005996523424983025, -0.28669673204421997, -1.955064054756152e+38)
(0.6443865299224854, -0.01098061166703701, -0.2862861156463623, -1.8616025084784292e+38)
(0.6183826923370361, 0.02183130383491516, -0.2816198468208313, -1.928375243255091e+38)
(0.6394490003585815, 0.03898775577545166, -0.2818295955657959, -1.91477142548573e+38)
(0.6112934947013855, 0.05256100744009018, -0.2752804160118103, -1.994836643044337e+38)
(0.6298834085464478, 0.07066091150045395, -0.2739688754081726, -1.9414079083700135e+38)
(0.601290225982666, 0.08161358535289764, -0.26677650213241577, -1.968043377133817e+38)
(0.6173181533813477, 0.10017982870340347, -0.26398980617523193, -1.9546490766556615e+38)
(0.5983765125274658, 0.12708565592765808, -0.2674412131309509, -1.9149791173600712e+38)
(0.6236493587493896, 0.11825145035982132, -0.2711542844772339, -1.9280121881231857e+38)
(0.624671220779419, 0.17114590108394623, -0.2976153492927551, -1.968044391254297e+38)
(0.6550665497779846, 0.16457442939281464, -0.30412930250167847, -1.9148758798951887e+38)
(0.623004674911499, 0.18790559470653534, -0.29807382822036743, -1.9545432024775304e+38)
(0.6430673599243164, 0.21465858817100525, -0.29910939931869507, -1.954647251238797e+38)
(0.6080207824707031, 0.23249003291130066, -0.29024815559387207, -2.848770303011008e+38)
(0.6400150060653687, 0.23183481395244598, -0.29872578382492065, -2.2615136181709737e+38)
(0.5978860855102539, 0.24330440163612366, -0.2825164794921875, -2.8088415401688753e+38)
(0.6135286092758179, 0.27050918340682983, -0.28134042024612427, -2.635417608149236e+38)
(0.5892452001571655, 0.2913799285888672, -0.28326332569122314, -1.928114411467588e+38)
(0.5960595607757568, 0.2939463257789612, -0.270338773727417, -1.9414070970736294e+38)
(0.565550684928894, 0.30586642026901245, -0.2647373080253601, -1.9147184883966643e+38)
(0.5966188907623291, 0.31385260820388794, -0.2745608687400818, -1.954751705648256e+38)
(0.6684145927429199, -0.27890264987945557, -0.3110803961753845, -1.954700999624247e+38)
(0.6818637847900391, -0.2637391984462738, -0.29697829484939575, -1.941460642634983e+38)
(0.6774719953536987, -0.23968593776226044, -0.29030704498291016, -1.9014274253833914e+38)
(0.6647554636001587, -0.21176300942897797, -0.2767816185951233, -1.928064111091771e+38)
(0.6445611715316772, -0.18377768993377686, -0.2779751420021057, -1.9280125937713778e+38)
(0.6550219058990479, -0.17045898735523224, -0.2853108048439026, -1.9014797540001688e+38)
(0.690394401550293, -0.14720886945724487, -0.313220739364624, -1.8881874740423196e+38)
(0.6907382011413574, -0.16536913812160492, -0.2923985719680786, -1.9413034539605547e+38)
(0.6984439492225647, -0.11039437353610992, -0.3172146677970886, -1.8881876768664157e+38)
(0.7093421220779419, -0.11216844618320465, -0.3031318187713623, -1.9279594538582162e+38)
(0.69687819480896, -0.09041064232587814, -0.31457239389419556, -1.914667782372655e+38)
(0.7139250040054321, -0.07344300299882889, -0.3047140836715698, -1.914667782372655e+38)
(0.6911739110946655, -0.05100117623806, -0.3077147603034973, -1.9014795511760728e+38)
(0.7142324447631836, -0.03403808921575546, -0.30359792709350586, -1.914771831133922e+38)
(0.6820641756057739, -0.01288130134344101, -0.2987722158432007, -1.8616025084784292e+38)
(0.6870942115783691, 0.005419441498816013, -0.28078174591064453, -1.8748939771398943e+38)
(0.6629775762557983, 0.023073216900229454, -0.28194552659988403, -1.8748945856121824e+38)
(0.6734398007392883, 0.023282773792743683, -0.2696138024330139, -1.8749446831639034e+38)
(0.6481362581253052, 0.05617278814315796, -0.26960939168930054, -1.914771831133922e+38)
(0.6456881761550903, 0.07266436517238617, -0.26807695627212524, -1.9413569995219083e+38)
(0.6441190242767334, 0.10621196776628494, -0.26850080490112305, -1.9414083140182056e+38)
(0.6784383058547974, 0.09574660658836365, -0.2758474349975586, -1.9281160340603564e+38)
(0.6725093722343445, 0.1509103626012802, -0.29640305042266846, -1.9548046427373215e+38)
(0.6974562406539917, 0.13853566348552704, -0.2939223051071167, -1.9015829914650514e+38)
(0.6713309288024902, 0.18858888745307922, -0.29899847507476807, -1.9947857341962317e+38)
(0.698178768157959, 0.17844535410404205, -0.2977287769317627, -1.954752111296448e+38)
(0.6695687770843506, 0.20721915364265442, -0.2995598316192627, -1.981440922797509e+38)
(0.6844227313995361, 0.23278695344924927, -0.2924307584762573, -1.928008334465361e+38)
(0.663884162902832, 0.2437564730644226, -0.2993263602256775, -2.2615130096986856e+38)
(0.6728026866912842, 0.24652186036109924, -0.28495079278945923, -2.20808285525569e+38)
(0.6402652859687805, 0.2680109143257141, -0.2831261157989502, -2.68879462267907e+38)
(0.6585054993629456, 0.29884278774261475, -0.2810908555984497, -2.74201627395134e+38)
(0.6236526966094971, 0.3150392174720764, -0.27721714973449707, -1.9414077055459175e+38)
(0.6463519334793091, 0.3315064609050751, -0.27696293592453003, -1.914822334333835e+38)
(0.6482278108596802, 0.35516223311424255, -0.2823578119277954, -1.9414072998977254e+38)
(0.7049582004547119, -0.2992282807826996, -0.2961828112602234, -1.888133522832774e+38)
(0.7081466317176819, -0.2756977677345276, -0.27219563722610474, -1.8347561026547478e+38)
(0.6939850449562073, -0.24477167427539825, -0.25885581970214844, -1.7813784796526256e+38)
(0.6990447044372559, -0.22662684321403503, -0.2602927088737488, -1.8080672911536867e+38)
(0.689220666885376, -0.18269512057304382, -0.27069181203842163, -1.8880300825437953e+38)
(0.6944329738616943, -0.20342980325222015, -0.25468748807907104, -1.8214116969042172e+38)
(0.719954252243042, -0.1549317091703415, -0.29125720262527466, -1.8880300825437953e+38)
(0.7284058332443237, -0.17758899927139282, -0.2759482264518738, -1.8481015225257585e+38)
(0.7385692000389099, -0.11912696808576584, -0.30279046297073364, -1.874736991289562e+38)
(0.7501522302627563, -0.1426701843738556, -0.2885918617248535, -1.8880828168087648e+38)
(0.746362566947937, -0.09993748366832733, -0.30762314796447754, -1.88813372565687e+38)
(0.7678542137145996, -0.10387791693210602, -0.2988792657852173, -1.834807822799237e+38)
(0.7392923831939697, -0.056690797209739685, -0.30037426948547363, -1.8747893199063394e+38)
(0.7646511793136597, -0.03816568851470947, -0.29426342248916626, -1.8214114940801212e+38)
(0.7371483445167542, -0.015463190153241158, -0.2977921962738037, -1.861444914155809e+38)
(0.7411894798278809, 0.004914794582873583, -0.2769392132759094, -1.7548458427055126e+38)
(0.7057690620422363, 0.024225065484642982, -0.27357620000839233, -1.901425802790623e+38)
(0.6830732822418213, 0.04144556075334549, -0.2563632130622864, -1.8880813970400925e+38)
(0.6813212037086487, 0.059264689683914185, -0.2554238438606262, -1.8880813970400925e+38)
(0.7136596441268921, 0.06271400302648544, -0.2578917145729065, -1.7014682197033905e+38)
(0.7116427421569824, 0.10192690789699554, -0.2802397608757019, -1.8880813970400925e+38)
(0.730659008026123, 0.10503752529621124, -0.27152830362319946, -1.714812625453921e+38)
(0.7170639038085938, 0.1635553538799286, -0.28818440437316895, -1.874736788465466e+38)
(0.7457780838012695, 0.17203769087791443, -0.2861563563346863, -1.714812625453921e+38)
(0.7159309387207031, 0.20468269288539886, -0.2908385992050171, -1.914666159779887e+38)
(0.736241340637207, 0.19007200002670288, -0.2808193564414978, -1.7147602968371436e+38)
(0.7051154375076294, 0.22059808671474457, -0.2843363881111145, -1.9281138029953e+38)
(0.7145074009895325, 0.22312907874584198, -0.2685718536376953, -1.7149164713910917e+38)
(0.6898757815361023, 0.2542068064212799, -0.27679741382598877, -2.141465686560688e+38)
(0.6936764121055603, 0.2752498686313629, -0.25987708568573, -2.341891996133861e+38)
(0.6746969223022461, 0.30800509452819824, -0.2727864980697632, -2.3151007584643016e+38)
(0.6973202228546143, 0.29949137568473816, -0.2653311491012573, -2.328600121824204e+38)
(0.6847809553146362, 0.33492574095726013, -0.2616264224052429, -1.7016243942573386e+38)
(0.7168909311294556, -0.23441675305366516, -0.25067394971847534, -2.555613425202228e+38)
(0.7150428295135498, -0.23127390444278717, -0.2270655483007431, -3.1962968164756253e+38)
(0.721487283706665, -0.21525838971138, -0.25175023078918457, -2.488995445210842e+38)
(0.7440096139907837, -0.20249278843402863, -0.24181680381298065, -3.2627060904721897e+38)
(0.7600727081298828, -0.1665623039007187, -0.27277272939682007, -2.476015717184985e+38)
(0.7593607902526855, -0.16478212177753448, -0.24829642474651337, -3.2625499159182416e+38)
(0.7605754137039185, -0.14461864531040192, -0.2716323137283325, -2.4224301994844254e+38)
(0.7808359861373901, -0.12717357277870178, -0.259155809879303, -3.2624981957737523e+38)
(0.7790275812149048, -0.10541589558124542, -0.2816557288169861, -2.3287575133227284e+38)
(0.7867007255554199, -0.08379310369491577, -0.26088273525238037, -3.195984873015921e+38)
(0.7760879397392273, -0.03885003179311752, -0.27749472856521606, -2.742277714211131e+38)
(0.7824130058288574, -0.060961686074733734, -0.2575397491455078, -3.182691781761688e+38)
(0.7596583962440491, -0.016213281080126762, -0.2662022113800049, -2.8223962745069958e+38)
(0.7704343795776367, -0.016572361811995506, -0.24932502210140228, -3.2494136076902445e+38)
(0.7618480920791626, 0.02579517662525177, -0.2675682306289673, -2.7959680919693416e+38)
(0.7825626134872437, 0.026332946494221687, -0.2567256689071655, -3.2092767473255782e+38)
(0.7494407296180725, 0.06653986126184464, -0.2599390745162964, -2.7425904689672194e+38)
(0.7550109028816223, 0.08816303312778473, -0.2642629146575928, -2.8360532321895186e+38)
(0.7501298189163208, 0.10823308676481247, -0.2617798447608948, -2.809416343657043e+38)
(0.7733234167098999, 0.134088933467865, -0.2539246678352356, -3.1826404672653906e+38)
(0.7661908864974976, 0.1775815337896347, -0.2761572003364563, -2.9429119184827415e+38)
(0.796798825263977, 0.16316017508506775, -0.2697380781173706, -3.2093290759423556e+38)
(0.7448914647102356, 0.2136753499507904, -0.2649690508842468, -3.0496142273979204e+38)
(0.7658601403236389, 0.19835691154003143, -0.25315260887145996, -3.1959325443991437e+38)
(0.729547917842865, 0.25037938356399536, -0.2583816647529602, -3.2095383904094653e+38)
(0.7381608486175537, 0.2528640627861023, -0.2409372180700302, -3.2359653560025433e+38)
(0.7336350679397583, 0.27282071113586426, -0.24014075100421906, -3.209380187614557e+38)
(0.7283043265342712, 0.2923036813735962, -0.23896925151348114, -3.142657956037808e+38)
(0.7222394943237305, 0.3112682104110718, -0.23745574057102203, -3.115968738888555e+38)
(0.7155139446258545, 0.32968059182167053, -0.23563481867313385, -3.1426056274210307e+38)
(0.726449728012085, -0.25765466690063477, -0.2140546292066574, -3.0893328644765594e+38)
(0.7503921985626221, -0.2468440979719162, -0.20324407517910004, nan)
(0.7590122222900391, -0.23034076392650604, -0.22946800291538239, -3.022818730422344e+38)
(0.7827625274658203, -0.21669037640094757, -0.21732263267040253, nan)
(0.7888236045837402, -0.19740435481071472, -0.2434927076101303, -3.1162291650278658e+38)
(0.8023664951324463, -0.17893598973751068, -0.24984262883663177, -3.1162291650278658e+38)
(0.8274058103561401, -0.1632070541381836, -0.2629508376121521, -3.1027803048678765e+38)
(0.808260440826416, -0.08700260519981384, -0.24881993234157562, -3.222671656276022e+38)
(0.8184835910797119, -0.08814815431833267, -0.22929765284061432, nan)
(0.7929078340530396, -0.061865389347076416, -0.23938967287540436, -3.182742690609793e+38)
(0.7774518132209778, -0.03817645460367203, -0.23010583221912384, -3.1427618019749788e+38)
(0.7808183431625366, -0.016918368637561798, -0.23173479735851288, -3.0762480735689556e+38)
(0.7907538414001465, -0.01724943518638611, -0.2134445160627365, nan)
(0.8146228790283203, 0.027236193418502808, -0.2509058117866516, -3.1429711164420885e+38)
(0.8134770393371582, 0.05016080290079117, -0.2504745125770569, -3.209692536722453e+38)
(0.8212707042694092, 0.07364162057638168, -0.22989438474178314, nan)
(0.7955232858657837, 0.09281228482723236, -0.21692006289958954, nan)
(0.770445704460144, 0.11078613996505737, -0.22754023969173431, -3.1296250880987896e+38)
(0.7731090784072876, 0.13213174045085907, -0.20659367740154266, nan)
(0.7862677574157715, 0.18161369860172272, -0.2398039847612381, -3.2765699287326698e+38)
(0.8058334589004517, 0.1634446084499359, -0.22487346827983856, nan)
(0.7533451318740845, 0.2139386683702469, -0.22354735434055328, nan)
(0.7738915681838989, 0.19852447509765625, -0.2103341966867447, -3.3426143221804645e+38)
(0.7604182958602905, 0.2395908683538437, -0.22938404977321625, nan)
(0.7541794776916504, 0.2574714124202728, -0.20440207421779633, -3.2627048735276135e+38)
(0.7415181398391724, 0.2752300798892975, -0.22203122079372406, nan)
(0.7534863948822021, 0.3035362958908081, -0.20791415870189667, nan)
(0.7398619651794434, 0.3207339942455292, -0.22553391754627228, nan)
(0.7392847537994385, 0.34187453985214233, -0.20452459156513214, -3.3026855593383316e+38)
(0.8027764558792114, -0.22410041093826294, -0.20333947241306305, -3.0757262071698536e+38)
(0.8186017274856567, -0.20642082393169403, -0.20961450040340424, -3.062382004243419e+38)
(0.8334001302719116, -0.18731777369976044, -0.21546970307826996, -3.2892894334433118e+38)
(0.8166682720184326, -0.08715090155601501, -0.20356415212154388, -3.3693031336815256e+38)
(0.7769851088523865, -0.03745010495185852, -0.18365056812763214, -3.3959919451825866e+38)
(0.7899699211120605, -0.060003772377967834, -0.167181134223938, -2.342045939622753e+38)
(0.8001843690872192, -0.01756366342306137, -0.1944730430841446, -3.355958727930995e+38)
(0.7724676132202148, 0.004815734922885895, -0.15895520150661469, -2.4488009828029012e+38)
(0.8228359222412109, 0.05028708279132843, -0.20538832247257233, -3.302426147319501e+38)
(0.800299882888794, 0.048374272882938385, -0.17116351425647736, -3.2760504962227202e+38)
(0.794687032699585, 0.09211483597755432, -0.1927444487810135, -2.9955561295535957e+38)
(0.8033560514450073, 0.0929780825972557, -0.17320671677589417, -2.9158026526305968e+38)
(0.7889959812164307, 0.11311653256416321, -0.19062334299087524, -3.2892364963542463e+38)
(0.8002629280090332, 0.13718102872371674, -0.17311394214630127, -2.9690770381678363e+38)
(0.793700098991394, 0.18166111409664154, -0.19558541476726532, -3.3293220422226153e+38)
(0.801841139793396, 0.18329326808452606, -0.17559422552585602, -3.2893427761805694e+38)
(0.7696333527565002, 0.2179550975561142, -0.18634815514087677, -2.488624885587383e+38)
(0.7899845838546753, 0.2021290510892868, -0.1714654117822647, -3.2360172789711286e+38)
(0.7514408826828003, 0.25435373187065125, -0.18035568296909332, -3.3025301960807677e+38)
(0.7581394910812378, 0.25627171993255615, -0.16123272478580475, -3.236068999115618e+38)
(0.7360941767692566, 0.26836666464805603, -0.17437055706977844, -2.6753948459503214e+38)
(0.7557627558708191, 0.30107295513153076, -0.1633816510438919, -2.7823583923011953e+38)
(0.8121647834777832, -0.17749454081058502, -0.15662117302417755, -3.3027389020755892e+38)
(0.8156617879867554, -0.20160257816314697, -0.13512662053108215, -2.9692849328662738e+38)
(0.8034474849700928, -0.12854202091693878, -0.15144218504428864, -2.688895831902992e+38)
(0.7985323667526245, -0.1490148901939392, -0.12734796106815338, -3.035798458448201e+38)
(0.7718303203582764, -0.07798030227422714, -0.13788652420043945, -3.302687384755196e+38)
(0.7893750667572021, -0.1022975817322731, -0.1228676289319992, -3.3959927564789708e+38)
(0.7330386638641357, -0.03274265676736832, -0.12211979925632477, -3.3694096163319447e+38)
(0.7672303915023804, -0.05616844445466995, -0.11436605453491211, -2.3686304995384512e+38)
(0.7289146184921265, -0.01350589469075203, -0.1203436553478241, -3.3427210076549797e+38)
(0.7235890626907349, 0.005356618203222752, -0.11820539832115173, -2.4486975425139226e+38)
(0.7304413914680481, 0.02407585084438324, -0.10123428702354431, -3.23606940476381e+38)
(0.7295923233032227, 0.04280548542737961, -0.10105438530445099, -3.2494138105143405e+38)
(0.7434792518615723, 0.06348372995853424, -0.12629978358745575, -2.5555047114867523e+38)
(0.7309290170669556, 0.08073154836893082, -0.10200938582420349, -2.8624260437489548e+38)
(0.7423770427703857, 0.10256315022706985, -0.12665453553199768, -3.2760504962227202e+38)
(0.7759263515472412, 0.12993648648262024, -0.11848275363445282, -3.0891768927467073e+38)
(0.7888532876968384, 0.15572859346866608, -0.14610210061073303, -2.395267793719119e+38)
(0.7858263254165649, 0.15412746369838715, -0.12255576252937317, -2.4086121994696496e+38)
(0.7867752313613892, 0.19983920454978943, -0.14708712697029114, -3.2893429790046654e+38)
(0.7798709869384766, 0.2187139242887497, -0.12300403416156769, -2.3686304995384512e+38)
(0.7643217444419861, 0.2580386996269226, -0.14166444540023804, -3.2493097617530738e+38)
(0.7699580788612366, 0.2596469223499298, -0.12168397009372711, -3.275998573254135e+38)
(0.7481106519699097, 0.2720086872577667, -0.13648471236228943, -2.6221224886540422e+38)
(0.7509600520133972, 0.2964920997619629, -0.13913103938102722, -2.78230646933261e+38)
(0.7931286096572876, -0.2148764580488205, -0.10545894503593445, -2.9291482753257035e+38)
(0.7802238464355469, -0.23116910457611084, -0.08038283884525299, -3.329376196256257e+38)
(0.7911345958709717, -0.1683664619922638, -0.10314629971981049, -3.3561165250777114e+38)
(0.7813760042190552, -0.18639646470546722, -0.07910032570362091, -2.9425437927484353e+38)
(0.7853337526321411, -0.12247320264577866, -0.10006888210773468, -2.782150497602758e+38)
(0.7887681722640991, -0.14471329748630524, -0.07977351546287537, -3.129261018846404e+38)
(0.7846711874008179, -0.07941780984401703, -0.09893625974655151, -3.3161865452910024e+38)
(0.7910058498382568, -0.10171423107385635, -0.07939313352108002, -3.396148931032919e+38)
(0.7451269030570984, -0.03346557170152664, -0.08645573258399963, -3.3695645739413166e+38)
(0.7530618906021118, -0.05370698124170303, -0.06891341507434845, -2.3953714368321937e+38)
(0.7430306673049927, 0.005199216306209564, -0.0856228768825531, -2.448749262658412e+38)
(0.7481532692909241, 0.005165030714124441, -0.06727434694766998, -2.4620938712330385e+38)
(0.7280440330505371, 0.042546093463897705, -0.08123378455638885, -3.2494138105143405e+38)
(0.7329918742179871, 0.042777180671691895, -0.06346132606267929, -3.3027910278682706e+38)
(0.7221250534057617, 0.07903984934091568, -0.07987700402736664, -2.835788343920095e+38)
(0.7269399762153625, 0.07951942831277847, -0.06226568669080734, -2.8757702466753893e+38)
(0.7313470244407654, 0.09949462860822678, -0.08299705386161804, -3.2761026220154016e+38)
(0.7295632362365723, 0.11781367659568787, -0.06358875334262848, -3.062592130006913e+38)
(0.7730802297592163, 0.14986521005630493, -0.09662558138370514, -2.4087673599031175e+38)
(0.759111762046814, 0.16608202457427979, -0.07227258384227753, -3.356220371014882e+38)
(0.7695213556289673, 0.19162504374980927, -0.09688928723335266, -3.289447027765932e+38)
(0.7705645561218262, 0.21310830116271973, -0.07659758627414703, -2.3686830309793247e+38)
(0.7648922204971313, 0.2559516727924347, -0.09815739095211029, -3.28944662211774e+38)
(0.7692668437957764, 0.2571965456008911, -0.07788750529289246, -3.28944662211774e+38)
(0.748296320438385, 0.2695976793766022, -0.09401433169841766, -2.6355707403417435e+38)
(0.7443325519561768, 0.28864428400993347, -0.07305645942687988, -2.8357368265997016e+38)
(0.7739872932434082, 0.3319297730922699, -0.10463663935661316, -3.2761022163672095e+38)
(0.787888765335083, -0.25756335258483887, -0.06107001006603241, -3.2358604959448924e+38)
(0.7798218727111816, -0.20745864510536194, -0.05778124928474426, -2.955784149737699e+38)
(0.7830843925476074, -0.2082749456167221, -0.036904238164424896, -2.9691285554882296e+38)
(0.8005130290985107, -0.17032629251480103, -0.06115307658910751, -3.342823230999382e+38)
(0.7996712923049927, -0.19232597947120667, -0.03936057537794113, -2.982472758414664e+38)
(0.7950737476348877, -0.12405183166265488, -0.05900351703166962, -2.782201812099055e+38)
(0.7968412637710571, -0.14621464908123016, -0.037974096834659576, -3.102572410169439e+38)
(0.7589185833930969, -0.07424294203519821, -0.050464801490306854, -3.3428242451198623e+38)
(0.7626122236251831, -0.09486741572618484, -0.03129265457391739, -3.3828051337546765e+38)
(0.7341590523719788, -0.05095815658569336, -0.04487084597349167, -2.448749465482508e+38)
(0.7353973388671875, -0.032133668661117554, -0.025985807180404663, nan)
(0.7449487447738647, 0.005214071366935968, -0.046904563903808594, -2.4887824799100035e+38)
(0.7411479949951172, 0.005266215186566114, -0.026874378323554993, -2.4754901999521544e+38)
(0.7301440238952637, 0.04246293753385544, -0.04378880560398102, -3.3294798393693317e+38)
(0.7336763143539429, 0.04262791574001312, -0.02563919872045517, -3.3028954822777294e+38)
(0.72783362865448, 0.06081746518611908, -0.0434151291847229, -2.6355711459899355e+38)
(0.7313281297683716, 0.06107346713542938, -0.025331705808639526, -2.6223307890006717e+38)
(0.7259095907211304, 0.09777867794036865, -0.04341850429773331, -3.32948044784162e+38)
(0.7264012098312378, 0.11669940501451492, -0.043821170926094055, -3.1026253472585046e+38)
(0.7329344749450684, 0.1375499665737152, -0.04560548812150955, -2.448800577154709e+38)
(0.7386170625686646, 0.15890799462795258, -0.04727311432361603, -3.382857056723262e+38)
(0.7785854339599609, 0.19365039467811584, -0.05659021437168121, -3.3294802450175238e+38)
(0.7746133208274841, 0.21410170197486877, -0.05630087852478027, -2.3686830309793247e+38)
(0.7631576657295227, 0.25329405069351196, -0.055105820298194885, -3.316135433618801e+38)
(0.7662354707717896, 0.2541680932044983, -0.034716084599494934, -3.3428757624402555e+38)
(0.7380813360214233, 0.2839714288711548, -0.051007241010665894, -2.8624254352766667e+38)
(0.7587566375732422, 0.27274009585380554, -0.033980004489421844, -2.7023442864147894e+38)
(0.7485034465789795, 0.31309640407562256, -0.05428173393011093, -3.30284274801276e+38)
(0.7861101627349854, 0.36177927255630493, -0.04132453352212906, -3.169451019124232e+38)
(0.7705833911895752, -0.24717088043689728, -0.01462901383638382, -3.209380593262749e+38)
(0.763201892375946, -0.26557889580726624, 0.006803594529628754, -2.79570360934811e+38)
(0.7680412530899048, -0.2233535796403885, -0.01381324976682663, -3.3695134622691154e+38)
(0.7875955104827881, -0.2094026803970337, 0.005438446998596191, -2.969180681280911e+38)
(0.7916065454483032, -0.18875326216220856, -0.016232207417488098, -2.955784352561795e+38)
(0.8091702461242676, -0.17213377356529236, 0.003927163779735565, -3.3694096163319447e+38)
(0.7822870016098022, -0.12008216232061386, -0.01404271274805069, -2.7956514835554286e+38)
(0.7819564342498779, -0.14114558696746826, 0.006692755967378616, -3.155899124323456e+38)
(0.7265375852584839, -0.06816171109676361, -0.0061707086861133575, -3.3962018681219844e+38)
(0.7352197170257568, -0.08854393661022186, 0.011366896331310272, -3.3962014624737924e+38)
(0.7259300947189331, -0.04956008493900299, -0.0059600770473480225, -2.448749059834316e+38)
(0.733036994934082, -0.03175806999206543, 0.011841949075460434, nan)
(0.741865873336792, -0.013664709404110909, -0.00792822614312172, nan)
(0.7461442947387695, 0.005232870578765869, 0.010695837438106537, -2.5287637741930098e+38)
(0.7394751310348511, 0.024098819121718407, 0.011303562670946121, -3.2894472305900282e+38)
(0.7385823726654053, 0.042857058346271515, 0.011355236172676086, -3.3029999366871882e+38)
(0.7302790880203247, 0.07946368306875229, -0.006601832807064056, -2.902563309761813e+38)
(0.7361811399459839, 0.061428993940353394, 0.011521749198436737, -2.6624163348690408e+38)
(0.739782452583313, 0.11935831606388092, -0.008211206644773483, -3.0759365357574435e+38)
(0.73404860496521, 0.09880091995000839, 0.011536426842212677, -3.3961509592738793e+38)
(0.778506338596344, 0.17106416821479797, -0.013943016529083252, -3.382857868019646e+38)
(0.7648831009864807, 0.1456601470708847, 0.0083799809217453, -2.5555043058385602e+38)
(0.7946463823318481, 0.1986340880393982, -0.01646406203508377, -3.356169056518585e+38)
(0.8028594255447388, 0.2243531197309494, 0.004133928567171097, -2.382027233905759e+38)
(0.768683135509491, 0.25486254692077637, -0.014127910137176514, -3.3294798393693317e+38)
(0.7871215343475342, 0.2405921071767807, 0.005336567759513855, -3.316135433618801e+38)
(0.7428773641586304, 0.28547030687332153, -0.011511124670505524, -2.942492072603946e+38)
(0.7627696990966797, 0.2739415168762207, 0.007022112607955933, -2.7423259863459878e+38)
(0.733478307723999, 0.3019219934940338, -0.010721765458583832, -3.3294798393693317e+38)
(0.7343277335166931, 0.324587881565094, 0.00865890458226204, -3.1693473760111573e+38)
(0.7774094939231873, 0.38038671016693115, -0.018266044557094574, -2.4221642970945215e+38)
(0.7523720264434814, -0.23697684705257416, 0.028398288413882256, -3.2761022163672095e+38)
(0.7538731694221497, -0.25986531376838684, 0.048508208245038986, -2.7556703920965183e+38)
(0.7709494829177856, -0.22413112223148346, 0.02758544124662876, nan)
(0.7714362144470215, -0.22426120936870575, 0.048394203186035156, -3.3962018681219844e+38)
(0.7997593879699707, -0.16871333122253418, 0.026522232219576836, -3.3827540220824753e+38)
(0.79544997215271, -0.1896377056837082, 0.04820439964532852, -2.9825254926796336e+38)
(0.7588211894035339, -0.11368242651224136, 0.02886352874338627, -2.7956514835554286e+38)
(0.7652612924575806, -0.1359071135520935, 0.0485687330365181, -3.1692435300739866e+38)
(0.7226680517196655, -0.06728300452232361, 0.03086971677839756, nan)
(0.7295547127723694, -0.08717697113752365, 0.048972539603710175, nan)
(0.7292079925537109, -0.049842000007629395, 0.030583862215280533, -2.475437871335377e+38)
(0.7349065542221069, -0.03186985105276108, 0.048947811126708984, nan)
(0.7453209161758423, -0.013779804110527039, 0.029820211231708527, nan)
(0.7480891942977905, 0.005219889339059591, 0.04881990700960159, -2.582141194371036e+38)
(0.7413934469223022, 0.024137241765856743, 0.04888760298490524, -3.3561686508703928e+38)
(0.7404921054840088, 0.04294624924659729, 0.048893414437770844, -3.32963601392328e+38)
(0.733604907989502, 0.07979489862918854, 0.03033505380153656, -2.9825256955037297e+38)
(0.7380699515342712, 0.06156736612319946, 0.04891207814216614, -2.7157412236061935e+38)
(0.7426178455352783, 0.10038532316684723, 0.02981441095471382, -3.36946153930053e+38)
(0.7591923475265503, 0.12362922728061676, 0.04865962266921997, -3.0759363329333474e+38)
(0.7935043573379517, 0.15345999598503113, 0.048286695033311844, -2.5822448374841106e+38)
(0.8116837739944458, 0.18126197159290314, 0.04807544872164726, nan)
(0.7980961799621582, 0.1994038075208664, 0.026542339473962784, -3.3695130566209234e+38)
(0.7944159507751465, 0.22058603167533875, 0.04820038750767708, -2.4354044512596893e+38)
(0.7716411352157593, 0.2557010054588318, 0.027461625635623932, -3.3561686508703928e+38)
(0.7888917922973633, 0.24106144905090332, 0.04822650924324989, -3.3561684480462968e+38)
(0.7454376816749573, 0.2862682342529297, 0.028484735637903214, -2.9558364783544765e+38)
(0.7643237113952637, 0.2744061052799225, 0.04841559752821922, -2.742377909314573e+38)
(0.7358565330505371, 0.3026827573776245, 0.028796406462788582, -3.3294798393693317e+38)
(0.725547194480896, 0.3181922733783722, 0.029140325263142586, -3.1960361875122184e+38)
(0.7796984910964966, 0.3811105489730835, 0.025905221700668335, -2.422060653981447e+38)
(0.7645080089569092, -0.2659618854522705, 0.06922049075365067, -2.7823592035975794e+38)
(0.7519253492355347, -0.23685094714164734, 0.08886443078517914, -3.28944662211774e+38)
(0.7712739706039429, -0.22421783208847046, 0.06921453028917313, nan)
(0.770463228225708, -0.2240011990070343, 0.0900001972913742, nan)
(0.7952660322189331, -0.18959538638591766, 0.06978341937065125, -2.9825252898555376e+38)
(0.7897804975509644, -0.16523146629333496, 0.06953014433383942, nan)
(0.734891951084137, -0.10746736824512482, 0.06769609451293945, -2.8355800435734654e+38)
(0.7469063997268677, -0.13051019608974457, 0.08751626312732697, -3.169294844570284e+38)
(0.7221486568450928, -0.08558988571166992, 0.06725571304559708, nan)
(0.722134530544281, -0.06722334027290344, 0.08539785444736481, nan)
(0.7347190380096436, -0.031858645379543304, 0.06755289435386658, nan)
(0.7286590337753296, -0.04979478567838669, 0.08579720556735992, -2.542211417408423e+38)
(0.7478941679000854, 0.005221190862357616, 0.06793644279241562, -2.6088821316647784e+38)
(0.7447421550750732, -0.013760531321167946, 0.08686475455760956, nan)
(0.7412010431289673, 0.024133386090397835, 0.06773340702056885, -3.3695130566209234e+38)
(0.7403005361557007, 0.042937301099300385, 0.06771600246429443, -3.3695130566209234e+38)
(0.7378804683685303, 0.06155349314212799, 0.06766006350517273, -2.7156371748449267e+38)
(0.7369351387023926, 0.06148423254489899, 0.08636271953582764, -2.7423259863459878e+38)
(0.7590013742446899, 0.12360037863254547, 0.06841746717691422, -3.1426587673341922e+38)
(0.7420567274093628, 0.10031486302614212, 0.08687391877174377, -3.382858070843742e+38)
(0.7923026084899902, 0.153248593211174, 0.09073854982852936, -2.622226740239405e+38)
(0.8003935813903809, 0.1777709573507309, 0.09148379415273666, nan)
(0.7942303419113159, 0.2205405831336975, 0.06979545950889587, -2.422111968477744e+38)
(0.7975188493728638, 0.19927501678466797, 0.09145502746105194, nan)
(0.7820239067077637, 0.2608170211315155, 0.0696096271276474, nan)
(0.7878285646438599, 0.24077960848808289, 0.09116880595684052, -3.3428757624402555e+38)
(0.7641680240631104, 0.2743595838546753, 0.06915059685707092, -2.7557219094169116e+38)
(0.7450098991394043, 0.2861349880695343, 0.08874449133872986, -2.9959212129264614e+38)
(0.7257909774780273, 0.31827080249786377, 0.06827959418296814, -3.2227245933650874e+38)
(0.7261966466903687, 0.2966061234474182, 0.08760415017604828, -3.3695645739413166e+38)
(0.7867237329483032, -0.20918484032154083, 0.1124057024717331, -3.0093181501178654e+38)
(0.7927005290985107, -0.189005047082901, 0.11276368051767349, -2.9960779959526976e+38)
(0.7371686697006226, -0.12775911390781403, 0.10585346817970276, -3.1693990961556466e+38)
(0.722679853439331, -0.10476130992174149, 0.12245680391788483, -2.8223402950564897e+38)
(0.7197109460830688, -0.08525551855564117, 0.1034957617521286, nan)
(0.718252420425415, -0.0667891725897789, 0.12135516852140427, nan)
(0.7321068048477173, -0.03170245885848999, 0.1045696809887886, nan)
(0.724665641784668, -0.04945133626461029, 0.122197724878788, -2.528815899985691e+38)
(0.7451766729354858, 0.0052393232472240925, 0.1059674322605133, -2.6488634259477847e+38)
(0.7405333518981934, -0.013620324432849884, 0.12446098029613495, nan)
(0.7385207414627075, 0.02407969906926155, 0.1052255928516388, nan)
(0.7376322746276855, 0.04281267523765564, 0.10516279935836792, -3.396410574116806e+38)
(0.7352413535118103, 0.06136015057563782, 0.10496017336845398, -2.769171378049189e+38)
(0.728996217250824, 0.07933590561151505, 0.12293592840433121, -3.062592130006913e+38)
(0.7403798699378967, 0.10010428726673126, 0.10576566308736801, nan)
(0.7460713386535645, 0.12096647173166275, 0.12596946954727173, -3.182691781761688e+38)
(0.7905080318450928, 0.15293283760547638, 0.11183192580938339, -2.6355709431658395e+38)
(0.7986116409301758, 0.17741453647613525, 0.11300518363714218, nan)
(0.8019188642501831, 0.2241227924823761, 0.11399363726377487, -2.475438479807665e+38)
(0.7933139801025391, 0.19833670556545258, 0.13431575894355774, nan)
(0.7862393856048584, 0.24035821855068207, 0.11252887547016144, -3.382857462371454e+38)
(0.7675389647483826, 0.254537969827652, 0.13164407014846802, nan)
(0.7619948983192444, 0.2737097442150116, 0.11047860980033875, -2.769066315167442e+38)
(0.7418856620788574, 0.28516077995300293, 0.12864390015602112, -2.9959212129264614e+38)
(0.7337063550949097, 0.3243875205516815, 0.10849308967590332, -3.222777327630057e+38)
(0.7216602563858032, -0.08609400689601898, 0.1405421942472458, nan)
(0.7265894412994385, -0.031372569501399994, 0.14094209671020508, nan)
(0.7373228669166565, -0.013513373211026192, 0.14295081794261932, nan)
(0.7328610420227051, 0.023966334760189056, 0.1420535147190094, -3.316395656934016e+38)
(0.7319976091384888, 0.042549505829811096, 0.14194869995117188, -3.3831176856866687e+38)
(0.7296674251556396, 0.060951799154281616, 0.14160768687725067, -2.7826194269127943e+38)
