# .PCD v0.7 - Point Cloud Data file format
VERSION 0.7
FIELDS x y z
SIZE 4 4 4
TYPE F F F
COUNT 1 1 1
WIDTH 683
HEIGHT 1
VIEWPOINT 0 0 0 1 0 0 0
POINTS 683
DATA ascii
0.36198 -0.08566 -0.32318 -290198911474593375427169540094952472576.00000
0.35596 -0.06595 -0.31132 -287530030324487266722764017087230771200.00000
0.36134 -0.07626 -0.31635 -290198911474593375427169540094952472576.00000
0.35625 -0.05819 -0.30948 -290198911474593375427169540094952472576.00000
0.36220 -0.05231 -0.31081 -290209316350720048734097025034862198784.00000
0.35959 -0.04497 -0.31981 -288869683478808459554265733034672128000.00000
0.36552 -0.03850 -0.32079 -286211288334467438763469390755865296896.00000
0.36144 -0.03028 -0.32424 -283547558916400657583351550349970243584.00000
0.36644 -0.03097 -0.32292 -286216460348916369939427497304943230976.00000
0.35902 -0.00658 -0.30939 -288885361781432082295503444259916218368.00000
0.36387 -0.00687 -0.30825 -291559435228396725827537497763967139840.00000
0.35738 0.00099 -0.30132 -288890574360700220774802398703496724480.00000
0.36317 0.00072 -0.30467 -290230207232611809954633690703686795264.00000
0.35666 0.02250 -0.29822 -280883971475201101964926677574834192384.00000
0.36243 0.01552 -0.30135 -291559536640444744085889617500223569920.00000
0.35618 0.03675 -0.29775 -286221693210594112070396875695775023104.00000
0.36219 0.03023 -0.30137 -288885402346251289598844292154418790400.00000
0.35669 0.04424 -0.30144 -284887252635541057718194114191914172416.00000
0.35614 0.05135 -0.30054 -278220201492315113481467989274436567040.00000
0.36013 0.05921 -0.29818 -292888683506591245352111728771498770432.00000
0.35930 0.06627 -0.29674 -290224974370934067823664312312855003136.00000
0.35190 0.07807 -0.29026 -275530551154774865466548344281397985280.00000
0.35741 0.07246 -0.29083 -287556093220827959119258789305133301760.00000
0.34878 0.09003 -0.28186 -288864511464359528378307626485594193920.00000
0.35520 0.08584 -0.28678 -286206035190380092980829588417782218752.00000
0.36683 -0.08716 -0.32115 -290198911474593375427169540094952472576.00000
0.37110 -0.09708 -0.32018 -290209316350720048734097025034862198784.00000
0.36615 -0.07763 -0.31446 -291533352049646429779372301598813323264.00000
0.36541 -0.06843 -0.30793 -294202233199752538483777824606535024640.00000
0.36573 -0.06045 -0.30628 -292878197500826157438502548042583900160.00000
0.37205 -0.05442 -0.30752 -291543756925773103086299786538723049472.00000
0.36829 -0.04608 -0.31192 -290219741509256325692694933922023211008.00000
0.37451 -0.03951 -0.31278 -292888642941772038048770880876996198400.00000
0.37035 -0.03112 -0.31652 -288885361781432082295503444259916218368.00000
0.37640 -0.02405 -0.31694 -294228316378502834531943020771688841216.00000
0.37117 -0.00762 -0.31643 -292899027535489107704027941869654638592.00000
0.37712 -0.01615 -0.31858 -294233488392951765707901127320766775296.00000
0.37038 0.00031 -0.31267 -290245763840777810785848858245423169536.00000
0.37558 0.00014 -0.31133 -290245784123187414437519282192674455552.00000
0.36837 0.02327 -0.30475 -294217972349604972180026807673532973056.00000
0.37352 0.01579 -0.30332 -291575133813429952220445632936462516224.00000
0.37325 0.03122 -0.30330 -286216480631325973591097921252194516992.00000
0.37289 0.03890 -0.30285 -287556093220827959119258789305133301760.00000
0.36672 0.05333 -0.30249 -292904240114757246183326896313235144704.00000
0.37238 0.04653 -0.30212 -287571670111403563602144380794120962048.00000
0.36403 0.06724 -0.29538 -290230166667792602651292842809184223232.00000
0.36980 0.06094 -0.29546 -294233488392951765707901127320766775296.00000
0.36092 0.08038 -0.28747 -284881999491453711935554311853831094272.00000
0.36676 0.07461 -0.28793 -290224954088524464171993888365603717120.00000
0.35836 0.09366 -0.28283 -292873025486377226262544441493505966080.00000
0.36429 0.08838 -0.28363 -292878197500826157438502548042583900160.00000
0.36137 0.10153 -0.27841 -294212638075879211790705309546444750848.00000
0.38181 -0.11077 -0.32143 -288874794646028579775212567741996204032.00000
0.37548 -0.08882 -0.31144 -292862580045431345652276108659093667840.00000
0.38123 -0.10041 -0.31514 -296876286364307578364141454163334660096.00000
0.37983 -0.08067 -0.30302 -291533352049646429779372301598813323264.00000
0.38175 -0.07348 -0.30677 -292867792624699484131575063102674173952.00000
0.37587 -0.05464 -0.30096 -290209316350720048734097025034862198784.00000
0.38076 -0.06403 -0.30056 -292878197500826157438502548042583900160.00000
0.37723 -0.04726 -0.30376 -292888622659362434397100456929744912384.00000
0.38375 -0.04058 -0.30449 -296891944384521597453708741441327464448.00000
0.38084 -0.03258 -0.31336 -294223083516825092400973642380857049088.00000
0.38726 -0.02527 -0.31363 -292888622659362434397100456929744912384.00000
0.38253 -0.01662 -0.31703 -292899047817898711355698365816905924608.00000
0.38808 -0.01710 -0.31535 -290230166667792602651292842809184223232.00000
0.38222 -0.00017 -0.31461 -288906151251275825257687990192484384768.00000
0.38805 0.00792 -0.31376 -283568429515882815152217792071543554048.00000
0.37993 0.02393 -0.30655 -275561786065564489039001223048378449920.00000
0.38677 0.01615 -0.30948 -260882939739980891164770846505909092352.00000
0.37846 0.03160 -0.30188 -292899068100308315007368789764157210624.00000
0.38470 0.04033 -0.30431 -298226364677165048154241078997937029120.00000
0.37754 0.04719 -0.30065 -288916495280173687609604203290640252928.00000
0.37684 0.05488 -0.29959 -286252806426926113732827210779247771648.00000
0.37482 0.06184 -0.29393 -294233468110542162056230703373515489280.00000
0.38015 0.07104 -0.29489 -287561224670457682991876047959708663808.00000
0.37146 0.08368 -0.28835 -288885300934203271340492172418162360320.00000
0.37773 0.07769 -0.28870 -288895665245510737344078809463569514496.00000
0.36899 0.08970 -0.28188 -291543756925773103086299786538723049472.00000
0.36750 0.09645 -0.27931 -295547078650932266142908071050305601536.00000
0.36590 0.10301 -0.27650 -295547078650932266142908071050305601536.00000
0.36980 0.11221 -0.27532 -292899007253079504052357517922403352576.00000
0.38545 -0.11078 -0.31298 -292872903791919604352521897809998249984.00000
0.39338 -0.10554 -0.31483 -294202131787704520225425704870278594560.00000
0.39263 -0.09508 -0.30882 -296871094067449043536512923667005440000.00000
0.38702 -0.07486 -0.30445 -299529550059018875282320537787566129152.00000
0.39179 -0.08493 -0.30293 -299539954935145548589248022727475855360.00000
0.38600 -0.06528 -0.29838 -299534762638287013761619492231146635264.00000
0.39314 -0.05892 -0.29937 -304867251512002281736120311961255673856.00000
0.38780 -0.04926 -0.29989 -299539954935145548589248022727475855360.00000
0.39472 -0.04238 -0.30046 -307536213791746805047207530757982519296.00000
0.39289 -0.02590 -0.31176 -292888622659362434397100456929744912384.00000
0.39913 -0.03549 -0.31249 -304877757800176973301399916637421830144.00000
0.39444 -0.00917 -0.31497 -295562777235965492535816206222800977920.00000
0.40118 -0.01847 -0.31647 -292898986970669900400687093975152066560.00000
0.39648 -0.00083 -0.32104 -296912835266413358674245407110152060928.00000
0.40582 -0.00133 -0.32936 -298252326161457722292383731479583129600.00000
0.39379 0.02482 -0.31259 -302219301808607141555592302516861140992.00000
0.40448 0.02570 -0.32550 -307556962696771340706051228796048113664.00000
0.39207 0.03297 -0.30769 -303543317225123918949197155133560979456.00000
0.39888 0.04226 -0.30991 -307551750117503202226752274352467607552.00000
0.38961 0.04903 -0.30175 -302229625555095400255838091667765723136.00000
0.39440 0.05794 -0.29867 -300910782153027554038191345600143818752.00000
0.38652 0.06437 -0.29476 -292898986970669900400687093975152066560.00000
0.38541 0.07211 -0.29303 -286226784095404628639673286455847813120.00000
0.38271 0.08717 -0.28872 -290224893241295653216982616523849859072.00000
0.38945 0.08094 -0.28894 -291559333816348707569185378027710709760.00000
0.37991 0.09342 -0.28203 -290209275785900841430756177140359626752.00000
0.38448 0.10307 -0.28106 -294212597511060004487364461651942178816.00000
0.37641 0.10724 -0.27626 -290230065255744584392940723072927793152.00000
0.37448 0.11384 -0.27303 -288900816977550064868366492065396162560.00000
0.39649 -0.12525 -0.31225 -304877717235357765998059068742919258112.00000
0.39775 -0.11632 -0.31206 -300874415792608206593121208178587992064.00000
0.39885 -0.10733 -0.31168 -299529550059018875282320537787566129152.00000
0.40729 -0.10165 -0.31326 -294217789807918539314992992148271398912.00000
0.40474 -0.08279 -0.31984 -298210666092131821761332943825441652736.00000
0.41002 -0.09384 -0.31792 -292888521247314416138748337193488482304.00000
0.40516 -0.07342 -0.31840 -299539894087916737634236750885721997312.00000
0.41328 -0.06642 -0.31925 -299545066102365668810194857434799931392.00000
0.40546 -0.05475 -0.31481 -300869101801292049855470133998751055872.00000
0.41321 -0.04726 -0.31519 -300874334662969791986439512389582848000.00000
0.40623 -0.02771 -0.31245 -296881478661166113191769984659663880192.00000
0.41288 -0.03779 -0.31277 -306217350107269355177890360743109328896.00000
0.41073 -0.01979 -0.32447 -300889992683183811076006799667575652352.00000
0.41793 -0.01109 -0.32368 -308896555003863722582541672901735612416.00000
0.42451 -0.00226 -0.34118 -308906980162399999541139581788896624640.00000
0.42700 0.00751 -0.34777 -308912172459258534368768112285225844736.00000
0.42029 0.01735 -0.35066 -307572559869756548840607244232287059968.00000
0.41818 0.02691 -0.34493 -308891403271824395058253990299908964352.00000
0.41219 0.03546 -0.32826 -307551729835093598575081850405216321536.00000
0.40987 0.04419 -0.32246 -307551729835093598575081850405216321536.00000
0.40647 0.06140 -0.31515 -304903678719650440136201721224565358592.00000
0.41362 0.05340 -0.31415 -311565436153969831286947195909457313792.00000
0.40210 0.06852 -0.30401 -296902288413419459805624954539483332608.00000
0.40829 0.07891 -0.30427 -296907440145458787329912637141309980672.00000
0.39931 0.08497 -0.29983 -296897055551741717674655576148651540480.00000
0.40491 0.09548 -0.29926 -295562574411869456019111966750288117760.00000
0.39435 0.09956 -0.29006 -296881438096346905888429136765161308160.00000
0.39927 0.10991 -0.28863 -298221030403439287764919580870848806912.00000
0.39028 0.11425 -0.28369 -288890371536604184258098159230983864320.00000
0.39317 0.12303 -0.27727 -279533710620657199309793237214970249216.00000
0.39067 0.12984 -0.27341 -290209255503491237779085753193108340736.00000
0.40979 -0.14295 -0.31584 -295547038086113058839567223155803029504.00000
0.41136 -0.13360 -0.31600 -296871073785039439884842499719754153984.00000
0.41278 -0.12418 -0.31597 -298205514360092494237045261223615004672.00000
0.41402 -0.11468 -0.31573 -298200342345643563061087154674537070592.00000
0.42324 -0.10874 -0.31715 -295526268898678919529053101170486149120.00000
0.41599 -0.09553 -0.31460 -284881918361815297328872616064825950208.00000
0.42495 -0.08895 -0.31566 -286205954060741678374147892628777074688.00000
0.42152 -0.06888 -0.32166 -296876164669849956454118910479826944000.00000
0.42764 -0.08034 -0.31995 -292893774391401761921388139531571560448.00000
0.42595 -0.05920 -0.31147 -304882868967397093522346751344745906176.00000
0.42586 -0.04934 -0.30953 -310215378123521965148517995022106230784.00000
0.41861 -0.02911 -0.30755 -304888081546665232001645705788326412288.00000
0.42554 -0.03954 -0.30731 -308891281577366773148231446616401248256.00000
0.42163 -0.02048 -0.31445 -302213947252471777514600380442521632768.00000
0.43119 -0.01188 -0.31842 -310204973247395291841590510082196504576.00000
0.42925 -0.00231 -0.33302 -314223892145539663032754810030018002944.00000
0.44117 0.00741 -0.34229 -310210165544253826669219040578525724672.00000
0.43415 0.01763 -0.34558 -310220570420380499976146525518435450880.00000
0.43889 0.02788 -0.33711 -312873834115091796894325609142666919936.00000
0.43627 0.03767 -0.33124 -318190766380641064037611261331039584256.00000
0.43135 0.04662 -0.31997 -314203062110876712767229416202947264512.00000
0.41996 0.05420 -0.31165 -315558332720592717384957571533878853632.00000
0.41891 0.06330 -0.31023 -303569177297368574828987687878950649856.00000
0.41762 0.07226 -0.30845 -295572979287996129326039451690197843968.00000
0.42397 0.07340 -0.30565 -303563944435690832698018309488118857728.00000
0.41425 0.09929 -0.30583 -295562574411869456019111966750288117760.00000
0.42244 0.09219 -0.30568 -296881397531527698585088288870658736128.00000
0.41038 0.10630 -0.29801 -299555470978492342117122342374709657600.00000
0.41566 0.11741 -0.29605 -302203623505983518814354591291617050624.00000
0.40303 0.12935 -0.28709 -290214508647578583561725555531191418880.00000
0.41024 0.13287 -0.28820 -295557483527058939449835555990215327744.00000
0.39873 0.13485 -0.27861 -295557483527058939449835555990215327744.00000
0.40563 0.13845 -0.27949 -298231556974023582981869609494266249216.00000
0.40430 0.15765 -0.28357 -294228214966454816273590901035432411136.00000
0.42953 -0.16445 -0.31300 -300889891271135792817654679931319222272.00000
0.42915 -0.15199 -0.30776 -302224352128598450821527865382431358976.00000
0.42675 -0.13039 -0.31338 -294202233199752538483777824606535024640.00000
0.43107 -0.14229 -0.30840 -300884739539096465293366997329492574208.00000
0.42819 -0.12054 -0.31339 -295531501760356661660022479561317941248.00000
0.43678 -0.12463 -0.31471 -296871073785039439884842499719754153984.00000
0.43046 -0.10063 -0.31272 -303543317225123918949197155133560979456.00000
0.44253 -0.09539 -0.31911 -302219240961378330600581030675107282944.00000
0.43644 -0.08325 -0.32192 -296897096116560924977996424043154112512.00000
0.44315 -0.08484 -0.31807 -294228214966454816273590901035432411136.00000
0.43463 -0.06143 -0.31339 -304882868967397093522346751344745906176.00000
0.44368 -0.06375 -0.31513 -302213987817290984817941228337024204800.00000
0.43419 -0.04114 -0.30924 -311554990713023950676678863075045015552.00000
0.44553 -0.04356 -0.31619 -308886129845327445623943764014574600192.00000
0.44252 -0.01293 -0.32594 -311539413822448346193793271586057355264.00000
0.45354 -0.02456 -0.33187 -299545066102365668810194857434799931392.00000
0.44849 0.00736 -0.33922 -307530920082840251961226880525396869120.00000
0.45807 -0.00360 -0.34075 -306212117245591613046920982352277536768.00000
0.44866 0.01792 -0.33968 -308880957830878514447985657465496666112.00000
0.45350 0.02856 -0.33083 -308891403271824395058253990299908964352.00000
0.44266 0.04836 -0.32743 -314208274690144851246528370646527770624.00000
0.45062 0.03872 -0.32500 -308886170410146652927284611909077172224.00000
0.43944 0.05776 -0.32095 -308886109562917841972273340067323314176.00000
0.44292 0.06784 -0.31102 -300895083567994327645283210427648442368.00000
0.43248 0.07542 -0.30742 -303579561891085644484244748871609090048.00000
0.44134 0.07752 -0.30901 -302245101033622986480371563420496953344.00000
0.43503 0.09714 -0.31737 -291564465265978431441802636682286071808.00000
0.44161 0.10934 -0.31575 -292904138702709227924974776576978714624.00000
0.42423 0.11095 -0.29621 -298226324112345840850900231103434457088.00000
0.43385 0.12565 -0.30319 -291564546395616846048484332471291215872.00000
0.42264 0.13037 -0.29807 -294228214966454816273590901035432411136.00000
0.42752 0.14207 -0.29458 -294228174401635608970250053140929839104.00000
0.41128 0.15104 -0.27996 -299565977266667033682401947050875813888.00000
0.42022 0.14600 -0.28065 -296897055551741717674655576148651540480.00000
0.41681 0.16405 -0.27979 -296897055551741717674655576148651540480.00000
0.43799 -0.16974 -0.31370 -296870952090581817974819956036246437888.00000
0.44914 -0.16494 -0.31512 -291548827528174016003905773351544553472.00000
0.44147 -0.13688 -0.30973 -290224832394066842261971344682096001024.00000
0.44774 -0.13902 -0.30458 -284887070093854624853160298666652598272.00000
0.44572 -0.12886 -0.31582 -298210645809722218109662519878190366720.00000
0.45654 -0.12245 -0.31672 -299545106667184876113535705329302503424.00000
0.45096 -0.10963 -0.32123 -296865901770590508708884393170676219904.00000
0.46164 -0.10233 -0.32174 -299539954935145548589248022727475855360.00000
0.45256 -0.08792 -0.31955 -296897096116560924977996424043154112512.00000
0.46281 -0.07989 -0.31957 -310220610985199707279487373412938022912.00000
0.45313 -0.06616 -0.31668 -304882868967397093522346751344745906176.00000
0.46029 -0.06751 -0.31256 -314223892145539663032754810030018002944.00000
0.45768 -0.04613 -0.32329 -306206864101504267264281180014194458624.00000
0.45952 -0.03577 -0.32598 -300879526959828326814068042885912068096.00000
0.46372 -0.02573 -0.33390 -299545106667184876113535705329302503424.00000
0.46493 -0.01485 -0.33575 -302219220678968726948910606727855996928.00000
0.46633 0.00722 -0.33806 -303558894115699523432082746622548639744.00000
0.47425 0.00717 -0.33419 -296897075834151321326326000095902826496.00000
0.46382 0.01822 -0.33284 -299555572390540360375474462110966087680.00000
0.46874 0.02927 -0.32355 -294238619842581489580518385975342137344.00000
0.45803 0.03927 -0.32153 -292909351281977366404273731020559220736.00000
0.46738 0.05114 -0.32217 -294238558995352678625507114133588279296.00000
0.45973 0.07230 -0.32832 -298215817824171149285620626427268300800.00000
0.46886 0.06267 -0.32620 -292898905841031485794005398186146922496.00000
0.45337 0.09173 -0.31814 -299550238116814599986152963983877865472.00000
0.46320 0.09440 -0.31938 -296871094067449043536512923667005440000.00000
0.45086 0.11252 -0.31705 -292888541529724019790418761140739768320.00000
0.46069 0.10449 -0.31628 -295531501760356661660022479561317941248.00000
0.44722 0.13269 -0.31445 -290224872958886049565312192576598573056.00000
0.45401 0.13472 -0.30995 -292878116371187742831820852253578756096.00000
0.44149 0.13963 -0.30480 -290224852676476445913641768629347287040.00000
0.44425 0.15014 -0.29547 -294207344366972658704724659313859100672.00000
0.42996 0.15190 -0.28552 -296886610110795837064387243314239242240.00000
0.43404 0.16358 -0.28038 -302203542376345104207672895502611906560.00000
0.42228 0.16625 -0.27523 -302208714390794035383631002051689840640.00000
0.42556 0.17736 -0.26933 -300869081518882446203799710051499769856.00000
0.45963 -0.19877 -0.32677 -292893693261763347314706443742566416384.00000
0.46585 -0.20124 -0.31969 -296902227566190648850613682697729474560.00000
0.47224 -0.19408 -0.32795 -292904077855480416969963504735224856576.00000
0.47490 -0.18275 -0.32893 -288911201571267134523623553058054602752.00000
0.45982 -0.14617 -0.31081 -295572999570405732977709875637449129984.00000
0.46953 -0.15107 -0.31093 -294238538712943074973836690186336993280.00000
0.46171 -0.13541 -0.31129 -296881438096346905888429136765161308160.00000
0.46336 -0.12451 -0.31151 -298210666092131821761332943825441652736.00000
0.46770 -0.11548 -0.31726 -296871114349858647188183347614256726016.00000
0.47483 -0.11748 -0.31186 -303543317225123918949197155133560979456.00000
0.47307 -0.08285 -0.32063 -304882868967397093522346751344745906176.00000
0.48062 -0.08446 -0.31565 -300879547242237930465738466833163354112.00000
0.47037 -0.07006 -0.31355 -311555010995433554328349287022296301568.00000
0.48080 -0.06096 -0.31256 -303548367545115228215132717999131197440.00000
0.47765 -0.03818 -0.32335 -298210666092131821761332943825441652736.00000
0.48644 -0.05106 -0.32146 -308865340375483702661759218082006433792.00000
0.48238 -0.02763 -0.33143 -302208836085251657293653545735197556736.00000
0.49201 -0.01668 -0.32881 -304882909532216300825687599239248478208.00000
0.48475 -0.00460 -0.33482 -292888561812133623442089185087991054336.00000
0.49371 0.00702 -0.33125 -302224352128598450821527865382431358976.00000
0.47960 0.01854 -0.32493 -302224352128598450821527865382431358976.00000
0.48458 0.03001 -0.31517 -303553600406792970346102096389962989568.00000
0.47329 0.04039 -0.31379 -299565896137028619075720251261870669824.00000
0.48304 0.05271 -0.31369 -298231455561975564723517489758009819136.00000
0.47666 0.06366 -0.32201 -290235216987783911917228405674754441216.00000
0.48581 0.07678 -0.32096 -298215858388990356588961474321770872832.00000
0.47581 0.08649 -0.32319 -288864430334721113771625930696589049856.00000
0.48410 0.10004 -0.32109 -295531481477947058008352055614066655232.00000
0.47074 0.10756 -0.31714 -294197061185303607307819718057457090560.00000
0.47827 0.10928 -0.31233 -292862620610250552955616956553596239872.00000
0.46355 0.13864 -0.31044 -294212577228650400835694037704690892800.00000
0.47443 0.13113 -0.30980 -292867711495061069524893367313669029888.00000
0.45969 0.14777 -0.30569 -294212597511060004487364461651942178816.00000
0.46495 0.16097 -0.30049 -290198870909774168123828692200449900544.00000
0.45134 0.16478 -0.29532 -296876225517078767409130182321580802048.00000
0.46037 0.16943 -0.29498 -287535182056526594247051699689057419264.00000
0.43756 0.18701 -0.27797 -291528038058330273041721227418976387072.00000
0.44563 0.19199 -0.27707 -294196939490845985397797174373949374464.00000
0.44287 0.20139 -0.27559 -292872903791919604352521897809998249984.00000
0.47570 -0.20775 -0.31926 -298231455561975564723517489758009819136.00000
0.48244 -0.22570 -0.31679 -307530859235611441006215608683643011072.00000
0.48645 -0.20458 -0.33513 -298236627576424495899475596307087753216.00000
0.49322 -0.20717 -0.32723 -300874294098150584683098664495080275968.00000
0.48307 -0.15902 -0.31706 -299545045819956065158524433487548645376.00000
0.49006 -0.16139 -0.31023 -298210625527312614457992095930939080704.00000
0.48522 -0.14741 -0.31765 -298210625527312614457992095930939080704.00000
0.48709 -0.13565 -0.31796 -299539873805507133982566326938470711296.00000
0.48530 -0.12160 -0.31196 -302214048664519795772952500178778062848.00000
0.48661 -0.10984 -0.31176 -304877737517767369649729492690170544128.00000
0.49866 -0.10154 -0.31115 -299555470978492342117122342374709657600.00000
0.50287 -0.09083 -0.31611 -299555470978492342117122342374709657600.00000
0.49833 -0.06561 -0.32443 -302213926970062173862929956495270346752.00000
0.50660 -0.06696 -0.31887 -299555470978492342117122342374709657600.00000
0.50020 -0.04151 -0.32513 -310194649500907033141344720931291922432.00000
0.50864 -0.04246 -0.31976 -302208876650070864596994393629700128768.00000
0.50219 -0.02965 -0.32765 -302198471773944191290066908689790402560.00000
0.51242 -0.01811 -0.32438 -298205534642502097888715685170866290688.00000
0.50489 -0.00539 -0.33119 -304882808120168282567335479502992048128.00000
0.51434 0.00686 -0.32691 -292878055523958931876809580411824898048.00000
0.50244 0.01913 -0.32687 -298205412948044475978693141487358574592.00000
0.51087 0.03171 -0.32162 -290224791829247634958630496787593428992.00000
0.49108 0.05351 -0.30900 -299555470978492342117122342374709657600.00000
0.50242 0.05497 -0.30914 -298221010121029684113249156923597520896.00000
0.49267 0.06568 -0.31271 -299555470978492342117122342374709657600.00000
0.49706 0.07902 -0.32151 -299545106667184876113535705329302503424.00000
0.49848 0.10444 -0.32722 -299534823485515824716630764072900493312.00000
0.50674 0.10612 -0.32159 -294212597511060004487364461651942178816.00000
0.50338 0.11747 -0.31795 -290214447800349772606714283689437560832.00000
0.49636 0.12668 -0.30839 -286221530951317282857033484117764734976.00000
0.48480 0.13500 -0.30978 -294207344366972658704724659313859100672.00000
0.49234 0.13708 -0.30400 -288890412101423391561439007125486436352.00000
0.47760 0.16798 -0.30544 -291533331767236826127701877651562037248.00000
0.48462 0.17037 -0.29921 -292867792624699484131575063102674173952.00000
0.47261 0.17673 -0.29965 -286195589749434212370561255583369920512.00000
0.47692 0.19019 -0.29248 -283526708599328103666155732575648219136.00000
0.46209 0.19274 -0.28733 -291533352049646429779372301598813323264.00000
0.47121 0.19805 -0.28602 -291533352049646429779372301598813323264.00000
0.49715 -0.23791 -0.32310 -299545045819956065158524433487548645376.00000
0.50817 -0.24564 -0.32155 -298210605244903010806321671983687794688.00000
0.51201 -0.20597 -0.33515 -300853524910716445372584542509763395584.00000
0.52404 -0.21300 -0.33408 -296850203185557282315976257998180843520.00000
0.51783 -0.19192 -0.32045 -299524276632521925848010311502231764992.00000
0.51213 -0.17244 -0.30807 -298200261216005148454405458885531926528.00000
0.50950 -0.14527 -0.31716 -298210625527312614457992095930939080704.00000
0.51481 -0.16011 -0.30908 -296876225517078767409130182321580802048.00000
0.51133 -0.13267 -0.31734 -295541744377206505753586572923217379328.00000
0.52491 -0.12424 -0.31639 -300869101801292049855470133998751055872.00000
0.51095 -0.09255 -0.30997 -302213947252471777514600380442521632768.00000
0.52295 -0.09595 -0.30921 -300869101801292049855470133998751055872.00000
0.51868 -0.06956 -0.31875 -295541744377206505753586572923217379328.00000
0.52731 -0.08433 -0.31395 -302203542376345104207672895502611906560.00000
0.52191 -0.05749 -0.32243 -303548428392344039170143989840885055488.00000
0.53069 -0.05870 -0.31609 -304882868967397093522346751344745906176.00000
0.52493 -0.01908 -0.32448 -295536653492395989184310162163144589312.00000
0.53605 -0.03321 -0.32203 -292867792624699484131575063102674173952.00000
0.52699 0.00675 -0.32707 -294207324084563055053054235366607814656.00000
0.53934 -0.00679 -0.32579 -303548408109934435518473565893633769472.00000
0.52725 0.01977 -0.32753 -295546997521293851536226375261300457472.00000
0.54044 0.02011 -0.32728 -298205514360092494237045261223615004672.00000
0.51540 0.04419 -0.31004 -302224331846188847169857441435180072960.00000
0.53017 0.05877 -0.31379 -296897055551741717674655576148651540480.00000
0.51733 0.08265 -0.31596 -300869243778159275417163101629510057984.00000
0.52833 0.07148 -0.31206 -295567888403185612756763040930125053952.00000
0.51875 0.10933 -0.32131 -292862559763021742000605684711842381824.00000
0.53072 0.09884 -0.31820 -286200822611111954501530633974201712640.00000
0.51155 0.11934 -0.31189 -294196980055665192701138022268451946496.00000
0.51925 0.13436 -0.30672 -290193678612915633296200161704120680448.00000
0.50200 0.15353 -0.30369 -291533352049646429779372301598813323264.00000
0.50964 0.15580 -0.29693 -288864470899540321074966778591091621888.00000
0.49698 0.16340 -0.29833 -291533352049646429779372301598813323264.00000
0.49498 0.17530 -0.29804 -288864470899540321074966778591091621888.00000
0.49004 0.19853 -0.29652 -291533352049646429779372301598813323264.00000
0.50683 0.19538 -0.30144 -284861149174381158018358494079509069824.00000
0.48715 0.20982 -0.29534 -292867792624699484131575063102674173952.00000
0.49390 0.22704 -0.29182 -287524838027628731895135486590901551104.00000
0.47051 0.23458 -0.27900 -284861149174381158018358494079509069824.00000
0.47951 0.24080 -0.27653 -283531941461005845797125110966480011264.00000
0.51957 -0.25363 -0.31958 -296881316401889283978406593081653592064.00000
0.54137 -0.25484 -0.32734 -298215716412123131027268506691011870720.00000
0.53651 -0.22029 -0.33258 -294196878643617174442785902532195516416.00000
0.54392 -0.22297 -0.32274 -294207283519743847749713387472105242624.00000
0.55303 -0.21395 -0.33189 -292872842944690793397510625968244391936.00000
0.54565 -0.19174 -0.31803 -294207283519743847749713387472105242624.00000
0.53113 -0.16878 -0.31408 -296865780076132886798861849487168503808.00000
0.54367 -0.17460 -0.31211 -295541724094796902101916148975966093312.00000
0.53574 -0.14223 -0.31514 -308865299810664495358418370187503861760.00000
0.56031 -0.13854 -0.32680 -303532689242491605473895006773887107072.00000
0.53878 -0.11505 -0.31480 -308865279528254891706747946240252575744.00000
0.55286 -0.10506 -0.31249 -315537502685929767119432177706808115200.00000
0.54005 -0.07370 -0.31134 -303532770372130020080576702562892251136.00000
0.54893 -0.07515 -0.30403 -302187924920950292421446456119121674240.00000
0.54372 -0.06105 -0.31517 -303548428392344039170143989840885055488.00000
0.55280 -0.06230 -0.30790 -298184603195791129364838171607539122176.00000
0.55152 -0.02113 -0.32347 -303543296942714315297526731186309693440.00000
0.55888 -0.03552 -0.31406 -298200220651185941151064610991029354496.00000
0.55387 0.00652 -0.32615 -306212096963182009395250558405026250752.00000
0.56718 -0.00798 -0.32395 -300879506677418723162397618938660782080.00000
0.55415 0.02046 -0.32661 -304867332641640696342802007750260817920.00000
0.56383 0.02066 -0.31944 -294202192634933331180436976712032452608.00000
0.54456 0.04711 -0.31410 -286221530951317282857033484117764734976.00000
0.55660 0.06215 -0.31143 -286221571516136490160374332012267307008.00000
0.54116 0.07356 -0.31104 -288911323265724756433646096741562318848.00000
0.55175 0.08902 -0.30713 -294238721254629507838870505711598567424.00000
0.53599 0.11283 -0.30797 -283547558916400657583351550349970243584.00000
0.54849 0.10200 -0.30416 -291559414945987122175867073816715853824.00000
0.53194 0.12485 -0.30407 -284871533768098227673615555072167510016.00000
0.54043 0.12678 -0.29674 -292872944356738811655862745704500822016.00000
0.52257 0.14750 -0.29496 -295536552080347970925958042426888159232.00000
0.53446 0.15187 -0.29283 -291528038058330273041721227418976387072.00000
0.52061 0.18851 -0.30017 -284861149174381158018358494079509069824.00000
0.53066 0.17819 -0.29266 -286205954060741678374147892628777074688.00000
0.52747 0.22425 -0.31709 -278209715486550025567858808545521696768.00000
0.54272 0.21746 -0.31560 -287540435200613940029691502027140497408.00000
0.52419 0.23716 -0.31596 -279549368640871218399360524492963053568.00000
0.53603 0.24418 -0.31340 -286200761763883143546519362132447854592.00000
0.50819 0.25309 -0.29969 -283531941461005845797125110966480011264.00000
0.51458 0.27196 -0.29457 -282187096009826118137994864522709434368.00000
0.50999 0.28338 -0.29224 -280852655434773063785792103018848583680.00000
0.55760 -0.30466 -0.33875 -300884597562229239731674029698733572096.00000
0.57875 -0.32334 -0.34559 -298215716412123131027268506691011870720.00000
0.56931 -0.29784 -0.35019 -299550156987176185379471268194872721408.00000
0.56702 -0.27612 -0.34226 -299550156987176185379471268194872721408.00000
0.55868 -0.24967 -0.32649 -298215696129713527375598082743760584704.00000
0.57039 -0.23837 -0.31704 -299544924125498443248501889804040929280.00000
0.56851 -0.21932 -0.31106 -299539731828639908420873359307711709184.00000
0.57234 -0.20516 -0.31255 -302208633261155620776949306262684696576.00000
0.57028 -0.17346 -0.32456 -300884638127048447035014877593236144128.00000
0.57578 -0.19071 -0.31374 -304877534693671333133025253217657683968.00000
0.57261 -0.15862 -0.32485 -303553519277154555739420400600957845504.00000
0.58917 -0.14884 -0.32218 -298215756976942338330609354585514442752.00000
0.56551 -0.12359 -0.31106 -303548306697886417260121446157377339392.00000
0.58072 -0.11296 -0.30783 -300879486395009119510727194991409496064.00000
0.56707 -0.09422 -0.30938 -302213926970062173862929956495270346752.00000
0.58130 -0.09776 -0.30683 -303548367545115228215132717999131197440.00000
0.57010 -0.05110 -0.30938 -306191246646109455478054740630704226304.00000
0.58076 -0.06731 -0.30348 -306191246646109455478054740630704226304.00000
0.58527 -0.02390 -0.32686 -299539873805507133982566326938470711296.00000
0.59824 -0.04038 -0.32230 -302203542376345104207672895502611906560.00000
0.58191 -0.00861 -0.32228 -300879506677418723162397618938660782080.00000
0.59304 0.00620 -0.31498 -300889911553545396469325103878570508288.00000
0.57833 0.02103 -0.31771 -294222961822367470490951098697349332992.00000
0.57324 0.03531 -0.31165 -296881438096346905888429136765161308160.00000
0.58197 0.05041 -0.30275 -302224352128598450821527865382431358976.00000
0.58020 0.06489 -0.30136 -300879506677418723162397618938660782080.00000
0.56378 0.07689 -0.30196 -299555511543311549420463190269212229632.00000
0.57469 0.09309 -0.29684 -299534661226238995503267372494890205184.00000
0.55747 0.10359 -0.29649 -292878156936006950135161700148081328128.00000
0.56669 0.11985 -0.29013 -299539914370326341285907174832973283328.00000
0.55236 0.14471 -0.29527 -290204022641813495648116374802276548608.00000
0.57097 0.13651 -0.29701 -294207344366972658704724659313859100672.00000
0.55373 0.17533 -0.30168 -283557902945298519935267763448126111744.00000
0.57870 0.17146 -0.31062 -287550758947102198729937291178045079552.00000
0.56350 0.21356 -0.32020 -282213158906166810534489636740611964928.00000
0.57993 0.20507 -0.31742 -279549429488100029354371796334716911616.00000
0.56247 0.24662 -0.32574 -284866382036058900149327872470340861952.00000
0.57963 0.23929 -0.32337 -282213098058937999579478364898858106880.00000
0.55876 0.26087 -0.32457 -280852635152363460134121679071597297664.00000
0.56201 0.27768 -0.31211 -276880446925945902391614153590738780160.00000
0.53978 0.27762 -0.30679 -286185205155717142715304194590711480320.00000
0.54686 0.29857 -0.30072 -280868212042939064617007270560584957952.00000
0.53636 0.30501 -0.29117 -279528619735846682740516826454897459200.00000
0.61502 -0.38153 -0.37478 -294212394686963967970660222179429318656.00000
0.62755 -0.36660 -0.36019 -298215716412123131027268506691011870720.00000
0.60722 -0.32769 -0.35426 -296881275837070076675065745187151020032.00000
0.62348 -0.33948 -0.35034 -295546835262017022322862983683290169344.00000
0.59350 -0.27340 -0.32837 -296881275837070076675065745187151020032.00000
0.62144 -0.27376 -0.33494 -298220969556210476809908309029094948864.00000
0.58872 -0.23182 -0.31508 -298215716412123131027268506691011870720.00000
0.60769 -0.22441 -0.31241 -296886549263567026109375971472485384192.00000
0.59954 -0.18605 -0.31849 -300874253533331377379757816600577703936.00000
0.60479 -0.20423 -0.30614 -295546916391655436929544679472295313408.00000
0.61534 -0.17760 -0.33411 -296870911525762610671479108141743865856.00000
0.63396 -0.16679 -0.33017 -298210625527312614457992095930939080704.00000
0.61872 -0.14388 -0.33319 -298210605244903010806321671983687794688.00000
0.62954 -0.12897 -0.32119 -298210645809722218109662519878190366720.00000
0.61932 -0.09271 -0.32848 -299545086384775272461865281382051217408.00000
0.62960 -0.09438 -0.31800 -296876245799488371060800606268832088064.00000
0.61826 -0.07571 -0.32596 -300884678691867654338355725487738716160.00000
0.64165 -0.08039 -0.32949 -296876205234669163757459758374329516032.00000
0.64883 -0.02978 -0.35748 -298205473795273286933704413329112432640.00000
0.66459 -0.04921 -0.35173 -303548387827524831866803141946382483456.00000
0.64401 -0.01179 -0.35168 -290198891192183771775499116147701186560.00000
0.65670 0.00555 -0.34217 -304877696952948162346388644795667972096.00000
0.60895 0.02181 -0.31253 -291559313533939103917514954080459423744.00000
0.62458 0.03850 -0.30875 -302208734673203639035301425998941126656.00000
0.60193 0.05247 -0.30548 -298210605244903010806321671983687794688.00000
0.62916 0.05544 -0.31406 -302219078702101501387217639097096994816.00000
0.59732 0.08264 -0.30193 -296865820640952094102202697381671075840.00000
0.61449 0.10172 -0.30130 -296870952090581817974819956036246437888.00000
0.59023 0.12718 -0.29793 -296870952090581817974819956036246437888.00000
0.60460 0.11488 -0.29211 -294207303802153451401383811419356528640.00000
0.60569 0.16641 -0.31938 -292883268103227070356108534855405404160.00000
0.63483 0.16000 -0.32784 -283537032345816362366401521726552801280.00000
0.60870 0.20273 -0.32776 -280878657483884945227275603394997256192.00000
0.63834 0.21723 -0.33882 -247507197666612705811938232964063690752.00000
0.59730 0.23112 -0.32030 -280878576354246530620593907605992112128.00000
0.62199 0.22621 -0.32370 -267523786009998917443309231574725165056.00000
0.58399 0.25710 -0.31117 -279538862352696526834080919816796897280.00000
0.60864 0.25441 -0.31509 -283531840048957827538772991230223581184.00000
0.57507 0.28597 -0.30788 -275546006350892848039411392086877929472.00000
0.59348 0.27991 -0.30493 -279544095214374268965050298207628689408.00000
0.57010 0.29988 -0.30585 -279538943482334941440762615605802041344.00000
0.57134 0.31597 -0.29110 -283537113475454776973083217515557945344.00000
0.55944 0.32227 -0.28124 -280863060310899737092719587958758309888.00000
0.55338 0.33453 -0.27839 -280857868014041202265091057462429089792.00000
0.66198 -0.42407 -0.38047 -296881255554660473023395321239899734016.00000
0.68755 -0.42009 -0.37649 -298215675847303923723927658796509298688.00000
0.66146 -0.37292 -0.36910 -299550177269585789031141692142124007424.00000
0.71142 -0.39071 -0.39102 -299550156987176185379471268194872721408.00000
0.65127 -0.31654 -0.34867 -296881316401889283978406593081653592064.00000
0.68526 -0.31818 -0.35536 -295541724094796902101916148975966093312.00000
0.62625 -0.25393 -0.31417 -303548367545115228215132717999131197440.00000
0.64723 -0.24601 -0.31020 -300874273815740981031428240547828989952.00000
0.62725 -0.21604 -0.30892 -299539833240687926679225479043968139264.00000
0.64731 -0.20664 -0.30452 -302193096935399223597404562668199608320.00000
0.64893 -0.19092 -0.32591 -295541744377206505753586572923217379328.00000
0.65844 -0.19354 -0.31277 -299529428364561253372297994104058413056.00000
0.65282 -0.15490 -0.32521 -296876225517078767409130182321580802048.00000
0.66399 -0.13883 -0.31172 -296881377249118094933417864923407450112.00000
0.64688 -0.11593 -0.31552 -298205514360092494237045261223615004672.00000
0.65708 -0.11785 -0.30349 -299545066102365668810194857434799931392.00000
0.67446 -0.08732 -0.34032 -299545106667184876113535705329302503424.00000
0.68774 -0.07121 -0.35243 -300879547242237930465738466833163354112.00000
0.69553 -0.03364 -0.35860 -304882828402577886219005903450243334144.00000
0.71282 -0.05497 -0.35120 -300879506677418723162397618938660782080.00000
0.71022 -0.01477 -0.34769 -300879526959828326814068042885912068096.00000
0.69502 0.00522 -0.33335 -299545086384775272461865281382051217408.00000
0.67587 0.02384 -0.33857 -307525687221162509830257502134565076992.00000
0.69538 0.02435 -0.33373 -299545066102365668810194857434799931392.00000
0.67852 0.07995 -0.34278 -298215736694532734678938930638263156736.00000
0.69815 0.08250 -0.33788 -296876184952259560105789334427078230016.00000
0.66039 0.09479 -0.32571 -299545045819956065158524433487548645376.00000
0.68164 0.11738 -0.32455 -292883247820817466704438110908154118144.00000
0.65181 0.14673 -0.32132 -292883349232865484962790230644410548224.00000
0.67705 0.15422 -0.32324 -287555991808779940860906669568876871680.00000
0.66630 0.19061 -0.34003 -279549429488100029354371796334716911616.00000
0.68532 0.17704 -0.33298 -284887171505902643111512418402909028352.00000
0.65748 0.20579 -0.33342 -279523447721397751564558719905819525120.00000
0.66540 0.22725 -0.32080 -283516324005611034010898671582989778944.00000
0.63484 0.25068 -0.31836 -284845552001395949883802478643270123520.00000
0.64365 0.25358 -0.30513 -287504028275375385281280516711082098688.00000
0.62383 0.26235 -0.30995 -284850764580664088363101433086850629632.00000
0.62742 0.28136 -0.29529 -283526708599328103666155732575648219136.00000
0.60238 0.30333 -0.29757 -283537032345816362366401521726552801280.00000
0.62223 0.29710 -0.29349 -284866300906420485542646176681335717888.00000
0.59676 0.31789 -0.29534 -283542184077855689890689204328379449344.00000
0.61817 0.33454 -0.29690 -282197338626675962231558957884608872448.00000
0.58463 0.34583 -0.29032 -282197440038723980489911077620865302528.00000
0.60659 0.38749 -0.29786 -278178561705398816602087625567546376192.00000
0.71740 -0.47468 -0.38547 -300874091274054548166394425022567415808.00000
0.72436 -0.47674 -0.36442 -299544903843088839596831465856789643264.00000
0.73391 -0.40653 -0.38576 -299550116422356978076130420300370149376.00000
0.74231 -0.40943 -0.36583 -294217566701412899146618328728507252736.00000
0.72515 -0.37196 -0.37265 -296881275837070076675065745187151020032.00000
0.73908 -0.35320 -0.35430 -296870911525762610671479108141743865856.00000
0.66841 -0.27890 -0.31108 -296876164669849956454118910479826944000.00000
0.69162 -0.27039 -0.30549 -298205352100815665023681869645604716544.00000
0.66882 -0.23700 -0.30526 -303543154965847089735833763555550691328.00000
0.69090 -0.22683 -0.29923 -300874233250921773728087392653326417920.00000
0.67886 -0.18193 -0.30685 -299529448646970857023968418051309699072.00000
0.68849 -0.18438 -0.29250 -299519023488434580065370509164148686848.00000
0.68084 -0.16306 -0.30655 -298200220651185941151064610991029354496.00000
0.70073 -0.14939 -0.29899 -303522365496003346773649217622982524928.00000
0.69015 -0.10801 -0.30987 -303548387827524831866803141946382483456.00000
0.70121 -0.12959 -0.29778 -302213947252471777514600380442521632768.00000
0.72926 -0.07735 -0.34206 -294207303802153451401383811419356528640.00000
0.73487 -0.09835 -0.32306 -298210605244903010806321671983687794688.00000
0.73817 -0.03698 -0.34835 -303548367545115228215132717999131197440.00000
0.75059 -0.03773 -0.33350 -302213906687652570211259532548019060736.00000
0.73146 -0.01569 -0.34207 -303548367545115228215132717999131197440.00000
0.75345 -0.01665 -0.33546 -302213906687652570211259532548019060736.00000
0.74192 0.04682 -0.35141 -294207303802153451401383811419356528640.00000
0.75452 0.04741 -0.33651 -296876184952259560105789334427078230016.00000
0.73987 0.06768 -0.35015 -294207303802153451401383811419356528640.00000
0.76238 0.06984 -0.34350 -296876184952259560105789334427078230016.00000
0.72687 0.12808 -0.34170 -295541825506844920360268268712222523392.00000
0.75852 0.13505 -0.34329 -296860648626503162926244590832593141760.00000
0.72040 0.14711 -0.33742 -292872984921558018959203593599003394048.00000
0.74325 0.17447 -0.33370 -290204002359403891996445950855025262592.00000
0.70419 0.20359 -0.32861 -290219741509256325692694933922023211008.00000
0.73411 0.19292 -0.32792 -286211065227961798595094727336101150720.00000
0.68329 0.23466 -0.31446 -283516303723201430359228247635738492928.00000
0.71326 0.22691 -0.31463 -278188926016706282605674262612953530368.00000
0.68029 0.25375 -0.31441 -283500686267806618573001808252248260608.00000
0.69854 0.26202 -0.30713 -274175219697830049893808917108712538112.00000
0.67237 0.29100 -0.31313 -280847422573095321654822724628016791552.00000
0.69970 0.30721 -0.31413 -274175239980239653545479341055963824128.00000
0.67531 0.36089 -0.32695 -282186974315368496227972320839201718272.00000
0.71023 0.36260 -0.33057 -278183774284666955081386580011126882304.00000
0.67333 0.40748 -0.33382 -282186994597778099879642744786453004288.00000
0.69821 0.40201 -0.32796 -279518214859720009433589341514987732992.00000
0.66677 0.42579 -0.33213 -279512981998042267302619963124155940864.00000
0.69675 0.45288 -0.33592 -275509680555292707897682102559824674816.00000
0.77674 -0.46565 -0.37263 -287540130964469885254635142818371207168.00000
0.80841 -0.45950 -0.36445 -295536470950709556319276346637883015168.00000
0.76181 -0.36714 -0.34674 -299539792675868719375884631149465567232.00000
0.77983 -0.40532 -0.33764 -292857225489295981611284186584754159616.00000
0.72778 -0.31583 -0.31496 -299539792675868719375884631149465567232.00000
0.75412 -0.30637 -0.30718 -298205352100815665023681869645604716544.00000
0.70512 -0.25424 -0.29041 -302208673825974828080290154157187268608.00000
0.73518 -0.27012 -0.28995 -300874233250921773728087392653326417920.00000
0.72335 -0.22060 -0.29998 -302208673825974828080290154157187268608.00000
0.74649 -0.20750 -0.29121 -302208714390794035383631002051689840640.00000
0.71995 -0.15493 -0.29126 -303543154965847089735833763555550691328.00000
0.73974 -0.16066 -0.28254 -304877595540900144088036525059411542016.00000
0.72974 -0.13749 -0.29732 -304877595540900144088036525059411542016.00000
0.73857 -0.11913 -0.30279 -302208714390794035383631002051689840640.00000
0.77376 -0.08396 -0.32778 -303548367545115228215132717999131197440.00000
0.80140 -0.11171 -0.32312 -300879486395009119510727194991409496064.00000
0.76879 -0.06097 -0.32311 -299545045819956065158524433487548645376.00000
0.79640 -0.04132 -0.31705 -296876164669849956454118910479826944000.00000
0.76750 0.00457 -0.32096 -296876164669849956454118910479826944000.00000
0.79963 -0.01866 -0.31899 -302213926970062173862929956495270346752.00000
0.77726 0.04879 -0.32879 -294207283519743847749713387472105242624.00000
0.80073 0.05023 -0.31994 -295541724094796902101916148975966093312.00000
0.79305 0.09605 -0.34221 -299545045819956065158524433487548645376.00000
0.80971 0.07439 -0.32689 -299545045819956065158524433487548645376.00000
0.79938 0.12061 -0.34810 -292872842944690793397510625968244391936.00000
0.81733 0.14760 -0.33526 -287545505803014852947297488839962001408.00000
0.77386 0.16048 -0.33095 -288874733798799768820201295900242345984.00000
0.76512 0.18044 -0.32576 -287540354070975525423009806238135353344.00000
0.76602 0.20373 -0.32833 -284866300906420485542646176681335717888.00000
0.76596 0.22703 -0.33037 -279533751185476406613134085109472821248.00000
0.76309 0.27333 -0.33299 -267513462263510658743063442423820582912.00000
0.84177 0.28555 -0.36293 -279528619735846682740516826454897459200.00000
0.76924 0.32684 -0.34390 -271506358830133544841073818048242122752.00000
0.82408 0.33096 -0.35547 -267508249684242520263764487980240076800.00000
0.77412 0.38307 -0.35500 -278178561705398816602087625567546376192.00000
0.83374 0.39412 -0.36959 -275509680555292707897682102559824674816.00000
0.76365 0.42992 -0.35449 -278183814849486162384727427905629454336.00000
0.80858 0.43430 -0.35804 -282176731698518652134408227477302280192.00000
0.76687 0.49115 -0.36664 -264860320263256983734906902483096829952.00000
0.81493 0.50105 -0.37197 -264855127966398448907278371986767609856.00000
0.83593 -0.47929 -0.35526 -288874652669161354213519600111237201920.00000
0.84133 -0.45203 -0.35486 -291543554101677066569595547066210189312.00000
0.85522 -0.42771 -0.33024 -282207743502802635538486442824518598656.00000
0.81577 -0.37237 -0.32877 -298179329769294179930527945322204758016.00000
0.84184 -0.38748 -0.31782 -287535100926888179640370003900052275200.00000
0.84101 -0.33204 -0.34007 -299524154938064303937987767818724048896.00000
0.88974 -0.32816 -0.33977 -292867630365422654918211671524663885824.00000
0.86267 -0.28729 -0.34940 -298210524115264596199639976194682650624.00000
0.91043 -0.27870 -0.34777 -294202070940475709270414433028524736512.00000
0.84799 -0.22542 -0.33453 -298205331818406061372011445698353430528.00000
0.92591 -0.22551 -0.35319 -298210625527312614457992095930939080704.00000
0.80580 -0.15917 -0.30224 -304877595540900144088036525059411542016.00000
0.82791 -0.14007 -0.28855 -296886589828386233412716819366987956224.00000
0.84717 -0.09590 -0.32638 -302213947252471777514600380442521632768.00000
0.85107 -0.12094 -0.30182 -299539894087916737634236750885721997312.00000
0.85393 -0.07176 -0.33006 -300879486395009119510727194991409496064.00000
0.90180 -0.05070 -0.33086 -300869101801292049855470133998751055872.00000
0.84918 -0.02111 -0.32589 -300879486395009119510727194991409496064.00000
0.86401 0.00367 -0.30696 -298205412948044475978693141487358574592.00000
0.83729 0.05266 -0.31813 -296876164669849956454118910479826944000.00000
0.85109 0.02856 -0.29904 -296865780076132886798861849487168503808.00000
0.90047 0.11210 -0.36160 -294207283519743847749713387472105242624.00000
0.91940 0.08635 -0.34203 -294202070940475709270414433028524736512.00000
0.90994 0.14163 -0.36899 -295552108688513971757173209968624533504.00000
0.93208 0.17402 -0.35289 -291538361804818531741967016569880969216.00000
0.87599 0.18816 -0.34891 -291548868092993223307246621246047125504.00000
0.92654 0.23093 -0.35263 -288874875775666994381894263531001348096.00000
0.93950 0.29893 -0.39832 -276870224591505661949720484176090628096.00000
0.95278 0.30221 -0.37348 -276870244873915265601390908123341914112.00000
0.90381 0.34356 -0.37932 -272846052549273944975916381890186051584.00000
0.95504 0.33521 -0.37750 -279518295989358424040271037303992877056.00000
0.86699 0.35306 -0.35672 -268832325947988108612380612438693773312.00000
0.87498 0.38467 -0.33469 -272825222514610994710390988063115313152.00000
0.86128 0.40947 -0.35941 -278162944250004004815861186184056143872.00000
0.85733 0.43752 -0.36034 -279497384825057059168063947687916994560.00000
0.84771 0.49335 -0.36168 -267508351096290538522116607716496506880.00000
0.85625 0.49631 -0.33682 -259522598527863973629436704362155999232.00000
0.91748 -0.37218 -0.32858 -286195528902205401415549983741616062464.00000
0.96260 -0.30008 -0.34724 -288854066023413647768039293651181895680.00000
0.99811 -0.34762 -0.33581 -288833235988750697502513899824111157248.00000
0.98232 -0.27628 -0.35647 -290188506598466702120242055155042746368.00000
1.01798 -0.28858 -0.34181 -286169567417912727277407331259969961984.00000
0.95389 -0.20323 -0.33609 -290204042924223099299786798749527834624.00000
1.03123 -0.22594 -0.34505 -283516303723201430359228247635738492928.00000
0.91742 -0.10705 -0.31131 -291543675796134688479618090749717905408.00000
1.04861 -0.13009 -0.35020 -282192268024275049313952971071787368448.00000
0.98570 -0.05834 -0.34887 -286195549184615005067220407688867348480.00000
0.97090 -0.02714 -0.34003 -284861108609561950715017646185006497792.00000
1.03277 0.06667 -0.37547 -284850703733435277408090161245096771584.00000
0.98127 0.12349 -0.34740 -286190296040527659284580605350784270336.00000
1.08405 0.13916 -0.36832 -288838408003199628678472006373189091328.00000
0.98320 0.18547 -0.35073 -282197399473904773186570229726362730496.00000
1.07483 0.17213 -0.36452 -294197000338074796352808446215703232512.00000
1.01305 0.22551 -0.36944 -284861128891971554366688070132257783808.00000
1.08468 0.28074 -0.37435 -282207926044489068403520258349780172800.00000
1.00463 0.28867 -0.36838 -278194199443203232039984488898287894528.00000
1.06649 0.31021 -0.36670 -284871614897736642280297250861172654080.00000
0.96746 0.33854 -0.35134 -280847584832372150868186116206027079680.00000
1.00285 0.38725 -0.33970 -276844283389622591463248255641695813632.00000
0.90355 0.39948 -0.32172 -272820070782571667186103305461288665088.00000
0.97780 0.44260 -0.33181 -268811658172601987560218610189633323008.00000
0.91635 0.47331 -0.33617 -275509822532159933459375070190583676928.00000
0.89039 0.48720 -0.32389 -272846214808550774189279773468196339712.00000
0.83817 0.50893 -0.29898 -244854339620093481927167628284857942016.00000
