# .PCD v0.7 - Point Cloud Data file format
VERSION 0.7
FIELDS x y z
SIZE 4 4 4
TYPE F F F
COUNT 1 1 1
WIDTH 690
HEIGHT 1
VIEWPOINT 0 0 0 1 0 0 0
POINTS 690
DATA ascii
0.35649 -0.07926 -0.29796 -288874835210847787078553415636498776064.00000
0.35205 -0.06204 -0.29255 -284892343520351574287470524951986962432.00000
0.35603 -0.07063 -0.29223 -290209275785900841430756177140359626752.00000
0.35331 -0.05556 -0.29548 -286226784095404628639673286455847813120.00000
0.35904 -0.04991 -0.29678 -288869744326037270509277004876425986048.00000
0.35551 -0.04215 -0.30068 -286226784095404628639673286455847813120.00000
0.36115 -0.03601 -0.30163 -286226824660223835943014134350350385152.00000
0.35828 -0.02871 -0.30957 -286221530951317282857033484117764734976.00000
0.36384 -0.02204 -0.31011 -291559333816348707569185378027710709760.00000
0.35958 -0.01418 -0.31283 -288880088354935132861193217974581854208.00000
0.35902 -0.00658 -0.30939 -288895705810329944647419657358072086528.00000
0.35835 0.00088 -0.30578 -286237249818760112901612043237511397376.00000
0.36317 0.00072 -0.30467 -290240571543919275958220327749093949440.00000
0.35488 0.01523 -0.28968 -284887293200360265021534962086416744448.00000
0.35943 0.02242 -0.28881 -286216521196145180894438769146697089024.00000
0.35833 0.02928 -0.28468 -287561326082505701250228167695965093888.00000
0.35803 0.03626 -0.28432 -287561285517686493946887319801462521856.00000
0.36043 0.04442 -0.29601 -287561285517686493946887319801462521856.00000
0.36084 0.05206 -0.29938 -288900918389598083126718611801652592640.00000
0.35562 0.06601 -0.30235 -276896246923027147042874408499490586624.00000
0.36029 0.06697 -0.30108 -283568409233473211500547368124292268032.00000
0.35368 0.07976 -0.29877 -272872074880795430069070306213586010112.00000
0.35933 0.07401 -0.29936 -284897616946848523721780751237321326592.00000
0.35046 0.09198 -0.29003 -287524858310038335546805910538152837120.00000
0.35706 0.08771 -0.29519 -286221632363365301115385603854021165056.00000
0.36102 -0.08065 -0.29605 -288874855493257390730223839583750062080.00000
0.36564 -0.08207 -0.29402 -288869703761218063205936156981923414016.00000
0.36207 -0.06536 -0.29380 -294212638075879211790705309546444750848.00000
0.36676 -0.06659 -0.29199 -292878197500826157438502548042583900160.00000
0.36372 -0.05091 -0.29525 -291538584911324171910341679989645115392.00000
0.36851 -0.05194 -0.29362 -292878217783235761090172971989835186176.00000
0.36600 -0.04463 -0.30243 -292873066051196433565885289388008538112.00000
0.37206 -0.03823 -0.30328 -291554222649128587348238543320386633728.00000
0.36801 -0.03006 -0.30694 -286226844942633439594684558297601671168.00000
0.37514 -0.02360 -0.31209 -292898986970669900400687093975152066560.00000
0.37000 -0.00739 -0.31166 -291569698127656173572772015073117863936.00000
0.37585 -0.01581 -0.31372 -295573019852815336629380299584700416000.00000
0.36811 0.00055 -0.30347 -292898986970669900400687093975152066560.00000
0.37342 0.00807 -0.30289 -292899027535489107704027941869654638592.00000
0.36627 0.01555 -0.29585 -294223063234415488749303218433605763072.00000
0.37123 0.01565 -0.29459 -292888622659362434397100456929744912384.00000
0.36365 0.03705 -0.28718 -284892384085170781590811372846489534464.00000
0.36881 0.03021 -0.28632 -286226824660223835943014134350350385152.00000
0.36522 0.04502 -0.29479 -288900938672007686778389035748903878656.00000
0.37059 0.05356 -0.29674 -287576882690671702081443335237701468160.00000
0.36508 0.06795 -0.29971 -286237270101169716553282467184762683392.00000
0.37092 0.06158 -0.29980 -290240591826328879609890751696345235456.00000
0.36292 0.08212 -0.29590 -284892384085170781590811372846489534464.00000
0.36891 0.07621 -0.29639 -288895705810329944647419657358072086528.00000
0.36637 0.09032 -0.29196 -288890452666242598864779855019989008384.00000
0.36493 0.09714 -0.28938 -290224893241295653216982616523849859072.00000
0.35786 0.10116 -0.28425 -287556012091189544512577093516128157696.00000
0.37742 -0.10556 -0.30526 -287561184105638475688535200065206091776.00000
0.37159 -0.08479 -0.29656 -291538605193733775562012103936896401408.00000
0.37565 -0.09433 -0.29481 -290230146385382998999622418861932937216.00000
0.37224 -0.07683 -0.29567 -290204144336271117558138918485784264704.00000
0.37902 -0.07124 -0.29713 -294207466061430280614747202997366816768.00000
0.37463 -0.05380 -0.29635 -292878197500826157438502548042583900160.00000
0.37970 -0.05489 -0.29444 -294212597511060004487364461651942178816.00000
0.37597 -0.04651 -0.29912 -294212638075879211790705309546444750848.00000
0.38240 -0.03992 -0.29985 -299560784969808498854773416554546593792.00000
0.37823 -0.03147 -0.30386 -292899027535489107704027941869654638592.00000
0.38043 -0.02420 -0.31051 -291564546395616846048484332471291215872.00000
0.38119 -0.01627 -0.31218 -294238579277762282277177538080839565312.00000
0.38730 -0.00859 -0.31192 -292899007253079504052357517922403352576.00000
0.37962 0.00009 -0.30524 -290230146385382998999622418861932937216.00000
0.38637 -0.00022 -0.30828 -291564607242845657003495604313045073920.00000
0.37752 0.01582 -0.29751 -270203173448279717712994359258613022720.00000
0.38409 0.01600 -0.30039 -267534312580583212660259260198142607360.00000
0.37454 0.03836 -0.28861 -290230146385382998999622418861932937216.00000
0.38212 0.03958 -0.29550 -296902349260648270760636226381237190656.00000
0.37684 0.05488 -0.29959 -284907960975746386073696964335477194752.00000
0.38209 0.05568 -0.29796 -295583445011351613587978208471861428224.00000
0.37500 0.06998 -0.29663 -288911323265724756433646096741562318848.00000
0.38120 0.06342 -0.29657 -291580204415830865138051619749284020224.00000
0.37387 0.07736 -0.29473 -290230126102973395347951994914681651200.00000
0.37882 0.08682 -0.29503 -288900816977550064868366492065396162560.00000
0.36966 0.09858 -0.28751 -294228174401635608970250053140929839104.00000
0.37611 0.09304 -0.28823 -294228174401635608970250053140929839104.00000
0.36626 0.11184 -0.28153 -287550860359150216988289410914301509632.00000
0.37276 0.10685 -0.28254 -294223022669596281445962370539103191040.00000
0.39069 -0.11260 -0.30990 -296897014986922510371314728254148968448.00000
0.38490 -0.10051 -0.30712 -292893733826582554618047291637068988416.00000
0.39263 -0.09508 -0.30882 -294228214966454816273590901035432411136.00000
0.38646 -0.08342 -0.30554 -296881478661166113191769984659663880192.00000
0.39500 -0.08766 -0.31316 -300884780103915672596707845223995146240.00000
0.38628 -0.05687 -0.29695 -299545126949594479765206129276553789440.00000
0.39467 -0.05986 -0.30415 -304882848684987489870676327397494620160.00000
0.38776 -0.04080 -0.29793 -303558853550880316128741898728046067712.00000
0.39478 -0.05109 -0.30242 -303543195530666297039174611450053263360.00000
0.39038 -0.03352 -0.30492 -299565956984257430030731523103624527872.00000
0.39866 -0.02655 -0.30976 -296886569545976629761046395419736670208.00000
0.39295 -0.00892 -0.31016 -294233468110542162056230703373515489280.00000
0.39958 -0.01809 -0.31156 -295557382115010921191483436253958897664.00000
0.39344 -0.00055 -0.31126 -300905691268217037468914934840071028736.00000
0.39958 0.00785 -0.31017 -306243392721200443922714709013760573440.00000
0.39379 0.02482 -0.31259 -300895326956909571465328297794663874560.00000
0.39971 0.01647 -0.31062 -306238139577113098140074906675677495296.00000
0.39163 0.04128 -0.30715 -303574531853503938869979609953290158080.00000
0.39783 0.03339 -0.30582 -306248544453239771447002391615587221504.00000
0.39821 0.05077 -0.30900 -300921207311563830996789254487304830976.00000
0.39735 0.05918 -0.30776 -298252326161457722292383731479583129600.00000
0.38809 0.07369 -0.30184 -283573520400693331721494202831616344064.00000
0.39507 0.07566 -0.30433 -286247614130067578905198680282918551552.00000
0.38678 0.08149 -0.29976 -288900857542369272171707339959898734592.00000
0.39356 0.09259 -0.30427 -292904138702709227924974776576978714624.00000
0.38370 0.09659 -0.29477 -290235216987783911917228405674754441216.00000
0.38990 0.10790 -0.29842 -295567786991137594498410921193868623872.00000
0.38006 0.11092 -0.28874 -291559293251529500265844530133208137728.00000
0.38300 0.11949 -0.28284 -300905630420988226513903662998317170688.00000
0.38336 0.12917 -0.28776 -291564586960436053351825180365793787904.00000
0.39474 -0.12322 -0.30675 -303569258427006989435669383667955793920.00000
0.40323 -0.11822 -0.30856 -298231496126794772026858337652512391168.00000
0.39808 -0.09675 -0.30586 -292893733826582554618047291637068988416.00000
0.40260 -0.10741 -0.30307 -292898865276212278490664550291644350464.00000
0.40235 -0.09069 -0.31560 -300884759821506068945037421276743860224.00000
0.40879 -0.08299 -0.31155 -296886589828386233412716819366987956224.00000
0.41113 -0.07484 -0.31555 -294212496099011986229012341915685748736.00000
0.40958 -0.06430 -0.30889 -298210605244903010806321671983687794688.00000
0.40200 -0.04402 -0.30290 -304877615823309747739706949006662828032.00000
0.40794 -0.05411 -0.30232 -303548367545115228215132717999131197440.00000
0.40176 -0.03509 -0.30070 -307551689270274391271741002510713749504.00000
0.40765 -0.03591 -0.29834 -306222522121718286353848467292187262976.00000
0.40466 -0.00962 -0.30619 -304898486422791905308573190728236138496.00000
0.40991 -0.01875 -0.30243 -304882828402577886219005903450243334144.00000
0.40360 -0.00080 -0.30269 -304898486422791905308573190728236138496.00000
0.40999 0.00780 -0.30133 -315558353003002321036627995481130139648.00000
0.40570 0.01659 -0.30860 -308907000444809603192810005736147910656.00000
0.41006 0.02546 -0.30189 -308896555003863722582541672901735612416.00000
0.40372 0.03383 -0.30381 -306238119294703494488404482728426209280.00000
0.40976 0.03427 -0.30164 -304903658437240836484531297277314072576.00000
0.40321 0.06007 -0.30562 -300915974449886088865819876096473038848.00000
0.40850 0.05174 -0.30007 -307582944463473618495864305224945500160.00000
0.40079 0.07682 -0.30208 -292914563861245504883572685464139726848.00000
0.40503 0.07715 -0.29517 -298241880720511841682115398645170831360.00000
0.40086 0.08595 -0.30444 -292904138702709227924974776576978714624.00000
0.40656 0.09660 -0.30391 -295562614976688663322452814644790689792.00000
0.39997 0.11357 -0.30998 -298226283547526633547559383208931885056.00000
0.40623 0.10595 -0.30564 -296886691240434251671068939103244386304.00000
0.39932 0.12280 -0.31134 -287556012091189544512577093516128157696.00000
0.40412 0.13397 -0.30930 -274227244078463416428446341808261169152.00000
0.40306 0.14326 -0.31004 -284908001540565593377037812229979766784.00000
0.40384 -0.13594 -0.29891 -303548387827524831866803141946382483456.00000
0.40544 -0.12712 -0.29933 -299545086384775272461865281382051217408.00000
0.41089 -0.12911 -0.29531 -291548827528174016003905773351544553472.00000
0.40928 -0.10017 -0.29939 -296876245799488371060800606268832088064.00000
0.41381 -0.11106 -0.29589 -298215838106580752937291050374519586816.00000
0.41209 -0.09251 -0.30404 -288874774363618976123542143794744918016.00000
0.42079 -0.08612 -0.30508 -290198870909774168123828692200449900544.00000
0.41376 -0.06455 -0.30108 -295541724094796902101916148975966093312.00000
0.41983 -0.06585 -0.29805 -304877636105719351391377372953914114048.00000
0.41393 -0.05524 -0.29959 -306222400427260664443825923608679546880.00000
0.42004 -0.05639 -0.29667 -307541304676557321616483941518055309312.00000
0.41323 -0.02759 -0.29353 -307551750117503202226752274352467607552.00000
0.41938 -0.02828 -0.29090 -308896534721454118930871248954484326400.00000
0.41431 -0.01890 -0.29543 -304882848684987489870676327397494620160.00000
0.42053 -0.01944 -0.29284 -306212076680772405743580134457774964736.00000
0.41407 -0.00106 -0.29370 -314208274690144851246528370646527770624.00000
0.42071 0.00774 -0.29204 -312868662100642865718367502593588985856.00000
0.41453 0.02555 -0.29509 -306227653571348010226465725946762625024.00000
0.42088 0.01679 -0.29250 -310215378123521965148517995022106230784.00000
0.42046 0.03487 -0.29232 -308886129845327445623943764014574600192.00000
0.42168 0.04428 -0.29609 -308896534721454118930871248954484326400.00000
0.41192 0.06062 -0.29191 -300905508726530604603881119314809454592.00000
0.42085 0.05330 -0.29507 -311560203292292089155977817518625521664.00000
0.40929 0.07750 -0.28827 -302234777287134727780125774269592371200.00000
0.41674 0.07021 -0.28760 -300910741588208346734850497705641246720.00000
0.41095 0.08764 -0.29468 -298231496126794772026858337652512391168.00000
0.41673 0.09848 -0.29351 -295562635259098266974123238592041975808.00000
0.41212 0.10758 -0.30270 -299550359811272221896175507667385581568.00000
0.42131 0.12188 -0.31060 -298231536691613979330199185547014963200.00000
0.41166 0.13772 -0.31099 -287571670111403563602144380794120962048.00000
0.42051 0.13176 -0.31169 -296902349260648270760636226381237190656.00000
0.41634 0.14939 -0.30787 -298236769553291721461168563937846755328.00000
0.41494 0.15895 -0.30814 -295567868120776009105092616982873767936.00000
0.41337 0.16842 -0.30817 -294233407263313351101219431531761631232.00000
0.42235 -0.15607 -0.29538 -300905508726530604603881119314809454592.00000
0.42014 -0.12406 -0.29683 -294217688395870521056640872412014968832.00000
0.43044 -0.13026 -0.30321 -296897055551741717674655576148651540480.00000
0.42161 -0.11475 -0.29710 -295552128970923575408843633915875819520.00000
0.43109 -0.10890 -0.29825 -295557382115010921191483436253958897664.00000
0.42695 -0.08772 -0.30153 -303543276660304711645856307239058407424.00000
0.43451 -0.10077 -0.30333 -302219240961378330600581030675107282944.00000
0.42973 -0.07925 -0.30580 -300879547242237930465738466833163354112.00000
0.44075 -0.08344 -0.31260 -294212556946240797184023613757439606784.00000
0.43033 -0.05944 -0.30320 -306217268977630940571208664954104184832.00000
0.44127 -0.05236 -0.30806 -303553580124383366694431672442711703552.00000
0.43003 -0.03976 -0.29946 -308901767583131861061840627345316118528.00000
0.43822 -0.03131 -0.29873 -306217309542450147874549512848606756864.00000
0.42978 -0.01113 -0.29619 -310205013812214499144931357976699076608.00000
0.43744 -0.02135 -0.29611 -302213987817290984817941228337024204800.00000
0.42855 -0.00163 -0.29292 -312863490086193934542409396044511051776.00000
0.43562 0.00762 -0.29085 -311534241807999415017835165036979421184.00000
0.42720 0.02614 -0.28992 -315553120141324578905658617090298347520.00000
0.43374 0.02644 -0.28703 -310220590702790103627816949465686736896.00000
0.42685 0.03534 -0.28963 -312884259273628073852923518029827932160.00000
0.43468 0.04558 -0.29037 -306227673853757613878136149894013911040.00000
0.43374 0.05493 -0.28927 -302229564707866589300826819826011865088.00000
0.43254 0.06415 -0.28779 -302229564707866589300826819826011865088.00000
0.42472 0.07209 -0.28905 -302234777287134727780125774269592371200.00000
0.43108 0.07323 -0.28595 -306227673853757613878136149894013911040.00000
0.42469 0.10121 -0.29486 -295562635259098266974123238592041975808.00000
0.43097 0.10280 -0.29143 -295567868120776009105092616982873767936.00000
0.43024 0.11516 -0.31079 -296902308695829063457295378486734618624.00000
0.43601 0.12728 -0.30821 -292909371564386970055944154967810506752.00000
0.42557 0.14370 -0.30862 -294238579277762282277177538080839565312.00000
0.43507 0.13756 -0.30907 -292904098137890020621633928682476142592.00000
0.42427 0.15359 -0.30903 -294238579277762282277177538080839565312.00000
0.42872 0.16568 -0.30472 -295572959005586525674369027742946557952.00000
0.42479 0.17304 -0.29924 -298241840155692634378774550750668259328.00000
0.44137 -0.18195 -0.30664 -298231394714746753768506217916255961088.00000
0.43277 -0.16380 -0.30156 -294217688395870521056640872412014968832.00000
0.44355 -0.15916 -0.30294 -294222900975138659535939826855595474944.00000
0.43706 -0.14445 -0.30340 -286221510668907679205363060170513448960.00000
0.44774 -0.13902 -0.30458 -283563034394928243807885022102701473792.00000
0.44312 -0.12668 -0.31002 -294233386980903747449549007584510345216.00000
0.45223 -0.13097 -0.31078 -291569698127656173572772015073117863936.00000
0.44928 -0.09714 -0.31486 -290219680662027514737683662080269352960.00000
0.45612 -0.09892 -0.31035 -298210666092131821761332943825441652736.00000
0.45256 -0.08792 -0.31955 -300889972400774207424336375720324366336.00000
0.45960 -0.08959 -0.31514 -306217268977630940571208664954104184832.00000
0.45571 -0.06729 -0.32220 -306227673853757613878136149894013911040.00000
0.46838 -0.05951 -0.32730 -304888040981846024698304857893823840256.00000
0.46032 -0.04697 -0.32889 -308875866946067997878709246705423876096.00000
0.46984 -0.03730 -0.32762 -299534782920696617413289916178397921280.00000
0.45590 -0.02421 -0.31741 -307546598385463874702464591750640959488.00000
0.46457 -0.01424 -0.31546 -308881038960516929054667353254501810176.00000
0.44450 0.00755 -0.29216 -308886190692556256578955035856328458240.00000
0.45149 0.00750 -0.28874 -302224392693417658124868713276933931008.00000
0.44469 0.01737 -0.29264 -306217309542450147874549512848606756864.00000
0.45170 0.01751 -0.28922 -302219180114149519645569758833353424896.00000
0.44347 0.04672 -0.29159 -299565936701847826379061099156373241856.00000
0.45040 0.04742 -0.28813 -296897075834151321326326000095902826496.00000
0.44246 0.05636 -0.29044 -296897055551741717674655576148651540480.00000
0.45155 0.05785 -0.29139 -294228194684045212621920477088181125120.00000
0.44192 0.08633 -0.29358 -299555470978492342117122342374709657600.00000
0.45774 0.08098 -0.30655 -288890452666242598864779855019989008384.00000
0.44382 0.10830 -0.30179 -291564546395616846048484332471291215872.00000
0.45090 0.09937 -0.29623 -294223063234415488749303218433605763072.00000
0.44252 0.12923 -0.30410 -290245642146320188875826314561915453440.00000
0.45237 0.12219 -0.30384 -291543756925773103086299786538723049472.00000
0.44257 0.15201 -0.31047 -290235196705374308265557981727503155200.00000
0.45292 0.14559 -0.31064 -288900776412730857565025644170893590528.00000
0.43873 0.16020 -0.30535 -292904098137890020621633928682476142592.00000
0.44317 0.17268 -0.30017 -299550258399224203637823387931129151488.00000
0.43058 0.17536 -0.29440 -302234777287134727780125774269592371200.00000
0.42630 0.18232 -0.28862 -302224352128598450821527865382431358976.00000
0.46304 -0.20274 -0.33399 -294233265286446125539526463901002629120.00000
0.45889 -0.17991 -0.30145 -294254054756289868501711009833570795520.00000
0.46161 -0.16960 -0.30283 -295578110737625853198656710344773206016.00000
0.45407 -0.14118 -0.29916 -296902207283781045198943258750478188544.00000
0.46338 -0.14584 -0.29910 -295567746426318387195070073299366051840.00000
0.45881 -0.13309 -0.30547 -298231475844385168375187913705261105152.00000
0.47025 -0.12659 -0.30601 -298221030403439287764919580870848806912.00000
0.46589 -0.10243 -0.31110 -304882868967397093522346751344745906176.00000
0.47605 -0.10606 -0.31158 -302213987817290984817941228337024204800.00000
0.47608 -0.08430 -0.32647 -306217268977630940571208664954104184832.00000
0.48322 -0.09789 -0.32256 -303548387827524831866803141946382483456.00000
0.47905 -0.06184 -0.32861 -304882808120168282567335479502992048128.00000
0.48714 -0.07528 -0.32575 -306217248695221336919538241006852898816.00000
0.48155 -0.05088 -0.33197 -299550359811272221896175507667385581568.00000
0.49188 -0.04057 -0.33016 -307530920082840251961226880525396869120.00000
0.47938 -0.02708 -0.32573 -307536213791746805047207530757982519296.00000
0.49055 -0.02834 -0.32684 -310194608936087825838003873036789350400.00000
0.46282 -0.00304 -0.29321 -292888602376952830745430032982493626368.00000
0.47883 0.00722 -0.30446 -302224352128598450821527865382431358976.00000
0.46120 0.01775 -0.29002 -303548387827524831866803141946382483456.00000
0.47095 0.02868 -0.29060 -304882828402577886219005903450243334144.00000
0.45979 0.04862 -0.28884 -295562635259098266974123238592041975808.00000
0.47300 0.03971 -0.29481 -299550278681633807289493811878380437504.00000
0.46955 0.07282 -0.30965 -284881958926634504632213463959328522240.00000
0.48460 0.06466 -0.31752 -298221091250668098719930852712602664960.00000
0.47300 0.08539 -0.31777 -283547538633991053931681126402718957568.00000
0.48410 0.10004 -0.32109 -294212638075879211790705309546444750848.00000
0.46773 0.11765 -0.31351 -290219741509256325692694933922023211008.00000
0.47796 0.12112 -0.31395 -283557943510117727238608611342628683776.00000
0.46355 0.13864 -0.31044 -295552230382971593667195753652132249600.00000
0.47443 0.13113 -0.30980 -284902788961297454897738857786399260672.00000
0.46370 0.16323 -0.31694 -296871033220220232581501651825251581952.00000
0.47513 0.15642 -0.31675 -292867752059880276828234215208171601920.00000
0.45921 0.17189 -0.31135 -296865820640952094102202697381671075840.00000
0.46378 0.18522 -0.30519 -290198870909774168123828692200449900544.00000
0.44476 0.19510 -0.29314 -294186554897128915742540113381290934272.00000
0.45589 0.19029 -0.29352 -298195109483965820930117776283705278464.00000
0.48019 -0.22792 -0.33263 -304882726990529867960653783713986904064.00000
0.48342 -0.21634 -0.33397 -304882706708120264308983359766735618048.00000
0.47877 -0.19659 -0.32066 -303543114401027882432492915661048119296.00000
0.48461 -0.18417 -0.30786 -303548347262705624563462294051879911424.00000
0.47381 -0.16431 -0.30360 -302208673825974828080290154157187268608.00000
0.48038 -0.16664 -0.29679 -300879466112599515859056771044158210048.00000
0.47846 -0.14223 -0.30542 -303543114401027882432492915661048119296.00000
0.48039 -0.13093 -0.30593 -303543154965847089735833763555550691328.00000
0.48661 -0.10984 -0.31176 -306217309542450147874549512848606756864.00000
0.49413 -0.11178 -0.30581 -303553519277154555739420400600957845504.00000
0.49090 -0.09971 -0.31703 -300879506677418723162397618938660782080.00000
0.50287 -0.09083 -0.31611 -300879486395009119510727194991409496064.00000
0.49851 -0.07815 -0.32638 -302213947252471777514600380442521632768.00000
0.51018 -0.06817 -0.32476 -302213947252471777514600380442521632768.00000
0.50117 -0.05410 -0.32796 -307546476691006252792442048067133243392.00000
0.50020 -0.04151 -0.32513 -308865299810664495358418370187503861760.00000
0.50040 -0.01718 -0.32393 -308870512389932633837717324631084367872.00000
0.51076 -0.03039 -0.32232 -307546476691006252792442048067133243392.00000
0.49507 -0.00472 -0.31439 -306217248695221336919538241006852898816.00000
0.50672 -0.00522 -0.31471 -302213926970062173862929956495270346752.00000
0.48414 0.01838 -0.29557 -303543134683437486084163339608299405312.00000
0.50418 0.03108 -0.31075 -294228093271997194363568357351924695040.00000
0.49108 0.05351 -0.30900 -302213947252471777514600380442521632768.00000
0.50680 0.04356 -0.31554 -304887959852207610091623162104818696192.00000
0.49578 0.06649 -0.31807 -304893233278704559525933388390153060352.00000
0.50538 0.08029 -0.31617 -299534701791058202806608220389392777216.00000
0.49796 0.09168 -0.32456 -298205554924911701540386109118117576704.00000
0.50626 0.09316 -0.31908 -296876225517078767409130182321580802048.00000
0.49207 0.11405 -0.31801 -294223063234415488749303218433605763072.00000
0.49964 0.12845 -0.31389 -288890412101423391561439007125486436352.00000
0.48374 0.14691 -0.31053 -290230105820563791696281570967430365184.00000
0.49116 0.14913 -0.30458 -294212556946240797184023613757439606784.00000
0.48236 0.15873 -0.31095 -294217810090328142966663416095522684928.00000
0.48781 0.17287 -0.30471 -291533311484827222476031453704310751232.00000
0.47335 0.19051 -0.30456 -291522947173519756472444816658903597056.00000
0.48567 0.18451 -0.30429 -280857827449221994961750209567926517760.00000
0.47422 0.20102 -0.29137 -290193739460144444251211433545874538496.00000
0.46826 0.20844 -0.28459 -290209296068310445082426601087610912768.00000
0.45365 0.20974 -0.27929 -291533311484827222476031453704310751232.00000
0.49715 -0.23791 -0.32310 -295567746426318387195070073299366051840.00000
0.51208 -0.23353 -0.32337 -296881417813937302236758712817910022144.00000
0.49996 -0.20973 -0.31898 -290209174373852823172404057404103196672.00000
0.50588 -0.19641 -0.30524 -292888460400085605183737065351734624256.00000
0.49054 -0.17207 -0.29562 -296876164669849956454118910479826944000.00000
0.50106 -0.17768 -0.29406 -295552149253333179060514057863127105536.00000
0.50560 -0.14263 -0.31085 -299545045819956065158524433487548645376.00000
0.51717 -0.14758 -0.30979 -299555470978492342117122342374709657600.00000
0.50747 -0.13029 -0.31115 -296881356966708491281747440976156164096.00000
0.52083 -0.12200 -0.31022 -298210605244903010806321671983687794688.00000
0.51818 -0.10710 -0.30404 -300879506677418723162397618938660782080.00000
0.52295 -0.09595 -0.30921 -300879506677418723162397618938660782080.00000
0.51868 -0.06956 -0.31875 -300879506677418723162397618938660782080.00000
0.52727 -0.07096 -0.31235 -299545106667184876113535705329302503424.00000
0.52191 -0.05749 -0.32243 -306191266928519059129725164577955512320.00000
0.53069 -0.05870 -0.31609 -306206945231142681870962875803199602688.00000
0.52120 -0.01864 -0.31872 -298205433230454079630363565434609860608.00000
0.53605 -0.03321 -0.32203 -295541805224435316708597844764971237376.00000
0.51960 0.00684 -0.31567 -296886610110795837064387243314239242240.00000
0.53934 -0.00679 -0.32579 -302219220678968726948910606727855996928.00000
0.52350 0.01962 -0.32175 -295562574411869456019111966750288117760.00000
0.54044 0.02011 -0.32728 -299555470978492342117122342374709657600.00000
0.51890 0.04470 -0.31546 -307562053581581857275327639556120903680.00000
0.53400 0.05952 -0.31942 -299545045819956065158524433487548645376.00000
0.51954 0.07037 -0.31817 -306206884383913870915951603961445744640.00000
0.52975 0.08510 -0.31535 -288874774363618976123542143794744918016.00000
0.51875 0.10933 -0.32131 -296870992655401025278160803930749009920.00000
0.52733 0.11108 -0.31484 -290204022641813495648116374802276548608.00000
0.51111 0.13231 -0.31332 -294196898926026778094456326479446802432.00000
0.52350 0.12293 -0.31100 -288869582066760441295913613298415697920.00000
0.50672 0.14315 -0.30870 -294207303802153451401383811419356528640.00000
0.51323 0.15807 -0.30240 -291538483499276153651989560253388685312.00000
0.50036 0.16580 -0.30381 -291538503781685757303659984200639971328.00000
0.50568 0.18039 -0.29647 -282202632335582515317539608117194522624.00000
0.49266 0.18702 -0.29743 -284871554050507831325285979019418796032.00000
0.49684 0.20108 -0.28912 -282223502935064672886405849838767833088.00000
0.48383 0.20662 -0.28975 -291554202366718983696568119373135347712.00000
0.49373 0.21239 -0.28774 -282223523217474276538076273786019119104.00000
0.47729 0.22803 -0.28652 -286221591798546093812044755959518593024.00000
0.47951 0.24080 -0.27653 -282213118341347603231148788846109392896.00000
0.54440 -0.29468 -0.34136 -299550116422356978076130420300370149376.00000
0.51957 -0.25363 -0.31958 -296891680713196749981993230127060746240.00000
0.53580 -0.24919 -0.31921 -299550197551995392682812116089375293440.00000
0.52768 -0.22858 -0.32328 -299550258399224203637823387931129151488.00000
0.54392 -0.22297 -0.32274 -295536511515528763622617194532385587200.00000
0.52512 -0.19448 -0.31177 -292878055523958931876809580411824898048.00000
0.53578 -0.18425 -0.30423 -298205392665634872327022717540107288576.00000
0.53579 -0.17210 -0.32090 -292883247820817466704438110908154118144.00000
0.54367 -0.17460 -0.31211 -298205392665634872327022717540107288576.00000
0.54031 -0.14495 -0.32173 -307536031250060372182173715232720945152.00000
0.55531 -0.13589 -0.32001 -303532709524901209125565430721138393088.00000
0.53446 -0.11297 -0.30866 -307541243829328510661472669676301451264.00000
0.54832 -0.10314 -0.30640 -311555031277843157980019710969547587584.00000
0.54005 -0.07370 -0.31134 -299550359811272221896175507667385581568.00000
0.54886 -0.08916 -0.30543 -300884759821506068945037421276743860224.00000
0.54686 -0.04803 -0.31849 -304877757800176973301399916637421830144.00000
0.56184 -0.06470 -0.31988 -295541784942025713056927420817719951360.00000
0.55152 -0.02113 -0.32347 -303553722101250592256124640073470705664.00000
0.56809 -0.03702 -0.32620 -294202233199752538483777824606535024640.00000
0.55387 0.00652 -0.32615 -300895225544861553206976178058407444480.00000
0.56811 0.00639 -0.32501 -296881377249118094933417864923407450112.00000
0.55858 0.02063 -0.33275 -300879506677418723162397618938660782080.00000
0.56807 0.03526 -0.32530 -296907419863049183678242213194058694656.00000
0.55294 0.04828 -0.32574 -286211004380732987640083455494347292672.00000
0.56549 0.06382 -0.32316 -286231895262624748860620121163171889152.00000
0.54265 0.08763 -0.31431 -286237229536350509249941619290260111360.00000
0.55175 0.08902 -0.30713 -296897116398970528629666847990405398528.00000
0.53957 0.10041 -0.31139 -270213537759587183716580996304020176896.00000
0.54849 0.10200 -0.30416 -292893794673811365573058563478822846464.00000
0.53589 0.12665 -0.30968 -284871554050507831325285979019418796032.00000
0.55308 0.13245 -0.31375 -294212597511060004487364461651942178816.00000
0.52484 0.16277 -0.30069 -292867792624699484131575063102674173952.00000
0.55144 0.16134 -0.31596 -290204063206632702951457222696779120640.00000
0.51674 0.18564 -0.29448 -282202672900401722620880456011697094656.00000
0.53066 0.17819 -0.29266 -286205994625560885677488740523279646720.00000
0.51103 0.21002 -0.29247 -278209776333778836522870080387275554816.00000
0.53368 0.21032 -0.30290 -286205994625560885677488740523279646720.00000
0.51205 0.24129 -0.30149 -280883870063153083706574557838577762304.00000
0.53603 0.24418 -0.31340 -286205994625560885677488740523279646720.00000
0.51239 0.25756 -0.30619 -282213118341347603231148788846109392896.00000
0.51458 0.27196 -0.29457 -279533791750295613916474933003975393280.00000
0.58660 -0.33210 -0.35607 -300894921308717498431919818849638154240.00000
0.55585 -0.28352 -0.33140 -303553458429925744784409128759203987456.00000
0.56757 -0.27224 -0.32144 -302219078702101501387217639097096994816.00000
0.55274 -0.24413 -0.31839 -299550197551995392682812116089375293440.00000
0.57039 -0.23837 -0.31704 -300879486395009119510727194991409496064.00000
0.55518 -0.21212 -0.31417 -296891782125244768240345349863317176320.00000
0.57234 -0.20516 -0.31255 -299550197551995392682812116089375293440.00000
0.57597 -0.17706 -0.33197 -303553559841973763042761248495460417536.00000
0.58170 -0.19473 -0.32109 -302229463295818571042474700089755435008.00000
0.57823 -0.16186 -0.33212 -302213926970062173862929956495270346752.00000
0.59510 -0.15188 -0.32939 -299550238116814599986152963983877865472.00000
0.58133 -0.13099 -0.33126 -303548367545115228215132717999131197440.00000
0.60951 -0.12473 -0.34242 -299545045819956065158524433487548645376.00000
0.57200 -0.09601 -0.31562 -304882828402577886219005903450243334144.00000
0.60310 -0.08921 -0.33133 -302208714390794035383631002051689840640.00000
0.57490 -0.05211 -0.31539 -302208815802842053641983121787946270720.00000
0.59107 -0.06995 -0.31571 -300879547242237930465738466833163354112.00000
0.58527 -0.02390 -0.32686 -299545147232004083416876553223805075456.00000
0.59824 -0.04038 -0.32230 -300874436075017810244791632125839278080.00000
0.58191 -0.00861 -0.32228 -300879506677418723162397618938660782080.00000
0.59304 0.00620 -0.31498 -299545045819956065158524433487548645376.00000
0.58831 0.02123 -0.30947 -298210625527312614457992095930939080704.00000
0.58792 0.03619 -0.30928 -299555470978492342117122342374709657600.00000
0.57523 0.06480 -0.31535 -295562574411869456019111966750288117760.00000
0.58682 0.05106 -0.30848 -299565896137028619075720251261870669824.00000
0.56826 0.07794 -0.30757 -302213947252471777514600380442521632768.00000
0.57940 0.09442 -0.30245 -303527537510452277949607324172060459008.00000
0.56220 0.11977 -0.30403 -295541764659616109405256996870468665344.00000
0.58043 0.10982 -0.30503 -300874273815740981031428240547828989952.00000
0.57088 0.15387 -0.31899 -288874774363618976123542143794744918016.00000
0.59662 0.14766 -0.32792 -294207283519743847749713387472105242624.00000
0.58015 0.17472 -0.33330 -286205933778332074722477468681525788672.00000
0.60700 0.18675 -0.34512 -283552649801211174152627961110043033600.00000
0.57421 0.22124 -0.33432 -283542326054722915452382171959138451456.00000
0.59469 0.23252 -0.33885 -284871554050507831325285979019418796032.00000
0.57131 0.23637 -0.33391 -288869663196398855902595309087420841984.00000
0.57605 0.25420 -0.32239 -283537072910635569669742369621055373312.00000
0.56030 0.28023 -0.33081 -284861108609561950715017646185006497792.00000
0.56775 0.28313 -0.31955 -279549368640871218399360524492963053568.00000
0.55035 0.28851 -0.32145 -286195549184615005067220407688867348480.00000
0.56310 0.29713 -0.31776 -282213098058937999579478364898858106880.00000
0.53024 0.30256 -0.30241 -279544216908831890875072841891136405504.00000
0.55300 0.32417 -0.31356 -274206474891029277117932219822944288768.00000
0.61502 -0.38153 -0.37478 -292888277858399172318703249826473050112.00000
0.61087 -0.35367 -0.36395 -300894921308717498431919818849638154240.00000
0.60722 -0.32769 -0.35426 -298215675847303923723927658796509298688.00000
0.60332 -0.29827 -0.32223 -300884617844638843383344453645984858112.00000
0.58637 -0.26696 -0.31969 -295536511515528763622617194532385587200.00000
0.60594 -0.26088 -0.31730 -300874273815740981031428240547828989952.00000
0.58872 -0.23182 -0.31508 -298210605244903010806321671983687794688.00000
0.60769 -0.22441 -0.31241 -298215756976942338330609354585514442752.00000
0.61283 -0.19420 -0.33396 -300895002438355913038601514638643298304.00000
0.61860 -0.21334 -0.32144 -295552068123694764453832362074121961472.00000
0.60865 -0.17386 -0.32637 -296896893292464888461292184570641252352.00000
0.64129 -0.17046 -0.33813 -303532729807310812777235854668389679104.00000
0.62616 -0.12952 -0.33960 -304872464091270420215419266404836179968.00000
0.63547 -0.14929 -0.32956 -302193157782628034552415834509953466368.00000
0.63227 -0.09663 -0.34305 -304861998367914935953480509623172595712.00000
0.64293 -0.09837 -0.33218 -302203562658754707859343319449863192576.00000
0.63090 -0.07891 -0.34015 -308860066948986753227448991796672069632.00000
0.65568 -0.08390 -0.34436 -300869061236472842552129286104248483840.00000
0.64197 -0.02904 -0.34983 -295546997521293851536226375261300457472.00000
0.65729 -0.04808 -0.34404 -303543154965847089735833763555550691328.00000
0.61882 -0.01028 -0.32364 -292888582094543227093759609035242340352.00000
0.63067 0.00586 -0.31483 -300884759821506068945037421276743860224.00000
0.60850 0.03754 -0.31232 -294228194684045212621920477088181125120.00000
0.62507 0.02222 -0.30899 -302219200396559123297240182780604710912.00000
0.61079 0.06963 -0.31608 -292893733826582554618047291637068988416.00000
0.62916 0.05544 -0.31406 -302224352128598450821527865382431358976.00000
0.60450 0.10020 -0.31113 -292878116371187742831820852253578756096.00000
0.63227 0.10659 -0.32017 -294212496099011986229012341915685748736.00000
0.62432 0.14005 -0.33656 -298184603195791129364838171607539122176.00000
0.63383 0.12432 -0.32324 -296870952090581817974819956036246437888.00000
0.62424 0.17531 -0.34061 -292872863227100397049181049915495677952.00000
0.64859 0.16582 -0.34262 -286190296040527659284580605350784270336.00000
0.63706 0.20024 -0.35785 -288874855493257390730223839583750062080.00000
0.64570 0.22149 -0.34687 -247502045934573378287650550362237042688.00000
0.61948 0.22761 -0.34322 -287535263186165008853733395478062563328.00000
0.62587 0.24771 -0.33106 -286205994625560885677488740523279646720.00000
0.59640 0.26719 -0.32606 -279533751185476406613134085109472821248.00000
0.61536 0.25941 -0.32262 -286205974343151282025818316576028360704.00000
0.58761 0.29770 -0.32324 -275546046915712055342752239981380501504.00000
0.61392 0.29751 -0.32832 -278214928065818164047157762989102202880.00000
0.59645 0.32622 -0.33851 -279544216908831890875072841891136405504.00000
0.62233 0.36953 -0.35144 -280878657483884945227275603394997256192.00000
0.60828 0.37685 -0.33977 -279544237191241494526743265838387691520.00000
0.65016 -0.41064 -0.36704 -299550116422356978076130420300370149376.00000
0.67494 -0.40679 -0.36319 -300879344418141893949034227360650493952.00000
0.64041 -0.35178 -0.34577 -299555308719215512903758950796699369472.00000
0.67479 -0.35668 -0.35326 -299550116422356978076130420300370149376.00000
0.62943 -0.27657 -0.32114 -300884556997410032428333181804231000064.00000
0.65503 -0.29370 -0.32485 -298215675847303923723927658796509298688.00000
0.63428 -0.26006 -0.32271 -300884577279819636080003605751482286080.00000
0.66466 -0.25815 -0.32746 -300884597562229239731674029698733572096.00000
0.64265 -0.22607 -0.32500 -298215736694532734678938930638263156736.00000
0.65527 -0.21134 -0.31228 -299550197551995392682812116089375293440.00000
0.65905 -0.17687 -0.33381 -299555470978492342117122342374709657600.00000
0.66903 -0.17942 -0.32062 -294217647831051313753300024517512396800.00000
0.66053 -0.15831 -0.33306 -298215878671399960240631898269022158848.00000
0.67178 -0.14185 -0.31912 -298220989838620080461578732976346234880.00000
0.65402 -0.11839 -0.32270 -292893774391401761921388139531571560448.00000
0.67156 -0.10399 -0.31571 -296886549263567026109375971472485384192.00000
0.67446 -0.08732 -0.34032 -299550258399224203637823387931129151488.00000
0.67969 -0.06960 -0.34442 -303548367545115228215132717999131197440.00000
0.68735 -0.03278 -0.35048 -306217228412811733267867817059601612800.00000
0.71282 -0.05497 -0.35120 -302213926970062173862929956495270346752.00000
0.68181 -0.01342 -0.34457 -303543114401027882432492915661048119296.00000
0.70318 0.00513 -0.34095 -300884678691867654338355725487738716160.00000
0.65465 0.02310 -0.31755 -303548387827524831866803141946382483456.00000
0.68686 0.04281 -0.32607 -298215777259351941982279778532765728768.00000
0.67103 0.07864 -0.33534 -299545025537546461506854009540297359360.00000
0.68515 0.06141 -0.32498 -294217688395870521056640872412014968832.00000
0.67494 0.09803 -0.34021 -300884638127048447035014877593236144128.00000
0.69759 0.12164 -0.33957 -295562493282231041412430270961282973696.00000
0.66624 0.15204 -0.33587 -300853504628306841720914118562512109568.00000
0.68491 0.15708 -0.33070 -288890391819013787909768583178235150336.00000
0.68532 0.17704 -0.33298 -286221551233726886508703908065016020992.00000
0.68493 0.19698 -0.33475 -280883809215924272751563285996823904256.00000
0.66524 0.20981 -0.34137 -283531941461005845797125110966480011264.00000
0.67548 0.21259 -0.32802 -283526708599328103666155732575648219136.00000
0.64225 0.25571 -0.32613 -286195610031843816022231679530621206528.00000
0.66260 0.24575 -0.32083 -280857827449221994961750209567926517760.00000
0.63423 0.29019 -0.32444 -284855977159932226842400387530431135744.00000
0.67230 0.29432 -0.33674 -282187035162597307182983592680955576320.00000
0.65894 0.35479 -0.35918 -284871493203279020370274707177664937984.00000
0.68234 0.34752 -0.35445 -283531758919319412932091295441218437120.00000
0.64435 0.36415 -0.34777 -284871472920869416718604283230413651968.00000
0.64602 0.38441 -0.33029 -284866219776782070935964480892330573824.00000
0.61748 0.40518 -0.33250 -280857786884402787658409361673423945728.00000
0.64946 0.41207 -0.33878 -282192166612227031055600851335530938368.00000
0.69641 -0.47971 -0.37008 -303543012988979864174140795924791689216.00000
0.70253 -0.45821 -0.37054 -302208552131517206170267610473679552512.00000
0.74639 -0.47066 -0.37958 -302213744428375740997896140970008772608.00000
0.71433 -0.41525 -0.37165 -300879344418141893949034227360650493952.00000
0.74231 -0.40943 -0.36583 -294212354122144760667319374284926746624.00000
0.68838 -0.34041 -0.33744 -300879344418141893949034227360650493952.00000
0.73908 -0.35320 -0.35430 -298210605244903010806321671983687794688.00000
0.71014 -0.30994 -0.35025 -299550116422356978076130420300370149376.00000
0.76156 -0.31802 -0.36650 -296876164669849956454118910479826944000.00000
0.69712 -0.25498 -0.33138 -303553478712335348436079552706455273472.00000
0.74318 -0.25696 -0.34412 -299550238116814599986152963983877865472.00000
0.68492 -0.20523 -0.31468 -298215756976942338330609354585514442752.00000
0.70653 -0.19297 -0.30779 -298200220651185941151064610991029354496.00000
0.68931 -0.16672 -0.31416 -298215736694532734678938930638263156736.00000
0.70962 -0.15275 -0.30643 -304872423526451212912078418510333607936.00000
0.69068 -0.12762 -0.31179 -302219038137282294083876791202594422784.00000
0.70934 -0.11217 -0.30313 -304872423526451212912078418510333607936.00000
0.72003 -0.07556 -0.33393 -299545045819956065158524433487548645376.00000
0.72551 -0.09612 -0.31531 -303548367545115228215132717999131197440.00000
0.74651 -0.05845 -0.33077 -303548367545115228215132717999131197440.00000
0.75059 -0.03773 -0.33350 -304882808120168282567335479502992048128.00000
0.73146 -0.01569 -0.34207 -304882808120168282567335479502992048128.00000
0.75345 -0.01665 -0.33546 -304882808120168282567335479502992048128.00000
0.72427 0.02517 -0.33565 -298246991887731961903062233352494907392.00000
0.75452 0.04741 -0.33651 -298215797541761545633950202480017014784.00000
0.73666 0.08825 -0.34810 -294233326133674936494537735742756487168.00000
0.76238 0.06984 -0.34350 -295546916391655436929544679472295313408.00000
0.72687 0.12808 -0.34170 -288900776412730857565025644170893590528.00000
0.75852 0.13505 -0.34329 -287576801561033287474761639448696324096.00000
0.72040 0.14711 -0.33742 -287566335837677803212822882667032739840.00000
0.74325 0.17447 -0.33370 -287550718382282991426596443283542507520.00000
0.70462 0.18295 -0.32690 -296881417813937302236758712817910022144.00000
0.72456 0.18907 -0.31989 -290209174373852823172404057404103196672.00000
0.68329 0.23466 -0.31446 -283510989731885273621577173455901556736.00000
0.70173 0.24232 -0.30724 -275509538578425482335989134929065672704.00000
0.67664 0.27254 -0.31396 -287509119160185901850556927471154888704.00000
0.69854 0.26202 -0.30713 -274180310582640566463085327868785328128.00000
0.67659 0.31608 -0.32050 -290177959745472803251621602584374018048.00000
0.69970 0.30721 -0.31413 -275525135751410690470545150365304619008.00000
0.69101 0.35069 -0.33794 -286190275758118055632910181403532984320.00000
0.69348 0.37286 -0.31949 -280862979181261322486037892169753165824.00000
0.66292 0.39696 -0.32356 -283516283440791826707557823688487206912.00000
0.66983 0.39945 -0.30627 -279513022562861474605960811018658512896.00000
0.66677 0.42579 -0.33213 -282181863148148376007025486131877642240.00000
0.65997 0.44384 -0.33037 -275514893134560846376981057003405180928.00000
0.77674 -0.46565 -0.37263 -288884996698059216565435813209393070080.00000
0.82762 -0.47657 -0.37965 -290214326105892150696691740005929844736.00000
0.78758 -0.41602 -0.37242 -296881316401889283978406593081653592064.00000
0.79248 -0.39113 -0.37222 -298210605244903010806321671983687794688.00000
0.81685 -0.35183 -0.38440 -302208714390794035383631002051689840640.00000
0.82328 -0.38139 -0.36345 -300858656360346169245201801164338757632.00000
0.80411 -0.31577 -0.37052 -303548367545115228215132717999131197440.00000
0.86552 -0.35033 -0.38832 -306196418660558386654012847179782160384.00000
0.80859 -0.26493 -0.36796 -307551689270274391271741002510713749504.00000
0.86824 -0.26427 -0.38121 -303543154965847089735833763555550691328.00000
0.74891 -0.18811 -0.31586 -303537982951398158559875657006472757248.00000
0.77149 -0.17244 -0.30576 -306212036115953198440239286563272392704.00000
0.73857 -0.11913 -0.30279 -304872423526451212912078418510333607936.00000
0.75015 -0.14267 -0.28859 -304877595540900144088036525059411542016.00000
0.76318 -0.08195 -0.31961 -304872423526451212912078418510333607936.00000
0.80140 -0.11171 -0.32312 -299545066102365668810194857434799931392.00000
0.76879 -0.06097 -0.32311 -300879506677418723162397618938660782080.00000
0.80321 -0.06523 -0.32255 -300889911553545396469325103878570508288.00000
0.77789 0.00446 -0.32894 -296896994704512906719644304306897682432.00000
0.81121 -0.01930 -0.32729 -303548387827524831866803141946382483456.00000
0.77825 0.02665 -0.32927 -298231435279565961071847065810758533120.00000
0.81229 0.05112 -0.32823 -298215777259351941982279778532765728768.00000
0.79305 0.09605 -0.34221 -303527456380813863342925628383055314944.00000
0.83428 0.07738 -0.34453 -299550197551995392682812116089375293440.00000
0.78790 0.11817 -0.33922 -298194886377460180761743112863941132288.00000
0.85737 0.15785 -0.36423 -288895482703824304479044993938307940352.00000
0.77386 0.16048 -0.33095 -288895502986233908130715417885559226368.00000
0.77651 0.18273 -0.30857 -283573500118283728069823778884365058048.00000
0.74512 0.19540 -0.31190 -282218209226158119800425199606182182912.00000
0.76630 0.20194 -0.30285 -282218290355796534407106895395187326976.00000
0.73060 0.25562 -0.30699 -272846011984454737672575533995683479552.00000
0.76429 0.24755 -0.30548 -282187136574645325441335712417212006400.00000
0.72735 0.27653 -0.30701 -267513462263510658743063442423820582912.00000
0.72335 0.29713 -0.30661 -271511571409401683320372772491822628864.00000
0.73575 0.35410 -0.32327 -279523386874168940609547448064065667072.00000
0.77475 0.35320 -0.32451 -275520065149009777552939163552483115008.00000
0.73650 0.40634 -0.33158 -278194179160793628388314064951036608512.00000
0.76402 0.39853 -0.32333 -275525338575506726987249389837817479168.00000
0.71063 0.43557 -0.31810 -263531051702652860558662247528313913344.00000
0.76563 0.45579 -0.33275 -262207036286136083165057394911614074880.00000
0.86172 -0.46881 -0.36970 -291533210072779204217679333968054321152.00000
0.92020 -0.47716 -0.37360 -286200660351835125288167242396191424512.00000
0.87375 -0.38251 -0.36646 -299524215785293114892999039660477906944.00000
0.90094 -0.42929 -0.35688 -290203982076994288344775526907773976576.00000
0.91787 -0.34686 -0.39065 -299550217834404996334482540036626579456.00000
0.92826 -0.38181 -0.36778 -295541724094796902101916148975966093312.00000
0.91802 -0.31553 -0.38768 -298215756976942338330609354585514442752.00000
0.95029 -0.29696 -0.37315 -296876164669849956454118910479826944000.00000
0.93506 -0.26151 -0.39403 -298215756976942338330609354585514442752.00000
0.96544 -0.23992 -0.37808 -300879486395009119510727194991409496064.00000
0.92726 -0.19825 -0.38444 -304882767555349075263994631608489476096.00000
0.93544 -0.16952 -0.35570 -299545045819956065158524433487548645376.00000
0.85269 -0.12245 -0.33114 -304893233278704559525933388390153060352.00000
0.90450 -0.10560 -0.33400 -294212556946240797184023613757439606784.00000
0.83272 -0.04443 -0.31529 -298210625527312614457992095930939080704.00000
0.85294 -0.07092 -0.30122 -298210666092131821761332943825441652736.00000
0.83621 -0.02040 -0.31724 -300869101801292049855470133998751055872.00000
0.83814 0.00390 -0.31837 -299534640943829391851596948547638919168.00000
0.86379 0.05469 -0.33580 -296881336684298887630077017028904878080.00000
0.89287 0.02992 -0.32484 -296876164669849956454118910479826944000.00000
0.95198 0.12057 -0.39607 -298215716412123131027268506691011870720.00000
0.95387 0.09047 -0.36336 -294207283519743847749713387472105242624.00000
0.92688 0.14517 -0.38035 -296891680713196749981993230127060746240.00000
0.93208 0.17402 -0.35289 -291548827528174016003905773351544553472.00000
0.86120 0.18374 -0.33892 -288905968709589392392654174667222810624.00000
0.88874 0.19041 -0.32726 -292883288385636674007778958802656690176.00000
0.85354 0.26128 -0.33942 -276885760917262059129265227770575716352.00000
0.89725 0.27809 -0.33823 -275551300059799401125392042319463579648.00000
0.86923 0.29635 -0.35262 -278199391740061766867613019394617114624.00000
0.87982 0.32796 -0.33201 -276849374274433108032524666401768603648.00000
0.83158 0.36039 -0.33501 -271506358830133544841073818048242122752.00000
0.86100 0.34661 -0.32261 -274164875668932187541892704010556669952.00000
0.82287 0.41200 -0.33563 -276849333709613900729183818507266031616.00000
0.85363 0.40078 -0.32393 -272835647673147271668988896950276325376.00000
0.79535 0.44877 -0.32337 -266199932852758969263067770536035614720.00000
0.82604 0.44040 -0.31256 -268853216829879869832917278107518369792.00000
0.98638 -0.34442 -0.36383 -290193577200867615037848041967864250368.00000
1.02109 -0.32415 -0.34575 -284850703733435277408090161245096771584.00000
1.00072 -0.25068 -0.36507 -290203982076994288344775526907773976576.00000
1.01798 -0.28858 -0.34181 -282181822583329168703684638237375070208.00000
1.00987 -0.18831 -0.36681 -287535100926888179640370003900052275200.00000
1.03123 -0.22594 -0.34505 -287519584883541386112495684252818472960.00000
1.02289 -0.15898 -0.37287 -286200680634244728939837666343442710528.00000
1.11327 -0.17813 -0.38538 -283521455455240757883515930237565140992.00000
0.92523 -0.08040 -0.31497 -287535141491707386943710851794554847232.00000
0.98012 -0.05730 -0.31283 -287519584883541386112495684252818472960.00000
0.95498 0.00275 -0.33079 -286195528902205401415549983741616062464.00000
0.98462 -0.02759 -0.31480 -283505837999845946097289490854074908672.00000
1.03472 0.03433 -0.37627 -287535100926888179640370003900052275200.00000
1.12190 0.07291 -0.38678 -279512981998042267302619963124155940864.00000
1.00123 0.12672 -0.35881 -287535100926888179640370003900052275200.00000
1.09101 0.10536 -0.37117 -278178541422989212950417201620295090176.00000
1.01405 0.16085 -0.36718 -292872863227100397049181049915495677952.00000
1.10035 0.17733 -0.37795 -298200240933595544802735034938280640512.00000
0.97778 0.24653 -0.35079 -278199351175242559564272171500114542592.00000
1.03474 0.26394 -0.34779 -286195630314253419673902103477872492544.00000
0.96550 0.30534 -0.34776 -276864971447418316167080681838007549952.00000
1.04132 0.30061 -0.35325 -284866402318468503800998296417592147968.00000
0.94685 0.32869 -0.33920 -280863141440538151699401283747763453952.00000
0.95817 0.36393 -0.31539 -272866983995984913499793895453513220096.00000
0.88491 0.38784 -0.31050 -272835688237966478972329744844778897408.00000
0.91322 0.40256 -0.29614 -266158394477890690642039526565401853952.00000
0.88078 0.41595 -0.31107 -274175321109878068152161036844968968192.00000
0.95184 0.46057 -0.32060 -274159784784121670972616293250483879936.00000
0.85162 0.45689 -0.29991 -270177333658444665484874250460474638336.00000
0.87177 0.50157 -0.28566 -255519398497162432482850963534081163264.00000
1.15175 -0.11042 -0.36322 -276838867986258416467245061725602447360.00000
1.16831 0.00059 -0.36984 -284829914263591534445905615312528605184.00000
1.24496 -0.04081 -0.36307 -264787445565551063283073660009226174464.00000
1.19912 0.03921 -0.38460 -280831865964929320823607557086280417280.00000
1.16084 0.11286 -0.36720 -274170088248200326021191658454137176064.00000
