# .PCD v0.7 - Point Cloud Data file format
VERSION 0.7
FIELDS x y z
SIZE 4 4 4
TYPE F F F
COUNT 1 1 1
WIDTH 702
HEIGHT 1
VIEWPOINT 0 0 0 1 0 0 0
POINTS 702
DATA ascii
0.35114 -0.06113 -0.28815 -290198911474593375427169540094952472576.00000
0.35603 -0.07063 -0.29223 -290198870909774168123828692200449900544.00000
0.35238 -0.05473 -0.29105 -288869663196398855902595309087420841984.00000
0.35683 -0.05579 -0.28959 -291538584911324171910341679989645115392.00000
0.35363 -0.04085 -0.29182 -283557902945298519935267763448126111744.00000
0.35815 -0.04170 -0.29050 -283547579198810261235021974297221529600.00000
0.35510 -0.01994 -0.29338 -291564586960436053351825180365793787904.00000
0.35997 -0.02791 -0.29477 -283557963792527330890279035289879969792.00000
0.35611 -0.00597 -0.29603 -287561265235276890295216895854211235840.00000
0.36079 -0.00625 -0.29493 -290235318399831930175580525411010871296.00000
0.35551 0.00121 -0.29272 -286226824660223835943014134350350385152.00000
0.36036 0.00821 -0.29235 -287561265235276890295216895854211235840.00000
0.35395 0.02206 -0.28580 -279549490335328840309383068176470769664.00000
0.35850 0.02227 -0.28477 -287556113503237562770929213252384587776.00000
0.35293 0.02873 -0.28177 -280883930910381894661585829680331620352.00000
0.35742 0.02906 -0.28075 -290219802356485136647706205763777069056.00000
0.35310 0.04264 -0.28479 -286221733775413319373737723590277595136.00000
0.35797 0.05057 -0.28683 -290214630342036205471748099214699134976.00000
0.35729 0.05747 -0.28570 -291559435228396725827537497763967139840.00000
0.35741 0.06493 -0.28836 -290214569494807394516736827372945276928.00000
0.35290 0.07142 -0.29211 -278215090325094993260521154567112491008.00000
0.35729 0.08006 -0.29310 -286205994625560885677488740523279646720.00000
0.35612 0.08676 -0.29093 -290198911474593375427169540094952472576.00000
0.35484 0.09332 -0.28854 -290198911474593375427169540094952472576.00000
0.36102 -0.08065 -0.29605 -290198870909774168123828692200449900544.00000
0.36054 -0.07192 -0.29046 -288864470899540321074966778591091621888.00000
0.36101 -0.06439 -0.28932 -292867792624699484131575063102674173952.00000
0.36266 -0.05014 -0.29083 -292873025486377226262544441493505966080.00000
0.36739 -0.05115 -0.28921 -292878197500826157438502548042583900160.00000
0.36382 -0.04325 -0.29341 -290219782074075532996035781816525783040.00000
0.36862 -0.04415 -0.29186 -294217891219966557573345111884527828992.00000
0.36579 -0.02905 -0.29783 -287561265235276890295216895854211235840.00000
0.37154 -0.02233 -0.29825 -294233407263313351101219431531761631232.00000
0.36665 -0.00675 -0.29805 -291569657562836966269431167178615291904.00000
0.37163 -0.00704 -0.29674 -292898926123441089445675822133398208512.00000
0.36595 0.00079 -0.29472 -291569698127656173572772015073117863936.00000
0.37114 0.00812 -0.29416 -291564546395616846048484332471291215872.00000
0.36522 0.01548 -0.29164 -295536673774805592835980586110395875328.00000
0.37013 0.01558 -0.29039 -302219281526197537903921878569609854976.00000
0.36267 0.03673 -0.28318 -294202233199752538483777824606535024640.00000
0.36881 0.03021 -0.28632 -290209316350720048734097025034862198784.00000
0.36320 0.04419 -0.28653 -295536673774805592835980586110395875328.00000
0.36842 0.05251 -0.28834 -294212638075879211790705309546444750848.00000
0.36190 0.05829 -0.28444 -296886731805253458974409786997746958336.00000
0.36675 0.06684 -0.28561 -295547078650932266142908071050305601536.00000
0.36303 0.07430 -0.29363 -291543756925773103086299786538723049472.00000
0.36782 0.07540 -0.29211 -292878197500826157438502548042583900160.00000
0.36029 0.09573 -0.29113 -291533352049646429779372301598813323264.00000
0.36637 0.09032 -0.29196 -291533352049646429779372301598813323264.00000
0.36337 0.10378 -0.28658 -291533352049646429779372301598813323264.00000
0.37698 -0.09579 -0.29968 -296860709473731973881255862674346999808.00000
0.37780 -0.08762 -0.29902 -299524459174208358713044127027493339136.00000
0.37224 -0.07683 -0.29567 -290193739460144444251211433545874538496.00000
0.37902 -0.07124 -0.29713 -292862620610250552955616956553596239872.00000
0.37195 -0.06001 -0.28886 -291543756925773103086299786538723049472.00000
0.37842 -0.05405 -0.28996 -290209275785900841430756177140359626752.00000
0.37354 -0.04508 -0.29019 -291554161801899776393227271478632775680.00000
0.37981 -0.03866 -0.29090 -298221111533077702371601276659853950976.00000
0.37575 -0.03043 -0.29483 -294228214966454816273590901035432411136.00000
0.38185 -0.02349 -0.29510 -295552169535742782712184481810378391552.00000
0.37737 -0.01528 -0.29836 -294228154119226005318579629193678553088.00000
0.38325 -0.00788 -0.29813 -296881478661166113191769984659663880192.00000
0.37741 0.00806 -0.29708 -284881979209044108283883887906579808256.00000
0.38269 0.00803 -0.29556 -287540455483023543681361925974391783424.00000
0.37627 0.02342 -0.29337 -278199351175242559564272171500114542592.00000
0.38281 0.01593 -0.29601 -262196489433142184296436942340945346560.00000
0.37454 0.03836 -0.28861 -295547078650932266142908071050305601536.00000
0.38088 0.03922 -0.29125 -299560825534627706158114264449049165824.00000
0.37403 0.04585 -0.28789 -295547078650932266142908071050305601536.00000
0.37336 0.05327 -0.28689 -292878197500826157438502548042583900160.00000
0.37756 0.06150 -0.28400 -291554182084309380044897695425884061696.00000
0.37656 0.06885 -0.28240 -291543756925773103086299786538723049472.00000
0.37272 0.07653 -0.29047 -292878197500826157438502548042583900160.00000
0.37641 0.08494 -0.28651 -294202233199752538483777824606535024640.00000
0.36966 0.09858 -0.28751 -294202233199752538483777824606535024640.00000
0.37450 0.10005 -0.28551 -295536673774805592835980586110395875328.00000
0.36626 0.11184 -0.28153 -294212638075879211790705309546444750848.00000
0.37276 0.10685 -0.28254 -298200362628053166712757578621788356608.00000
0.38242 -0.10731 -0.30243 -292862539480612138348935260764591095808.00000
0.38284 -0.08916 -0.29651 -303532871784178038338928822299148681216.00000
0.39012 -0.10222 -0.30424 -294202172352523727528766552764781166592.00000
0.39025 -0.08363 -0.29802 -300863990634071929634523299291426979840.00000
0.39088 -0.07509 -0.29714 -300863950069252722331182451396924407808.00000
0.38324 -0.06332 -0.28920 -300869142366111257158810981893253627904.00000
0.39020 -0.05713 -0.29019 -302203542376345104207672895502611906560.00000
0.38503 -0.03951 -0.28903 -302224412975827261776539137224185217024.00000
0.39037 -0.04039 -0.28702 -304877696952948162346388644795667972096.00000
0.38620 -0.03187 -0.29133 -302219220678968726948910606727855996928.00000
0.39267 -0.02471 -0.29142 -295552250665381197318866177599383535616.00000
0.38803 -0.01620 -0.29504 -292883288385636674007778958802656690176.00000
0.39425 -0.00854 -0.29460 -299555572390540360375474462110966087680.00000
0.38916 -0.00015 -0.29752 -304882990661854715432369295028253622272.00000
0.39508 0.00793 -0.29648 -306232967562664166964116800126599561216.00000
0.38952 0.02426 -0.29886 -299560825534627706158114264449049165824.00000
0.39521 0.01622 -0.29693 -306222582968947097308859739133941121024.00000
0.38793 0.03212 -0.29432 -302229706684733814862519787456770867200.00000
0.39444 0.04106 -0.29632 -306222582968947097308859739133941121024.00000
0.38692 0.04807 -0.29301 -302229706684733814862519787456770867200.00000
0.39024 0.05620 -0.28585 -304888122111484439304986553682828984320.00000
0.38286 0.07061 -0.28465 -290209296068310445082426601087610912768.00000
0.38812 0.07169 -0.28269 -294212597511060004487364461651942178816.00000
0.38146 0.08623 -0.28454 -292867792624699484131575063102674173952.00000
0.38811 0.08007 -0.28475 -295541825506844920360268268712222523392.00000
0.37823 0.10043 -0.27926 -292862620610250552955616956553596239872.00000
0.38499 0.09484 -0.27984 -294207425496611073311406355102864244736.00000
0.37564 0.11512 -0.27704 -290209275785900841430756177140359626752.00000
0.38047 0.11680 -0.27457 -296897096116560924977996424043154112512.00000
0.37829 0.12332 -0.27100 -294217850655147350270004263990025256960.00000
0.39266 -0.11087 -0.29628 -299545066102365668810194857434799931392.00000
0.39654 -0.12121 -0.29270 -302203542376345104207672895502611906560.00000
0.39478 -0.09377 -0.29582 -294202192634933331180436976712032452608.00000
0.40083 -0.10572 -0.29794 -294207303802153451401383811419356528640.00000
0.39629 -0.07650 -0.29453 -298205494077682890585374837276363718656.00000
0.40108 -0.08670 -0.29236 -295541825506844920360268268712222523392.00000
0.39838 -0.06890 -0.29825 -296876225517078767409130182321580802048.00000
0.40402 -0.07024 -0.29555 -294207344366972658704724659313859100672.00000
0.39731 -0.05055 -0.29089 -300879506677418723162397618938660782080.00000
0.40457 -0.04355 -0.29127 -299545086384775272461865281382051217408.00000
0.39827 -0.02534 -0.28937 -296881458378756509540099560712412594176.00000
0.40401 -0.02598 -0.28715 -304882868967397093522346751344745906176.00000
0.39921 -0.01716 -0.29115 -299550339528862618244505083720134295552.00000
0.40579 -0.00923 -0.29047 -308886190692556256578955035856328458240.00000
0.40050 -0.00053 -0.29374 -306222562686537493657189315186689835008.00000
0.40673 0.00785 -0.29243 -311555031277843157980019710969547587584.00000
0.40091 0.02479 -0.29511 -308886150127737049275614187961825886208.00000
0.40688 0.01646 -0.29289 -310220570420380499976146525518435450880.00000
0.40063 0.03323 -0.29489 -307551709552683994923411426457965035520.00000
0.40016 0.04163 -0.29433 -307551709552683994923411426457965035520.00000
0.39861 0.05821 -0.29223 -306217248695221336919538241006852898816.00000
0.40530 0.05070 -0.29127 -311555010995433554328349287022296301568.00000
0.39488 0.07355 -0.28467 -298210686374541425413003367772692938752.00000
0.40044 0.07469 -0.28237 -302208795520432449990312697840694984704.00000
0.39348 0.08131 -0.28256 -299539954935145548589248022727475855360.00000
0.39190 0.08889 -0.28016 -298215919236219167543972746163524730880.00000
0.39017 0.09629 -0.27750 -294217830372737746618333840042773970944.00000
0.39486 0.10622 -0.27599 -294228214966454816273590901035432411136.00000
0.38757 0.11169 -0.27539 -286226784095404628639673286455847813120.00000
0.39269 0.11336 -0.27269 -282223462370245465583065001944265261056.00000
0.38436 0.12652 -0.27227 -287550860359150216988289410914301509632.00000
0.38929 0.12835 -0.26935 -290224954088524464171993888365603717120.00000
0.40724 -0.13574 -0.28946 -272871953186337808159047762530078294016.00000
0.40322 -0.11452 -0.28938 -298195028354327406323436080494700134400.00000
0.40862 -0.11638 -0.28563 -291533311484827222476031453704310751232.00000
0.40453 -0.10584 -0.28956 -299524276632521925848010311502231764992.00000
0.41310 -0.10033 -0.29090 -294202192634933331180436976712032452608.00000
0.40918 -0.08064 -0.29348 -290209275785900841430756177140359626752.00000
0.41498 -0.08215 -0.29028 -290198870909774168123828692200449900544.00000
0.41195 -0.06354 -0.29628 -294217708678280124708311296359266254848.00000
0.41750 -0.07414 -0.29431 -294207344366972658704724659313859100672.00000
0.41393 -0.05524 -0.29959 -302224352128598450821527865382431358976.00000
0.42004 -0.05639 -0.29667 -304882828402577886219005903450243334144.00000
0.41193 -0.03613 -0.29129 -308886150127737049275614187961825886208.00000
0.41153 -0.02711 -0.28909 -307551709552683994923411426457965035520.00000
0.41177 -0.00959 -0.28816 -304882828402577886219005903450243334144.00000
0.41874 -0.01906 -0.28842 -304877615823309747739706949006662828032.00000
0.42030 -0.00127 -0.29120 -310215378123521965148517995022106230784.00000
0.42071 0.00774 -0.29204 -308880957830878514447985657465496666112.00000
0.41453 0.02555 -0.29509 -308875745251610375968686703021916160000.00000
0.42088 0.01679 -0.29250 -307546557820644667399123743856138387456.00000
0.41368 0.04323 -0.29421 -311544626401716484673092226029637861376.00000
0.41989 0.04385 -0.29168 -315537543250748974422773025601310687232.00000
0.41126 0.05145 -0.28892 -314213507551822593377497749037359562752.00000
0.41028 0.05999 -0.28762 -307541304676557321616483941518055309312.00000
0.40769 0.07667 -0.28403 -308875745251610375968686703021916160000.00000
0.41504 0.06946 -0.28337 -307541284394147717964813517570804023296.00000
0.40430 0.09267 -0.27919 -294212556946240797184023613757439606784.00000
0.41187 0.08609 -0.27901 -298210625527312614457992095930939080704.00000
0.40020 0.10783 -0.27320 -292893774391401761921388139531571560448.00000
0.40790 0.10191 -0.27343 -296881438096346905888429136765161308160.00000
0.39989 0.12631 -0.27840 -288890432383832995213109431072737722368.00000
0.40794 0.12087 -0.27900 -294228174401635608970250053140929839104.00000
0.39721 0.13326 -0.27438 -294217789807918539314992992148271398912.00000
0.40422 0.14711 -0.27938 -299539954935145548589248022727475855360.00000
0.40959 0.16393 -0.29790 -298205514360092494237045261223615004672.00000
0.42235 -0.15607 -0.29538 -300884698974277257990026149434990002176.00000
0.42445 -0.14688 -0.29637 -306217248695221336919538241006852898816.00000
0.41438 -0.12901 -0.28595 -292888602376952830745430032982493626368.00000
0.42591 -0.12604 -0.29247 -298205473795273286933704413329112432640.00000
0.41884 -0.10208 -0.28720 -296871094067449043536512923667005440000.00000
0.42466 -0.10384 -0.28329 -299539975217555152240918446674727141376.00000
0.42285 -0.08499 -0.29162 -303543276660304711645856307239058407424.00000
0.43683 -0.10243 -0.30868 -303543276660304711645856307239058407424.00000
0.43014 -0.06934 -0.30464 -303548408109934435518473565893633769472.00000
0.44315 -0.08484 -0.31807 -296876225517078767409130182321580802048.00000
0.43033 -0.05944 -0.30320 -303548387827524831866803141946382483456.00000
0.44594 -0.05416 -0.31852 -304882828402577886219005903450243334144.00000
0.42804 -0.03910 -0.29477 -310220590702790103627816949465686736896.00000
0.43822 -0.03131 -0.29873 -304882868967397093522346751344745906176.00000
0.42596 -0.01059 -0.28728 -306217268977630940571208664954104184832.00000
0.43538 -0.02094 -0.29153 -302213987817290984817941228337024204800.00000
0.42900 0.00767 -0.29377 -304882848684987489870676327397494620160.00000
0.43925 -0.00216 -0.29907 -306217309542450147874549512848606756864.00000
0.42908 0.02635 -0.29432 -312868702665462073021708350488091557888.00000
0.43773 0.02687 -0.29588 -307546557820644667399123743856138387456.00000
0.42873 0.03566 -0.29402 -316861578949675355468048302165261811712.00000
0.43668 0.04604 -0.29482 -307541324958966925268154365465306595328.00000
0.42537 0.05355 -0.28792 -307551709552683994923411426457965035520.00000
0.43451 0.06485 -0.29220 -303548387827524831866803141946382483456.00000
0.42290 0.07131 -0.28475 -306217248695221336919538241006852898816.00000
0.42937 0.08212 -0.28374 -304893233278704559525933388390153060352.00000
0.41777 0.08744 -0.27607 -295546956956474644232885527366797885440.00000
0.42710 0.10042 -0.28258 -292893733826582554618047291637068988416.00000
0.41448 0.11369 -0.27513 -294228174401635608970250053140929839104.00000
0.42388 0.11816 -0.28008 -294233366698494143797878583637259059200.00000
0.41412 0.13319 -0.28014 -295546997521293851536226375261300457472.00000
0.42164 0.13681 -0.28072 -296881438096346905888429136765161308160.00000
0.41128 0.15104 -0.27996 -298231536691613979330199185547014963200.00000
0.42409 0.14976 -0.28987 -295562655541507870625793662539293261824.00000
0.42270 0.17069 -0.29416 -296902328978238667108965802433985904640.00000
0.45671 -0.20020 -0.34088 -300879466112599515859056771044158210048.00000
0.43277 -0.16380 -0.30156 -294217688395870521056640872412014968832.00000
0.44117 -0.16900 -0.30180 -299555450696082738465451918427458371584.00000
0.43706 -0.14445 -0.30340 -282228614102284793107352684546091909120.00000
0.44309 -0.14662 -0.29815 -279559732952178684402947161538370207744.00000
0.44205 -0.11445 -0.30452 -303538043798626969514886928848226615296.00000
0.45109 -0.11836 -0.30528 -300874436075017810244791632125839278080.00000
0.44928 -0.09714 -0.31486 -295536633209986385532639738215893303296.00000
0.45507 -0.10968 -0.31077 -299539995499964755892588870621978427392.00000
0.46236 -0.09112 -0.32081 -304882828402577886219005903450243334144.00000
0.46562 -0.08127 -0.32531 -311555031277843157980019710969547587584.00000
0.45836 -0.06846 -0.32788 -304882828402577886219005903450243334144.00000
0.46838 -0.05951 -0.32730 -300874375227788999289780360284085420032.00000
0.45768 -0.04613 -0.32329 -304877717235357765998059068742919258112.00000
0.45693 -0.03511 -0.32051 -302208836085251657293653545735197556736.00000
0.45344 -0.02373 -0.31222 -300874395510198602941450784231336706048.00000
0.45704 -0.01326 -0.30041 -302208836085251657293653545735197556736.00000
0.45553 -0.00280 -0.29699 -298205514360092494237045261223615004672.00000
0.45607 0.00743 -0.29790 -300879608089466741420749738674917212160.00000
0.44898 0.02765 -0.30193 -296881478661166113191769984659663880192.00000
0.45628 0.01771 -0.29838 -304882950097035508129028447133751050240.00000
0.45240 0.04873 -0.31044 -302219200396559123297240182780604710912.00000
0.46051 0.03900 -0.30764 -295562655541507870625793662539293261824.00000
0.45229 0.06972 -0.31251 -298210625527312614457992095930939080704.00000
0.46357 0.06120 -0.31556 -295552210100561990015525329704880963584.00000
0.44382 0.07694 -0.29596 -299555450696082738465451918427458371584.00000
0.46061 0.09320 -0.31410 -295541784942025713056927420817719951360.00000
0.44610 0.10967 -0.30674 -291569698127656173572772015073117863936.00000
0.45566 0.10186 -0.30597 -296876225517078767409130182321580802048.00000
0.44722 0.13269 -0.31445 -291559293251529500265844530133208137728.00000
0.45737 0.12544 -0.31420 -292872924074329208004192321757249536000.00000
0.44149 0.13963 -0.30480 -292878116371187742831820852253578756096.00000
0.44906 0.15424 -0.30569 -292878116371187742831820852253578756096.00000
0.43702 0.17033 -0.30524 -298221091250668098719930852712602664960.00000
0.44998 0.16708 -0.31115 -292872903791919604352521897809998249984.00000
0.42630 0.18232 -0.28862 -299550319246453014592834659772883009536.00000
0.43648 0.18991 -0.29355 -299534722073467806458278644336644063232.00000
0.46658 -0.20685 -0.34148 -295546896109245833277874255525044027392.00000
0.47684 -0.21374 -0.34178 -302229483578228174694145124037006721024.00000
0.45905 -0.18432 -0.32096 -295552128970923575408843633915875819520.00000
0.46476 -0.17272 -0.30902 -295562574411869456019111966750288117760.00000
0.45690 -0.14364 -0.30489 -295573040135224940281050723531951702016.00000
0.46640 -0.14842 -0.30492 -294238579277762282277177538080839565312.00000
0.46048 -0.12240 -0.30578 -296871114349858647188183347614256726016.00000
0.46544 -0.13522 -0.29986 -292883389797684692266131078538913120256.00000
0.46880 -0.10419 -0.31681 -298210666092131821761332943825441652736.00000
0.47483 -0.11748 -0.31186 -302208836085251657293653545735197556736.00000
0.47608 -0.08430 -0.32647 -304882808120168282567335479502992048128.00000
0.48322 -0.09789 -0.32256 -299545045819956065158524433487548645376.00000
0.48215 -0.06296 -0.33456 -302213987817290984817941228337024204800.00000
0.49042 -0.07663 -0.33175 -304882808120168282567335479502992048128.00000
0.47851 -0.04996 -0.32615 -300864031198891136937864147185929551872.00000
0.48869 -0.03981 -0.32438 -307530980930069062916238152367150727168.00000
0.47364 -0.02601 -0.31481 -304872545220908834822100962193841324032.00000
0.48583 -0.01590 -0.31766 -306201773216693750695004769254121668608.00000
0.46588 0.00735 -0.29885 -296881458378756509540099560712412594176.00000
0.48163 0.00719 -0.30952 -303543276660304711645856307239058407424.00000
0.46851 0.02883 -0.30418 -302219200396559123297240182780604710912.00000
0.47906 0.01834 -0.30493 -300884759821506068945037421276743860224.00000
0.47514 0.05192 -0.31808 -298215878671399960240631898269022158848.00000
0.48401 0.04140 -0.31467 -299550319246453014592834659772883009536.00000
0.47785 0.07557 -0.32557 -286195549184615005067220407688867348480.00000
0.48759 0.06546 -0.32295 -295541784942025713056927420817719951360.00000
0.47581 0.08649 -0.32319 -286195589749434212370561255583369920512.00000
0.48410 0.10004 -0.32109 -296865942335409716012225241065178791936.00000
0.47074 0.10756 -0.31714 -295536673774805592835980586110395875328.00000
0.47796 0.12112 -0.31395 -287524838027628731895135486590901551104.00000
0.46716 0.12913 -0.31486 -292862600327840949303946532606344953856.00000
0.47346 0.14271 -0.31064 -296871073785039439884842499719754153984.00000
0.46513 0.15194 -0.31656 -294212597511060004487364461651942178816.00000
0.46370 0.16323 -0.31694 -292872944356738811655862745704500822016.00000
0.46200 0.17441 -0.31703 -295531420630718247053340783772312797184.00000
0.46669 0.18799 -0.31086 -291507329718124944686218377275413364736.00000
0.44972 0.18784 -0.29942 -283516263158382223055887399741235920896.00000
0.45332 0.20045 -0.29242 -295505418581606365611857283396164124672.00000
0.44790 0.20730 -0.28576 -298174279449302870664592382456634540032.00000
0.48430 -0.23280 -0.34056 -298236587011605288596134748412585181184.00000
0.49858 -0.22830 -0.34138 -299560622710531669641410024976536305664.00000
0.49474 -0.21320 -0.35074 -294228133836816401666909205246427267072.00000
0.50476 -0.20330 -0.34347 -296886589828386233412716819366987956224.00000
0.47381 -0.16431 -0.30360 -299555470978492342117122342374709657600.00000
0.49006 -0.16139 -0.31023 -298210625527312614457992095930939080704.00000
0.47846 -0.14223 -0.30542 -298210645809722218109662519878190366720.00000
0.49091 -0.13543 -0.30552 -300869101801292049855470133998751055872.00000
0.48661 -0.10984 -0.31176 -303548387827524831866803141946382483456.00000
0.50116 -0.11578 -0.31761 -303543154965847089735833763555550691328.00000
0.50219 -0.10334 -0.31704 -302208714390794035383631002051689840640.00000
0.50646 -0.09246 -0.32207 -300874273815740981031428240547828989952.00000
0.50203 -0.07957 -0.33249 -299545025537546461506854009540297359360.00000
0.51387 -0.06943 -0.33083 -300874273815740981031428240547828989952.00000
0.50020 -0.04151 -0.32513 -307530859235611441006215608683643011072.00000
0.51323 -0.05630 -0.32839 -308865299810664495358418370187503861760.00000
0.49561 -0.02848 -0.31636 -303527537510452277949607324172060459008.00000
0.50554 -0.01728 -0.31320 -300874314380560188334769088442331561984.00000
0.49574 0.00705 -0.31537 -303543175248256693387504187502801977344.00000
0.51012 -0.00545 -0.32023 -298210666092131821761332943825441652736.00000
0.49271 0.03039 -0.31053 -300879547242237930465738466833163354112.00000
0.51087 0.03171 -0.32162 -287561184105638475688535200065206091776.00000
0.49727 0.05479 -0.31962 -299545106667184876113535705329302503424.00000
0.51018 0.04406 -0.32103 -302224352128598450821527865382431358976.00000
0.51085 0.06928 -0.32390 -302203603223573915162684167344365764608.00000
0.51227 0.08244 -0.32747 -300853524910716445372584542509763395584.00000
0.50128 0.09293 -0.33033 -298205514360092494237045261223615004672.00000
0.49848 0.10444 -0.32722 -298205494077682890585374837276363718656.00000
0.49207 0.11405 -0.31801 -295536612927576781880969314268642017280.00000
0.49636 0.12668 -0.30839 -290209174373852823172404057404103196672.00000
0.48480 0.13500 -0.30978 -290204042924223099299786798749527834624.00000
0.48374 0.14691 -0.31053 -294202233199752538483777824606535024640.00000
0.48236 0.15873 -0.31095 -298205534642502097888715685170866290688.00000
0.49110 0.17544 -0.31038 -292857347183753603521306730268261875712.00000
0.47870 0.18200 -0.31082 -287519584883541386112495684252818472960.00000
0.48897 0.18731 -0.31004 -282181822583329168703684638237375070208.00000
0.47083 0.20152 -0.30371 -294191787758806657873509491772122726400.00000
0.48093 0.22179 -0.30735 -291522906608700549169103968764401025024.00000
0.50644 -0.24851 -0.33920 -296896933857284095764633032465143824384.00000
0.51305 -0.25110 -0.32957 -296881316401889283978406593081653592064.00000
0.51349 -0.22324 -0.34189 -287550718382282991426596443283542507520.00000
0.53422 -0.22231 -0.35026 -290209194656262426824074481351354482688.00000
0.51958 -0.19718 -0.34378 -294217708678280124708311296359266254848.00000
0.53495 -0.19037 -0.34363 -298210625527312614457992095930939080704.00000
0.52453 -0.17041 -0.34465 -295541744377206505753586572923217379328.00000
0.53476 -0.15927 -0.33675 -299539853523097530330895902991219425280.00000
0.51532 -0.13513 -0.32375 -299539833240687926679225479043968139264.00000
0.53350 -0.12895 -0.32937 -299539833240687926679225479043968139264.00000
0.51851 -0.09590 -0.32187 -303543154965847089735833763555550691328.00000
0.53103 -0.09948 -0.32129 -299539833240687926679225479043968139264.00000
0.52270 -0.08424 -0.32662 -298205392665634872327022717540107288576.00000
0.53534 -0.07361 -0.32430 -303543154965847089735833763555550691328.00000
0.52579 -0.05858 -0.32846 -304856785788646797474181555179592089600.00000
0.53471 -0.05981 -0.32202 -306191287210928662781395588525206798336.00000
0.51944 -0.03114 -0.31663 -302203542376345104207672895502611906560.00000
0.53397 -0.01962 -0.31835 -299534742355877410109949068283895349248.00000
0.52699 0.00675 -0.32707 -294212577228650400835694037704690892800.00000
0.53934 -0.00679 -0.32579 -302208836085251657293653545735197556736.00000
0.52725 0.01977 -0.32753 -286231935827443956163960969057674461184.00000
0.54044 0.02011 -0.32728 -294212516381421589880682765862937034752.00000
0.52497 0.05861 -0.32559 -302213906687652570211259532548019060736.00000
0.53795 0.06029 -0.32523 -302213906687652570211259532548019060736.00000
0.52470 0.08490 -0.32742 -298205473795273286933704413329112432640.00000
0.53605 0.07339 -0.32342 -298210605244903010806321671983687794688.00000
0.51875 0.10933 -0.32131 -294207344366972658704724659313859100672.00000
0.53072 0.09884 -0.31820 -283547477786762242976669854560965099520.00000
0.51155 0.11934 -0.31189 -292872903791919604352521897809998249984.00000
0.51925 0.13436 -0.30672 -287535141491707386943710851794554847232.00000
0.50200 0.15353 -0.30369 -292857347183753603521306730268261875712.00000
0.51462 0.14532 -0.30202 -291538463216866550000319136306137399296.00000
0.50036 0.16580 -0.30381 -291522906608700549169103968764401025024.00000
0.50189 0.18062 -0.30935 -288854025458594440464698445756679323648.00000
0.50703 0.19897 -0.32115 -283516263158382223055887399741235920896.00000
0.52270 0.20835 -0.32629 -283516263158382223055887399741235920896.00000
0.50964 0.23152 -0.33323 -292857347183753603521306730268261875712.00000
0.52585 0.24280 -0.33903 -286185164590897935411963346696208908288.00000
0.50318 0.25663 -0.33114 -286195549184615005067220407688867348480.00000
0.51057 0.27673 -0.32792 -280852655434773063785792103018848583680.00000
0.56472 -0.31810 -0.37172 -299550156987176185379471268194872721408.00000
0.53596 -0.27165 -0.34511 -295546835262017022322862983683290169344.00000
0.56628 -0.28008 -0.36364 -296881235272250869371724897292648448000.00000
0.54744 -0.23010 -0.34903 -291538422652047342696978288411634827264.00000
0.55517 -0.23291 -0.33879 -294207283519743847749713387472105242624.00000
0.56465 -0.22349 -0.34830 -292872842944690793397510625968244391936.00000
0.56781 -0.20857 -0.34902 -291543594666496273872936394960712761344.00000
0.55626 -0.18667 -0.35088 -295546835262017022322862983683290169344.00000
0.57297 -0.17814 -0.34955 -298215756976942338330609354585514442752.00000
0.56031 -0.15686 -0.35057 -304882706708120264308983359766735618048.00000
0.56928 -0.15936 -0.34158 -299544964690317650551842737698543501312.00000
0.54784 -0.11943 -0.32771 -304877534693671333133025253217657683968.00000
0.55755 -0.10704 -0.31879 -307546436126187045489101200172630671360.00000
0.54868 -0.07648 -0.32345 -299539833240687926679225479043968139264.00000
0.55795 -0.09251 -0.31756 -302208714390794035383631002051689840640.00000
0.55121 -0.04898 -0.32454 -303522406060822554076990065517485096960.00000
0.56184 -0.06470 -0.31988 -296850203185557282315976257998180843520.00000
0.54725 -0.02065 -0.31755 -303538084363446176818227776742729187328.00000
0.56105 -0.02170 -0.31629 -302187965485769499724787304013624246272.00000
0.54958 0.00657 -0.32021 -300869223495749671765492677682258771968.00000
0.56260 -0.00769 -0.31794 -304856846635875608429192827021345947648.00000
0.55384 0.03441 -0.32647 -299534701791058202806608220389392777216.00000
0.56383 0.02066 -0.31944 -292878116371187742831820852253578756096.00000
0.54869 0.04769 -0.31983 -284866219776782070935964480892330573824.00000
0.56097 0.06297 -0.31720 -288869642913989252250924885140169555968.00000
0.54521 0.07455 -0.31670 -298205494077682890585374837276363718656.00000
0.55604 0.09026 -0.31281 -294217830372737746618333840042773970944.00000
0.54365 0.10183 -0.31714 -271542786037781703241155227311551807488.00000
0.55272 0.10344 -0.30979 -292878177218416553786832124095332614144.00000
0.53589 0.12665 -0.30968 -286200782046292747198189786079699140608.00000
0.54383 0.14257 -0.30333 -290198870909774168123828692200449900544.00000
0.52636 0.14965 -0.30040 -292862580045431345652276108659093667840.00000
0.54267 0.15645 -0.30402 -288854005176184836813028021809428037632.00000
0.52875 0.19454 -0.31213 -283521516302469568838527202079318999040.00000
0.53900 0.18378 -0.30419 -286195589749434212370561255583369920512.00000
0.53952 0.21840 -0.33141 -283526708599328103666155732575648219136.00000
0.53661 0.23217 -0.33079 -280857827449221994961750209567926517760.00000
0.54586 0.25316 -0.32748 -282197460321133584141581501568116588544.00000
0.54206 0.26679 -0.32617 -286195549184615005067220407688867348480.00000
0.52600 0.27206 -0.32726 -284861149174381158018358494079509069824.00000
0.52858 0.28759 -0.31534 -280857786884402787658409361673423945728.00000
0.59486 -0.34131 -0.36710 -298220827579343251248215341398335946752.00000
0.56931 -0.29784 -0.35019 -300884556997410032428333181804231000064.00000
0.57640 -0.30048 -0.33753 -298215655564894320072257234849258012672.00000
0.57136 -0.26148 -0.34378 -298210483550445388896299128300180078592.00000
0.58330 -0.24941 -0.33352 -296870870960943403368138260247241293824.00000
0.58250 -0.21607 -0.34698 -296876164669849956454118910479826944000.00000
0.59100 -0.21890 -0.33593 -300879364700551497600704651307901779968.00000
0.59443 -0.18872 -0.35601 -300879486395009119510727194991409496064.00000
0.60366 -0.19148 -0.34524 -303548205285838399001769326421120909312.00000
0.59013 -0.16871 -0.34751 -302213886405242966559589108600767774720.00000
0.60766 -0.15833 -0.34465 -300879384982961101252375075255153065984.00000
0.58133 -0.13099 -0.33126 -303543073836208675129152067766545547264.00000
0.59737 -0.11977 -0.32783 -300874233250921773728087392653326417920.00000
0.57692 -0.08255 -0.32029 -299539833240687926679225479043968139264.00000
0.59766 -0.10361 -0.32640 -300874273815740981031428240547828989952.00000
0.57619 -0.06728 -0.31807 -299534661226238995503267372494890205184.00000
0.60047 -0.05649 -0.32578 -300879486395009119510727194991409496064.00000
0.58024 -0.02334 -0.32059 -299534661226238995503267372494890205184.00000
0.59541 -0.02451 -0.31834 -299545045819956065158524433487548645376.00000
0.57703 -0.00831 -0.31620 -300869101801292049855470133998751055872.00000
0.58798 0.00626 -0.30903 -302213926970062173862929956495270346752.00000
0.57324 0.03531 -0.31165 -298205494077682890585374837276363718656.00000
0.58831 0.02123 -0.30947 -298200220651185941151064610991029354496.00000
0.57223 0.04970 -0.31089 -296871094067449043536512923667005440000.00000
0.58502 0.06577 -0.30706 -300869142366111257158810981893253627904.00000
0.56826 0.07794 -0.30757 -300879486395009119510727194991409496064.00000
0.57940 0.09442 -0.30245 -303517132634325604642679839232150732800.00000
0.56677 0.12155 -0.30983 -292862498915792931045594412870088523776.00000
0.58043 0.10982 -0.30503 -302187884356131085118105608224619102208.00000
0.56601 0.15147 -0.31276 -288869561784350837644243189351164411904.00000
0.60190 0.16683 -0.33647 -290203961794584684693105102960522690560.00000
0.57487 0.17182 -0.32648 -287535141491707386943710851794554847232.00000
0.59936 0.19998 -0.33849 -284871533768098227673615555072167510016.00000
0.56875 0.21733 -0.32713 -283537113475454776973083217515557945344.00000
0.59127 0.21245 -0.33144 -280868191760529460965336846613333671936.00000
0.56247 0.24662 -0.32574 -284871554050507831325285979019418796032.00000
0.57963 0.23929 -0.32337 -284871493203279020370274707177664937984.00000
0.57208 0.26882 -0.32111 -280868151195710253661995998718831099904.00000
0.56775 0.28313 -0.31955 -282202632335582515317539608117194522624.00000
0.55035 0.28851 -0.32145 -283531819766548223887102567282972295168.00000
0.56310 0.29713 -0.31776 -282207844914850653796838562560775028736.00000
0.54084 0.31496 -0.31749 -280857807166812391310079785620675231744.00000
0.61502 -0.38153 -0.37478 -294217505854184088191607056886753394688.00000
0.61087 -0.35367 -0.36395 -295551946429237142543809818390614245376.00000
0.60722 -0.32769 -0.35426 -296881235272250869371724897292648448000.00000
0.60332 -0.29827 -0.32223 -298210584962493407154651248036436508672.00000
0.60858 -0.28288 -0.32418 -298210645809722218109662519878190366720.00000
0.61351 -0.26718 -0.32592 -298205392665634872327022717540107288576.00000
0.60244 -0.24256 -0.33146 -300874233250921773728087392653326417920.00000
0.62224 -0.23481 -0.32865 -298205352100815665023681869645604716544.00000
0.60982 -0.21058 -0.33345 -306211914421495576530216742879764676608.00000
0.62916 -0.20128 -0.33015 -302208633261155620776949306262684696576.00000
0.62230 -0.18149 -0.34215 -296876022692982730892425942849067941888.00000
0.64129 -0.17046 -0.33813 -298210605244903010806321671983687794688.00000
0.62546 -0.14694 -0.34088 -298215756976942338330609354585514442752.00000
0.64344 -0.13449 -0.33609 -298210666092131821761332943825441652736.00000
0.65074 -0.11893 -0.34207 -295541784942025713056927420817719951360.00000
0.65732 -0.10266 -0.34747 -296876184952259560105789334427078230016.00000
0.65173 -0.08419 -0.36353 -304861957803095728650139661728670023680.00000
0.66312 -0.08576 -0.35223 -299539792675868719375884631149465567232.00000
0.63908 -0.04604 -0.34728 -299545045819956065158524433487548645376.00000
0.65330 -0.02972 -0.33919 -302213947252471777514600380442521632768.00000
0.61306 -0.00994 -0.31722 -288900776412730857565025644170893590528.00000
0.62472 0.00593 -0.30857 -303553620689202573997772520337214275584.00000
0.61375 0.02182 -0.29710 -296881417813937302236758712817910022144.00000
0.61329 0.03757 -0.29688 -302219139549330312342228910938850852864.00000
0.60530 0.06864 -0.30995 -294207303802153451401383811419356528640.00000
0.61755 0.05393 -0.30184 -304877615823309747739706949006662828032.00000
0.60258 0.08384 -0.30782 -294207283519743847749713387472105242624.00000
0.62398 0.08767 -0.31024 -300863848657204704072830331660667977728.00000
0.63075 0.14248 -0.34385 -294202091222885312922084856975776022528.00000
0.63383 0.12432 -0.32324 -298189775210240060540796278156617056256.00000
0.63783 0.18184 -0.35618 -291538422652047342696978288411634827264.00000
0.65588 0.16890 -0.35046 -287535100926888179640370003900052275200.00000
0.63706 0.20024 -0.35785 -291528058340739876693391651366227673088.00000
0.63834 0.21723 -0.33882 -243493491347736473100072887459822698496.00000
0.61280 0.22333 -0.33541 -288864430334721113771625930696589049856.00000
0.61893 0.24295 -0.32335 -283537113475454776973083217515557945344.00000
0.59007 0.26204 -0.31846 -275540834336443916863453285537799995392.00000
0.60864 0.25441 -0.31509 -282202672900401722620880456011697094656.00000
0.58761 0.29770 -0.32324 -275551259494980193822051194424961007616.00000
0.60681 0.29139 -0.32018 -280873363774978392141294953162411606016.00000
0.59645 0.32622 -0.33851 -276885700070033248174253955928821858304.00000
0.62233 0.36953 -0.35144 -283531900896186638493784263071977439232.00000
0.58590 0.35677 -0.33495 -278214968630637371350498610883604774912.00000
0.59430 0.38310 -0.32808 -280852635152363460134121679071597297664.00000
0.66198 -0.42407 -0.38047 -295557159008505281023108772834194751488.00000
0.68755 -0.42009 -0.37649 -298220827579343251248215341398335946752.00000
0.64041 -0.35178 -0.34577 -298226040158611389727514295841916452864.00000
0.67479 -0.35668 -0.35326 -298215716412123131027268506691011870720.00000
0.62943 -0.27657 -0.32114 -299539833240687926679225479043968139264.00000
0.64591 -0.28631 -0.31565 -296870952090581817974819956036246437888.00000
0.62625 -0.25393 -0.31417 -300874273815740981031428240547828989952.00000
0.64723 -0.24601 -0.31020 -299539833240687926679225479043968139264.00000
0.63479 -0.22095 -0.31679 -296870952090581817974819956036246437888.00000
0.65527 -0.21134 -0.31228 -298205392665634872327022717540107288576.00000
0.64893 -0.19092 -0.32591 -296870911525762610671479108141743865856.00000
0.65844 -0.19354 -0.31277 -296870952090581817974819956036246437888.00000
0.66053 -0.15831 -0.33306 -299545106667184876113535705329302503424.00000
0.67902 -0.16431 -0.32800 -294207303802153451401383811419356528640.00000
0.67620 -0.10677 -0.34342 -300879486395009119510727194991409496064.00000
0.68824 -0.12841 -0.33300 -298200220651185941151064610991029354496.00000
0.68242 -0.08929 -0.34827 -300874233250921773728087392653326417920.00000
0.68774 -0.07121 -0.35243 -300874273815740981031428240547828989952.00000
0.69212 -0.05263 -0.35589 -303543154965847089735833763555550691328.00000
0.70411 -0.05366 -0.34305 -300869101801292049855470133998751055872.00000
0.67420 -0.01298 -0.33703 -302203542376345104207672895502611906560.00000
0.69502 0.00522 -0.33335 -300879506677418723162397618938660782080.00000
0.64173 0.02265 -0.30475 -303548387827524831866803141946382483456.00000
0.67208 0.04162 -0.31228 -294212516381421589880682765862937034752.00000
0.67103 0.07864 -0.33534 -302193056370580016294063714773697036288.00000
0.67767 0.06046 -0.31799 -292867670930241862221552519419166457856.00000
0.66753 0.09638 -0.33282 -300858615795526961941860953269836185600.00000
0.69759 0.12164 -0.33957 -294207283519743847749713387472105242624.00000
0.66624 0.15204 -0.33587 -296870972372991421626490379983497723904.00000
0.68369 0.13716 -0.32789 -291538422652047342696978288411634827264.00000
0.67425 0.19432 -0.34813 -283526668034508896362814884681145647104.00000
0.68493 0.19698 -0.33475 -282197480603543187793251925515367874560.00000
0.67548 0.21259 -0.32802 -280852655434773063785792103018848583680.00000
0.66540 0.22725 -0.32080 -282192268024275049313952971071787368448.00000
0.63484 0.25068 -0.31836 -283526688316918500014485308628396933120.00000
0.64365 0.25358 -0.30513 -282187035162597307182983592680955576320.00000
0.62668 0.28422 -0.31638 -284866260341601278239305328786833145856.00000
0.66354 0.28797 -0.32802 -282187035162597307182983592680955576320.00000
0.65894 0.35479 -0.35918 -282197379191495169534899805779111444480.00000
0.66307 0.33136 -0.33491 -283531758919319412932091295441218437120.00000
0.64820 0.39150 -0.35688 -282192207177046238358941699230033510400.00000
0.66592 0.40476 -0.35115 -284855814900655397629036995952420847616.00000
0.64238 0.40948 -0.35551 -282186994597778099879642744786453004288.00000
0.64299 0.42957 -0.33703 -276833614842171070684605259387519369216.00000
0.69641 -0.47971 -0.37008 -299544883560679235945161041909538357248.00000
0.71740 -0.47468 -0.38547 -298210422703216577941287856458426220544.00000
0.74639 -0.47066 -0.37958 -302213724145966137346225717022757486592.00000
0.71433 -0.41525 -0.37165 -296875982128163523589085094954565369856.00000
0.74231 -0.40943 -0.36583 -295541541553110469236882333450704519168.00000
0.67741 -0.33100 -0.32694 -295541703812387298450245725028714807296.00000
0.71381 -0.33320 -0.33185 -296881316401889283978406593081653592064.00000
0.66841 -0.27890 -0.31108 -298205392665634872327022717540107288576.00000
0.70186 -0.27736 -0.31442 -296881316401889283978406593081653592064.00000
0.67782 -0.24273 -0.31357 -303543154965847089735833763555550691328.00000
0.68668 -0.24547 -0.29827 -299550197551995392682812116089375293440.00000
0.68492 -0.20523 -0.31468 -295536511515528763622617194532385587200.00000
0.70653 -0.19297 -0.30779 -292888480682495208835407489298985910272.00000
0.69815 -0.17053 -0.32210 -294207303802153451401383811419356528640.00000
0.71888 -0.15626 -0.31419 -296876184952259560105789334427078230016.00000
0.70800 -0.13342 -0.32720 -300869101801292049855470133998751055872.00000
0.72742 -0.11731 -0.31815 -302203542376345104207672895502611906560.00000
0.72317 -0.09674 -0.33779 -300874273815740981031428240547828989952.00000
0.72926 -0.07735 -0.34206 -298205392665634872327022717540107288576.00000
0.73427 -0.05740 -0.34559 -298205392665634872327022717540107288576.00000
0.75059 -0.03773 -0.33350 -300874233250921773728087392653326417920.00000
0.72241 -0.01518 -0.33413 -302208714390794035383631002051689840640.00000
0.75345 -0.01665 -0.33546 -300874233250921773728087392653326417920.00000
0.70644 0.04399 -0.32030 -287555930961551129905895397727123013632.00000
0.75452 0.04741 -0.33651 -296876184952259560105789334427078230016.00000
0.73666 0.08825 -0.34810 -294217708678280124708311296359266254848.00000
0.75236 0.06859 -0.33525 -295536531797938367274287618479636873216.00000
0.72313 0.10643 -0.33718 -294217708678280124708311296359266254848.00000
0.74840 0.13240 -0.33490 -294207283519743847749713387472105242624.00000
0.71296 0.16543 -0.33247 -283552649801211174152627961110043033600.00000
0.73349 0.17100 -0.32554 -290193617765686822341188889862366822400.00000
0.70462 0.18295 -0.32690 -290219700944437118389354086027520638976.00000
0.72409 0.21042 -0.32155 -283516303723201430359228247635738492928.00000
0.68557 0.21532 -0.31406 -283511111426342895531599717139409272832.00000
0.69289 0.23745 -0.29968 -275494042817488292459785239229083156480.00000
0.67664 0.27254 -0.31396 -282171397424792891745086729350214057984.00000
0.69854 0.26202 -0.30713 -275494042817488292459785239229083156480.00000
0.67659 0.31608 -0.32050 -288843539452829352551089265027764453376.00000
0.69970 0.30721 -0.31413 -276828483392541346811988000732944007168.00000
0.70760 0.38955 -0.35802 -283521414890421550580175082343062568960.00000
0.72164 0.37195 -0.34076 -279518093165262387523566797831480016896.00000
0.70197 0.41008 -0.35715 -280836936567330233741213543899101921280.00000
0.70992 0.41299 -0.33864 -282171397424792891745086729350214057984.00000
0.67790 0.43776 -0.34323 -280826592538432371389297330800946053120.00000
0.69675 0.45288 -0.33592 -279492233093017731643776265086090346496.00000
0.77674 -0.46565 -0.37263 -292872640120594756880806386495731531776.00000
0.80841 -0.45950 -0.36445 -291533108660731185959327214231797891072.00000
0.77144 -0.40248 -0.35888 -295536430385890349015935498743380443136.00000
0.80164 -0.39423 -0.35063 -296865719228904075843850577645414645760.00000
0.75313 -0.33428 -0.33583 -299539792675868719375884631149465567232.00000
0.79549 -0.33398 -0.33866 -302193056370580016294063714773697036288.00000
0.71543 -0.26065 -0.29876 -303543114401027882432492915661048119296.00000
0.77177 -0.29264 -0.31756 -302193056370580016294063714773697036288.00000
0.75632 -0.23774 -0.32628 -300884638127048447035014877593236144128.00000
0.83507 -0.27586 -0.35931 -307530818670792233702874760789140439040.00000
0.75996 -0.19278 -0.32456 -299555470978492342117122342374709657600.00000
0.83527 -0.19612 -0.35239 -299545066102365668810194857434799931392.00000
0.74843 -0.12190 -0.31045 -303522365496003346773649217622982524928.00000
0.77129 -0.14953 -0.30398 -302208734673203639035301425998941126656.00000
0.78481 -0.08606 -0.33631 -303548367545115228215132717999131197440.00000
0.80896 -0.08968 -0.32751 -299545045819956065158524433487548645376.00000
0.79063 -0.06415 -0.33994 -302213926970062173862929956495270346752.00000
0.80792 -0.04247 -0.32532 -298210605244903010806321671983687794688.00000
0.78699 -0.01824 -0.33611 -299545045819956065158524433487548645376.00000
0.80144 0.00425 -0.32012 -298205412948044475978693141487358574592.00000
0.78908 0.02701 -0.33759 -299534661226238995503267372494890205184.00000
0.80181 0.02726 -0.32044 -299534661226238995503267372494890205184.00000
0.80859 0.07489 -0.35342 -299534661226238995503267372494890205184.00000
0.83006 0.10135 -0.34225 -299534661226238995503267372494890205184.00000
0.78790 0.11817 -0.33922 -291528017775920669390050803471725101056.00000
0.79361 0.14152 -0.31809 -287545485520605249295627064892710715392.00000
0.76512 0.18044 -0.32576 -288869561784350837644243189351164411904.00000
0.78565 0.16256 -0.31367 -287545526085424456598967912787213287424.00000
0.76602 0.20373 -0.32833 -283531819766548223887102567282972295168.00000
0.80065 0.21549 -0.32803 -283537133757864380624753641462809231360.00000
0.75174 0.26714 -0.32391 -272830374246650322234678670664941961216.00000
0.84105 0.31280 -0.36517 -271511611974220890623713620386325200896.00000
0.72335 0.29713 -0.30661 -272830374246650322234678670664941961216.00000
0.82408 0.33096 -0.35547 -266173849674008673214902574370881798144.00000
0.76062 0.37288 -0.34384 -276849313427204297077513394560014745600.00000
0.83374 0.39412 -0.36959 -274180493124326999328119143394046902272.00000
0.76365 0.42992 -0.35449 -278183794567076558733057003958378168320.00000
0.78714 0.44588 -0.34545 -271516905683127443709694270618910851072.00000
0.74352 0.43982 -0.34184 -274180533689146206631459991288549474304.00000
0.74418 0.46408 -0.32001 -251521228504042596950530361624325259264.00000
0.70913 0.48904 -0.32633 -256843332784040795269774120361775857664.00000
0.86172 -0.46881 -0.36970 -291533189790369600566008910020803035136.00000
0.87538 -0.44305 -0.34369 -284866300906420485542646176681335717888.00000
0.83279 -0.38452 -0.34092 -294181281470631966308229887095956570112.00000
0.84184 -0.38748 -0.31782 -287535121209297783292040427847303561216.00000
0.82816 -0.29666 -0.32816 -299550197551995392682812116089375293440.00000
0.83440 -0.32508 -0.30677 -292872842944690793397510625968244391936.00000
0.86267 -0.28729 -0.34940 -298215736694532734678938930638263156736.00000
0.91043 -0.27870 -0.34777 -298184603195791129364838171607539122176.00000
0.91560 -0.25345 -0.38073 -296860567496864748319562895043587997696.00000
0.94822 -0.26458 -0.36940 -296855375200006213491934364547258777600.00000
0.90913 -0.19241 -0.37217 -299550278681633807289493811878380437504.00000
0.93544 -0.16952 -0.35570 -291559252686710292962503682238705565696.00000
0.88228 -0.12930 -0.35102 -299550278681633807289493811878380437504.00000
0.92103 -0.10866 -0.34426 -294212556946240797184023613757439606784.00000
0.86799 -0.07377 -0.33947 -298210605244903010806321671983687794688.00000
0.87209 -0.04780 -0.31249 -295541744377206505753586572923217379328.00000
0.83814 0.00390 -0.31837 -295541724094796902101916148975966093312.00000
0.86196 -0.02153 -0.30586 -295531339501079832446659087983307653120.00000
0.85149 0.02873 -0.32732 -298200220651185941151064610991029354496.00000
0.90819 0.03042 -0.33430 -298200220651185941151064610991029354496.00000
0.90541 0.08532 -0.36411 -295531339501079832446659087983307653120.00000
0.91425 0.11347 -0.33959 -295536470950709556319276346637883015168.00000
0.85024 0.12915 -0.32893 -295541724094796902101916148975966093312.00000
0.86884 0.15811 -0.31347 -291538402369637739045307864464383541248.00000
0.88016 0.21686 -0.35345 -292883389797684692266131078538913120256.00000
0.90464 0.19512 -0.33721 -291533250637598411521020181862556893184.00000
0.93950 0.29893 -0.39832 -275540976313311142425146253168558997504.00000
0.96951 0.27731 -0.38173 -283531961743415449448795534913731297280.00000
0.92218 0.32208 -0.38912 -279513123974909492864312930754914942976.00000
0.93535 0.35739 -0.36771 -275514974264199260983662752792410324992.00000
0.88454 0.36332 -0.36899 -270166766523041162964583373942554624000.00000
0.89331 0.39621 -0.34665 -271490761657148336706517802612003176448.00000
0.86128 0.40947 -0.35941 -279502536557096386692351630289743642624.00000
0.86687 0.44078 -0.33616 -271501267945323028271797407288169332736.00000
0.81754 0.43745 -0.33557 -274170128813019533324532506348639748096.00000
0.84336 0.45405 -0.32417 -266179163665324829952553648550718734336.00000
0.83091 0.50652 -0.32375 -248841983042629022242538201571196403712.00000
0.91041 -0.43237 -0.33075 -282218209226158119800425199606182182912.00000
0.97032 -0.43535 -0.32925 -278173349126130678122788671123965870080.00000
0.89727 -0.36007 -0.31647 -283537012063406758714731097779301515264.00000
0.93014 -0.34499 -0.30139 -284840278574899000449492252357935759360.00000
0.95270 -0.32501 -0.31119 -284840278574899000449492252357935759360.00000
0.97428 -0.30304 -0.32053 -284855855465474604932377843846923419648.00000
0.98232 -0.27628 -0.35647 -292852053474847050435326080035676225536.00000
1.01373 -0.25342 -0.33753 -284855855465474604932377843846923419648.00000
0.98825 -0.18243 -0.35435 -283552609236391966849287113215540461568.00000
1.02360 -0.19054 -0.33946 -283526627469689689059474036786643075072.00000
0.98018 -0.14926 -0.34835 -283547416939533432021658582719211241472.00000
1.02589 -0.12595 -0.33826 -280857786884402787658409361673423945728.00000
0.94229 -0.08280 -0.32472 -284866260341601278239305328786833145856.00000
0.94409 -0.05384 -0.29397 -282187075727416514486324440575458148352.00000
0.89063 0.00344 -0.29414 -286185144308488331760292922748957622272.00000
0.90055 -0.02311 -0.27085 -279518214859720009433589341514987732992.00000
0.99100 0.06353 -0.35166 -284855835183065001280707419899672133632.00000
1.00698 0.03326 -0.32639 -282171397424792891745086729350214057984.00000
0.98714 0.09376 -0.34999 -284855814900655397629036995952420847616.00000
1.05977 0.13526 -0.35558 -286190296040527659284580605350784270336.00000
0.95480 0.14867 -0.33322 -292867630365422654918211671524663885824.00000
1.05085 0.16724 -0.35190 -295541764659616109405256996870468665344.00000
0.99876 0.25364 -0.36295 -278194179160793628388314064951036608512.00000
1.03474 0.26394 -0.34779 -284856058289570641449082083319436279808.00000
1.00463 0.28867 -0.36838 -276859799432969384991122575288929615872.00000
1.02215 0.32737 -0.34515 -282187116292235721789665288469960720384.00000
0.96746 0.33854 -0.35134 -280852736564411478392473798807853727744.00000
0.97979 0.37521 -0.32716 -274175381957106879107172308686722826240.00000
0.92339 0.41187 -0.33366 -274154551922443928841646914859652087808.00000
0.93336 0.41505 -0.30726 -266158353913071483338698678670899281920.00000
0.91635 0.47331 -0.33617 -274175402239516482758842732633974112256.00000
0.97550 0.47643 -0.33378 -272835728802785686275670592739281469440.00000
0.98529 -0.30583 -0.29304 -272814777073665114100122655228703014912.00000
1.05031 -0.26466 -0.32094 -276823291095682811984359470236614787072.00000
1.12369 -0.32689 -0.31971 -252824393603486820426939396466703073280.00000
1.06896 -0.23610 -0.32827 -275488830238220153980486284785502650368.00000
1.13713 -0.25569 -0.32203 -258156943324430899356451488038565969920.00000
1.08704 -0.13610 -0.33312 -279492131680969713385424145349833916416.00000
1.15543 -0.14749 -0.32623 -260825783909717800757516163151785099264.00000
1.07221 -0.09943 -0.32519 -278157711388326262684891807793224351744.00000
1.13772 -0.10774 -0.31773 -260825804192127404409186587099036385280.00000
1.00013 0.00237 -0.28968 -282150668802177959737913455259399749632.00000
1.11069 0.07165 -0.34272 -276812987631604156935784105032961490944.00000
1.10591 0.10645 -0.34096 -280821481371212251168350496093621977088.00000
1.10295 0.21244 -0.34247 -272845991702045134020905110048432193536.00000
