# .PCD v0.7 - Point Cloud Data file format
VERSION 0.7
FIELDS x y z
SIZE 4 4 4
TYPE F F F
COUNT 1 1 1
WIDTH 713
HEIGHT 1
VIEWPOINT 0 0 0 1 0 0 0
POINTS 713
DATA ascii
0.35649 -0.07926 -0.29796 -291533311484827222476031453704310751232.00000
0.35163 -0.06938 -0.29389 -284871513485688624021945131124916224000.00000
0.35205 -0.06204 -0.29255 -284871513485688624021945131124916224000.00000
0.35352 -0.04818 -0.29374 -287550860359150216988289410914301509632.00000
0.35804 -0.04915 -0.29234 -284882040056272919238895159748333666304.00000
0.35456 -0.04149 -0.29619 -286216399501687558984416225463189372928.00000
0.36012 -0.03543 -0.29714 -286221612080955697463715179906769879040.00000
0.35630 -0.02774 -0.30040 -282228614102284793107352684546091909120.00000
0.36098 -0.02838 -0.29917 -283557902945298519935267763448126111744.00000
0.35475 -0.01271 -0.29060 -284908001540565593377037812229979766784.00000
0.36079 -0.00625 -0.29493 -291580204415830865138051619749284020224.00000
0.35039 0.00181 -0.26926 -282244353252137226803601667613089857536.00000
0.35825 0.00127 -0.28350 -286247674977296389860209952124672409600.00000
0.34832 0.02114 -0.25994 -282218310638206138058777319342438612992.00000
0.35673 0.01514 -0.27681 -291564607242845657003495604313045073920.00000
0.34719 0.03359 -0.25626 -290224954088524464171993888365603717120.00000
0.35653 0.02884 -0.27691 -288885321216612874992162596365413646336.00000
0.35432 0.05035 -0.29205 -275577362956140093521886814537366110208.00000
0.35947 0.04400 -0.29181 -286237249818760112901612043237511397376.00000
0.35469 0.06533 -0.29799 -274232476940141158559415720199092961280.00000
0.35930 0.06627 -0.29674 -286226824660223835943014134350350385152.00000
0.35368 0.07976 -0.29877 -272872014033566619114059034371832152064.00000
0.35825 0.08093 -0.29739 -286205994625560885677488740523279646720.00000
0.35046 0.09198 -0.29003 -291512522014983479513846907771742584832.00000
0.35706 0.08771 -0.29519 -288869663196398855902595309087420841984.00000
0.36681 -0.08332 -0.29875 -284866382036058900149327872470340861952.00000
0.36160 -0.07300 -0.29501 -291543756925773103086299786538723049472.00000
0.36676 -0.06659 -0.29199 -292873005203967622610874017546254680064.00000
0.36242 -0.05774 -0.29240 -291548969505041241565598740982303555584.00000
0.36713 -0.05886 -0.29069 -292878197500826157438502548042583900160.00000
0.36490 -0.04393 -0.29786 -287556113503237562770929213252384587776.00000
0.37088 -0.03761 -0.29871 -292888642941772038048770880876996198400.00000
0.36688 -0.02955 -0.30233 -287550860359150216988289410914301509632.00000
0.37271 -0.02275 -0.30275 -294233407263313351101219431531761631232.00000
0.36774 -0.00696 -0.30248 -290230105820563791696281570967430365184.00000
0.37278 -0.00726 -0.30114 -291564546395616846048484332471291215872.00000
0.36618 0.00815 -0.29543 -287571710676222770905485228688623534080.00000
0.37318 0.00038 -0.30216 -288911323265724756433646096741562318848.00000
0.36416 0.02264 -0.28767 -291564607242845657003495604313045073920.00000
0.37236 0.01572 -0.29890 -292899047817898711355698365816905924608.00000
0.36365 0.03705 -0.28718 -286226824660223835943014134350350385152.00000
0.36988 0.03045 -0.29041 -282223502935064672886405849838767833088.00000
0.36627 0.04545 -0.29908 -290230126102973395347951994914681651200.00000
0.37172 0.05410 -0.30110 -290230105820563791696281570967430365184.00000
0.36508 0.06795 -0.29971 -290224954088524464171993888365603717120.00000
0.37092 0.06158 -0.29980 -292914644990883919490254381253144870912.00000
0.36406 0.07510 -0.29793 -288885300934203271340492172418162360320.00000
0.36880 0.08426 -0.29866 -283563156089385865717907565786209189888.00000
0.36029 0.09573 -0.29113 -287550860359150216988289410914301509632.00000
0.36637 0.09032 -0.29196 -287561265235276890295216895854211235840.00000
0.36337 0.10378 -0.28658 -288885300934203271340492172418162360320.00000
0.37885 -0.10725 -0.31049 -292857326901343999869636306321010589696.00000
0.37159 -0.08479 -0.29656 -287535283468574612505403819425313849344.00000
0.37565 -0.09433 -0.29481 -299519145182892201975393052847656402944.00000
0.37224 -0.07683 -0.29567 -287524858310038335546805910538152837120.00000
0.37716 -0.07824 -0.29346 -291533392614465637082713149493315895296.00000
0.37315 -0.06092 -0.29332 -292867792624699484131575063102674173952.00000
0.37814 -0.06210 -0.29133 -295526268898678919529053101170486149120.00000
0.37593 -0.03844 -0.29708 -296876347211536389319152726005088518144.00000
0.38113 -0.04749 -0.29728 -302188006050588707028128151908126818304.00000
0.37952 -0.03202 -0.30855 -292888622659362434397100456929744912384.00000
0.38628 -0.03333 -0.31159 -295557503809468543101505979937466613760.00000
0.38048 -0.00802 -0.30881 -294233427545722954752889855479012917248.00000
0.38730 -0.00859 -0.31192 -292898986970669900400687093975152066560.00000
0.37989 0.00801 -0.30599 -286232057521901578073983512741182177280.00000
0.38637 -0.00022 -0.30828 -288911323265724756433646096741562318848.00000
0.37868 0.02375 -0.30205 -278220201492315113481467989274436567040.00000
0.38677 0.01615 -0.30948 -264875795741784569959440374235828060160.00000
0.37724 0.03134 -0.29750 -291564586960436053351825180365793787904.00000
0.38340 0.03995 -0.29985 -295567908685595216408433464877376339968.00000
0.37877 0.04766 -0.30512 -288895685527920340995749233410820800512.00000
0.37684 0.05488 -0.29959 -288895665245510737344078809463569514496.00000
0.37620 0.07074 -0.30102 -288911323265724756433646096741562318848.00000
0.38247 0.06409 -0.30097 -291574991836562726658752665305703514112.00000
0.37494 0.08648 -0.30135 -287561265235276890295216895854211235840.00000
0.38136 0.08879 -0.30398 -295547078650932266142908071050305601536.00000
0.37233 0.09269 -0.29446 -287556052656008751815917941410630729728.00000
0.37689 0.10232 -0.29408 -299545208079232894371887825065558933504.00000
0.36802 0.10530 -0.28463 -295541886354073731315279540553976381440.00000
0.36626 0.11184 -0.28153 -291538605193733775562012103936896401408.00000
0.39406 -0.11634 -0.32099 -296876184952259560105789334427078230016.00000
0.38643 -0.10212 -0.31238 -295531380065899039749999935877810225152.00000
0.39263 -0.09508 -0.30882 -296876184952259560105789334427078230016.00000
0.38357 -0.08088 -0.29579 -296870992655401025278160803930749009920.00000
0.39558 -0.07870 -0.31201 -298210625527312614457992095930939080704.00000
0.38770 -0.05776 -0.30163 -303538003233807762211546080953724043264.00000
0.39763 -0.07087 -0.31578 -303548387827524831866803141946382483456.00000
0.39063 -0.04215 -0.30729 -304877757800176973301399916637421830144.00000
0.40297 -0.05545 -0.32783 -300879506677418723162397618938660782080.00000
0.40091 -0.02845 -0.33772 -292893774391401761921388139531571560448.00000
0.40773 -0.03877 -0.33891 -303543317225123918949197155133560979456.00000
0.39917 -0.00997 -0.33021 -294233427545722954752889855479012917248.00000
0.40806 -0.02008 -0.33747 -296881519225985320495110832554166452224.00000
0.39968 -0.00113 -0.33135 -296917966716043082546862665764727422976.00000
0.40615 0.00773 -0.33016 -306243433286019651226055556908263145472.00000
0.39840 0.02542 -0.32744 -296902369543057874412306650328488476672.00000
0.40448 0.02570 -0.32550 -304893375255571785087626356020912062464.00000
0.40254 0.03433 -0.32018 -304888162676303646608327401577331556352.00000
0.40369 0.04357 -0.32461 -304893375255571785087626356020912062464.00000
0.39699 0.05165 -0.32566 -302240070996041280866106424502178021376.00000
0.40046 0.06048 -0.31735 -302224494105465676383220833013190361088.00000
0.38948 0.07451 -0.30642 -287550840076740613336618986967050223616.00000
0.39938 0.06901 -0.31573 -295562655541507870625793662539293261824.00000
0.38956 0.08335 -0.30897 -288880088354935132861193217974581854208.00000
0.39979 0.09712 -0.32393 -294223063234415488749303218433605763072.00000
0.38503 0.09770 -0.29923 -290219741509256325692694933922023211008.00000
0.39753 0.11469 -0.32286 -296891944384521597453708741441327464448.00000
0.38006 0.11092 -0.28874 -292888622659362434397100456929744912384.00000
0.38172 0.11813 -0.27865 -299560825534627706158114264449049165824.00000
0.37951 0.12473 -0.27503 -291554182084309380044897695425884061696.00000
0.40208 -0.13174 -0.32978 -306227673853757613878136149894013911040.00000
0.41110 -0.12641 -0.33169 -298231414997156357420176641863507247104.00000
0.40063 -0.10909 -0.31716 -295552149253333179060514057863127105536.00000
0.39980 -0.09830 -0.31110 -291548827528174016003905773351544553472.00000
0.40296 -0.08146 -0.31449 -296886589828386233412716819366987956224.00000
0.40879 -0.08299 -0.31155 -296886589828386233412716819366987956224.00000
0.40516 -0.07342 -0.31840 -299545066102365668810194857434799931392.00000
0.41328 -0.06642 -0.31925 -295552149253333179060514057863127105536.00000
0.41091 -0.05756 -0.33080 -300879506677418723162397618938660782080.00000
0.41898 -0.04975 -0.33117 -300884739539096465293366997329492574208.00000
0.41406 -0.03965 -0.33650 -304877717235357765998059068742919258112.00000
0.41988 -0.03058 -0.33076 -303543256377895107994185883291807121408.00000
0.40800 -0.01015 -0.31584 -304898526987611112611914038622738710528.00000
0.41340 -0.01952 -0.31200 -302208836085251657293653545735197556736.00000
0.40857 -0.00123 -0.31701 -303569298991826196739010231562458365952.00000
0.41169 0.00777 -0.30596 -314218801260729146463478399269945212928.00000
0.40905 0.01676 -0.31827 -310225884411696656713797599698272387072.00000
0.41175 0.02566 -0.30651 -310215479535569983406870114758362660864.00000
0.40867 0.03478 -0.31809 -306222562686537493657189315186689835008.00000
0.41263 0.04391 -0.31033 -307551790682322409530093122246970179584.00000
0.40647 0.06140 -0.31515 -306222562686537493657189315186689835008.00000
0.41187 0.05283 -0.30933 -308881038960516929054667353254501810176.00000
0.40533 0.07007 -0.31348 -299555531825721153072133614216463515648.00000
0.41173 0.08075 -0.31385 -299555511543311549420463190269212229632.00000
0.40572 0.09863 -0.32137 -298215919236219167543972746163524730880.00000
0.41008 0.08935 -0.31143 -298215878671399960240631898269022158848.00000
0.40547 0.10827 -0.32349 -295547078650932266142908071050305601536.00000
0.41102 0.11975 -0.32234 -295547038086113058839567223155803029504.00000
0.40268 0.12597 -0.32161 -288885300934203271340492172418162360320.00000
0.40766 0.13751 -0.31964 -276875335758725782170667318883414704128.00000
0.40184 0.15250 -0.31056 -291554182084309380044897695425884061696.00000
0.41408 -0.14800 -0.32804 -295562574411869456019111966750288117760.00000
0.41702 -0.12846 -0.32777 -295546956956474644232885527366797885440.00000
0.42153 -0.14041 -0.32367 -288890371536604184258098159230983864320.00000
0.41610 -0.11661 -0.32144 -295541744377206505753586572923217379328.00000
0.41310 -0.10343 -0.30983 -288874774363618976123542143794744918016.00000
0.41209 -0.09251 -0.30404 -284881857514586486373861344223072092160.00000
0.41687 -0.08344 -0.29508 -291543675796134688479618090749717905408.00000
0.41721 -0.07628 -0.31251 -288890371536604184258098159230983864320.00000
0.42152 -0.06888 -0.32166 -294222921257548263187610250802846760960.00000
0.42551 -0.05082 -0.32833 -302224372411008054473198289329682644992.00000
0.43238 -0.06225 -0.32756 -303558772421241901522060202939040923648.00000
0.42508 -0.04073 -0.32567 -307556962696771340706051228796048113664.00000
0.42444 -0.03075 -0.32273 -304882868967397093522346751344745906176.00000
0.41694 -0.01036 -0.30156 -307541345241376528919824789412557881344.00000
0.42426 -0.02022 -0.30203 -303543195530666297039174611450053263360.00000
0.41579 -0.00120 -0.29817 -314203143240515127373911111991952408576.00000
0.42252 0.00771 -0.29648 -314197930661246988894612157548371902464.00000
0.41626 0.02575 -0.29956 -306217309542450147874549512848606756864.00000
0.42268 0.01687 -0.29695 -310194608936087825838003873036789350400.00000
0.42226 0.03519 -0.29675 -316871983825802028774975787105171537920.00000
0.42351 0.04473 -0.30062 -314203102675695920070570264097449836544.00000
0.41360 0.06126 -0.29632 -304882868967397093522346751344745906176.00000
0.42267 0.05386 -0.29957 -311544626401716484673092226029637861376.00000
0.40929 0.07750 -0.28827 -304882828402577886219005903450243334144.00000
0.41848 0.07098 -0.29194 -306217208130402129616197393112350326784.00000
0.40929 0.08666 -0.29026 -302213987817290984817941228337024204800.00000
0.41498 0.09734 -0.28906 -295547017803703455187896799208551743488.00000
0.41390 0.10890 -0.30751 -302208815802842053641983121787946270720.00000
0.41938 0.12035 -0.30561 -295557503809468543101505979937466613760.00000
0.41546 0.14142 -0.32153 -291554161801899776393227271478632775680.00000
0.42458 0.13529 -0.32226 -294228214966454816273590901035432411136.00000
0.40923 0.15674 -0.31208 -294223063234415488749303218433605763072.00000
0.41692 0.16113 -0.31343 -295562655541507870625793662539293261824.00000
0.41535 0.17077 -0.31354 -292888602376952830745430032982493626368.00000
0.45462 -0.17965 -0.36946 -302224352128598450821527865382431358976.00000
0.42749 -0.14258 -0.31909 -295562574411869456019111966750288117760.00000
0.42910 -0.13263 -0.31924 -294217708678280124708311296359266254848.00000
0.43928 -0.12677 -0.32059 -298210625527312614457992095930939080704.00000
0.44058 -0.11637 -0.32035 -298210645809722218109662519878190366720.00000
0.42824 -0.09900 -0.30731 -298215878671399960240631898269022158848.00000
0.44167 -0.10590 -0.31986 -302219200396559123297240182780604710912.00000
0.44152 -0.07535 -0.33178 -302224352128598450821527865382431358976.00000
0.44818 -0.08776 -0.32951 -298221030403439287764919580870848806912.00000
0.44398 -0.06575 -0.33559 -304893212996294955874262964442901774336.00000
0.45345 -0.05707 -0.33538 -302224331846188847169857441435180072960.00000
0.44322 -0.04413 -0.33050 -314223892145539663032754810030018002944.00000
0.45211 -0.03493 -0.32965 -306222461274489475398837195450433404928.00000
0.43176 -0.01141 -0.30082 -310205013812214499144931357976699076608.00000
0.43849 -0.01181 -0.29779 -307541345241376528919824789412557881344.00000
0.43049 -0.00178 -0.29744 -311529049511140880190206634540650201088.00000
0.44186 0.00753 -0.30468 -310199821515355964317302827480369856512.00000
0.42908 0.02635 -0.29432 -316861619514494562771389150059764383744.00000
0.43773 0.02687 -0.29588 -310215438970750776103529266863860088832.00000
0.43002 0.04538 -0.29783 -311539434104857949845463695533308641280.00000
0.43668 0.04604 -0.29482 -306222481556899079050507619397684690944.00000
0.42609 0.06317 -0.29084 -306212036115953198440239286563272392704.00000
0.43573 0.05551 -0.29370 -304888020699436421046634433946572554240.00000
0.43108 0.07323 -0.28595 -307551709552683994923411426457965035520.00000
0.42937 0.08212 -0.28374 -306217268977630940571208664954104184832.00000
0.42281 0.10002 -0.29034 -296881438096346905888429136765161308160.00000
0.43125 0.09292 -0.28991 -299545066102365668810194857434799931392.00000
0.42753 0.12375 -0.30701 -295562635259098266974123238592041975808.00000
0.44119 0.12001 -0.31737 -296886610110795837064387243314239242240.00000
0.43674 0.15397 -0.33642 -295562594694279059670782390697539403776.00000
0.44335 0.15625 -0.33196 -295567746426318387195070073299366051840.00000
0.43954 0.16474 -0.32670 -294233326133674936494537735742756487168.00000
0.43556 0.17283 -0.32117 -295567766708727990846740497246617337856.00000
0.42324 0.17556 -0.31459 -298231475844385168375187913705261105152.00000
0.46736 -0.21286 -0.36465 -300879486395009119510727194991409496064.00000
0.46290 -0.19809 -0.37163 -296876164669849956454118910479826944000.00000
0.47578 -0.19250 -0.37321 -292888480682495208835407489298985910272.00000
0.44778 -0.15499 -0.32777 -287561143540819268385194352170703519744.00000
0.44679 -0.14172 -0.32171 -291564485548388035093473060629537357824.00000
0.44980 -0.12041 -0.32165 -300879526959828326814068042885912068096.00000
0.45503 -0.13325 -0.31669 -294228174401635608970250053140929839104.00000
0.45458 -0.10049 -0.32639 -291543675796134688479618090749717905408.00000
0.46164 -0.10233 -0.32174 -298200261216005148454405458885531926528.00000
0.45795 -0.09098 -0.33122 -300889911553545396469325103878570508288.00000
0.46852 -0.08269 -0.33122 -312894664149754747159851002969737658368.00000
0.46392 -0.07091 -0.33977 -306227653571348010226465725946762625024.00000
0.47425 -0.06167 -0.33915 -302224331846188847169857441435180072960.00000
0.46584 -0.04871 -0.34060 -302234757004725124128455350322341085184.00000
0.47565 -0.03875 -0.33927 -298215858388990356588961474321770872832.00000
0.47148 -0.02640 -0.32996 -304888081546665232001645705788326412288.00000
0.46995 -0.01495 -0.32622 -302219200396559123297240182780604710912.00000
0.46547 -0.00352 -0.31684 -296876266081897974712471030216083374080.00000
0.46091 0.00736 -0.30756 -299545126949594479765206129276553789440.00000
0.44909 0.01756 -0.30188 -302213987817290984817941228337024204800.00000
0.45616 0.02799 -0.29842 -306222522121718286353848467292187262976.00000
0.44855 0.03771 -0.30156 -299555470978492342117122342374709657600.00000
0.45007 0.04821 -0.30554 -299565896137028619075720251261870669824.00000
0.44902 0.05823 -0.30431 -298236627576424495899475596307087753216.00000
0.45616 0.05913 -0.30067 -295567786991137594498410921193868623872.00000
0.44168 0.07606 -0.29140 -299545106667184876113535705329302503424.00000
0.46022 0.08197 -0.31158 -282212976364480377669455821215350390784.00000
0.45086 0.11252 -0.31705 -294217708678280124708311296359266254848.00000
0.45814 0.10316 -0.31105 -298210666092131821761332943825441652736.00000
0.45752 0.14024 -0.33711 -291564424701159224138461788787783499776.00000
0.46544 0.13070 -0.33094 -287556012091189544512577093516128157696.00000
0.45271 0.16087 -0.33318 -294222880692729055884269402908344188928.00000
0.46663 0.15635 -0.33953 -290209275785900841430756177140359626752.00000
0.45129 0.17208 -0.33375 -295552189818152386363854905757629677568.00000
0.45626 0.18574 -0.32857 -303532871784178038338928822299148681216.00000
0.43748 0.18294 -0.31036 -304867312359231092691131583803009531904.00000
0.44133 0.19549 -0.30431 -296860668908912766577915014779844427776.00000
0.47408 -0.21556 -0.35735 -295541724094796902101916148975966093312.00000
0.48491 -0.22291 -0.35798 -299560663275350876944750872871038877696.00000
0.48300 -0.19521 -0.36629 -296897014986922510371314728254148968448.00000
0.48768 -0.21048 -0.35860 -296902187001371441547272834803226902528.00000
0.48127 -0.17893 -0.35833 -296907419863049183678242213194058694656.00000
0.46917 -0.15429 -0.32975 -298231475844385168375187913705261105152.00000
0.46470 -0.13780 -0.31730 -298210666092131821761332943825441652736.00000
0.47651 -0.13109 -0.31784 -296865820640952094102202697381671075840.00000
0.47180 -0.10600 -0.32270 -304872443808860816563748842457584893952.00000
0.47916 -0.10791 -0.31739 -306196438942967990305683271127033446400.00000
0.47564 -0.09610 -0.32778 -302203542376345104207672895502611906560.00000
0.48698 -0.08746 -0.32736 -306212036115953198440239286563272392704.00000
0.48243 -0.07513 -0.33681 -308886129845327445623943764014574600192.00000
0.49350 -0.06545 -0.33572 -306222400427260664443825923608679546880.00000
0.48468 -0.05182 -0.33796 -300879547242237930465738466833163354112.00000
0.49286 -0.05295 -0.33312 -306217268977630940571208664954104184832.00000
0.47938 -0.02708 -0.32573 -304888101829074835653316129735577698304.00000
0.48887 -0.01629 -0.32315 -304882868967397093522346751344745906176.00000
0.47879 -0.00418 -0.32351 -295541866071664127663609116606725095424.00000
0.48750 0.00710 -0.32007 -302213987817290984817941228337024204800.00000
0.46865 0.01807 -0.30416 -303548428392344039170143989840885055488.00000
0.48170 0.02973 -0.30998 -302224352128598450821527865382431358976.00000
0.46974 0.05076 -0.30779 -296897055551741717674655576148651540480.00000
0.47564 0.04012 -0.29957 -299555470978492342117122342374709657600.00000
0.47224 0.07371 -0.31481 -284881958926634504632213463959328522240.00000
0.48460 0.06466 -0.31752 -294228133836816401666909205246427267072.00000
0.47630 0.09845 -0.32590 -283531941461005845797125110966480011264.00000
0.48716 0.10139 -0.32671 -294191889170854676131861611508379156480.00000
0.47629 0.12256 -0.33024 -295541845789254524011938692659473809408.00000
0.48731 0.11381 -0.32902 -292857387748572810824647578162764447744.00000
0.47202 0.14458 -0.32724 -295547038086113058839567223155803029504.00000
0.47941 0.14679 -0.32184 -292878156936006950135161700148081328128.00000
0.47707 0.16109 -0.34043 -294212597511060004487364461651942178816.00000
0.48310 0.17578 -0.33523 -288864430334721113771625930696589049856.00000
0.47093 0.18248 -0.33521 -290198870909774168123828692200449900544.00000
0.47804 0.18505 -0.32913 -279523346309349733306206600169563095040.00000
0.46078 0.19943 -0.32243 -286185144308488331760292922748957622272.00000
0.46479 0.21305 -0.31532 -292862580045431345652276108659093667840.00000
0.46201 0.22388 -0.31428 -292867792624699484131575063102674173952.00000
0.49302 -0.24317 -0.35739 -299555450696082738465451918427458371584.00000
0.49976 -0.24586 -0.34847 -302224311563779243518187017487928786944.00000
0.49913 -0.21776 -0.35901 -298246991887731961903062233352494907392.00000
0.50927 -0.20758 -0.35143 -294228093271997194363568357351924695040.00000
0.49816 -0.17158 -0.34461 -300879486395009119510727194991409496064.00000
0.50319 -0.18675 -0.33667 -294222900975138659535939826855595474944.00000
0.48709 -0.13565 -0.31796 -302187945203359896073116880066372960256.00000
0.49444 -0.13786 -0.31153 -303532810936949227383917550457394823168.00000
0.48867 -0.12376 -0.31797 -307525687221162509830257502134565076992.00000
0.50116 -0.11578 -0.31761 -303548387827524831866803141946382483456.00000
0.49488 -0.08913 -0.32191 -302193056370580016294063714773697036288.00000
0.50219 -0.10334 -0.31704 -302213947252471777514600380442521632768.00000
0.50178 -0.06680 -0.33041 -304877534693671333133025253217657683968.00000
0.51018 -0.06817 -0.32476 -300879506677418723162397618938660782080.00000
0.50466 -0.05511 -0.33398 -304877595540900144088036525059411542016.00000
0.51323 -0.05630 -0.32839 -306211995551133991136898438668769820672.00000
0.50219 -0.02965 -0.32765 -300869101801292049855470133998751055872.00000
0.51242 -0.01811 -0.32438 -300874415792608206593121208178587992064.00000
0.50152 -0.00516 -0.32542 -307541345241376528919824789412557881344.00000
0.51012 -0.00545 -0.32023 -298210747221770236368014639614446796800.00000
0.49598 0.01887 -0.31584 -296876184952259560105789334427078230016.00000
0.50747 0.03139 -0.31611 -288895543551053115434056265780061798400.00000
0.49413 0.05414 -0.31423 -296896994704512906719644304306897682432.00000
0.50680 0.04356 -0.31554 -302229503860637778345815547984258007040.00000
0.50742 0.06840 -0.31830 -306206843819094663612610756066943172608.00000
0.50877 0.08135 -0.32174 -298184643760610336668179019502041694208.00000
0.50128 0.09293 -0.33033 -296871073785039439884842499719754153984.00000
0.50971 0.09443 -0.32477 -300853524910716445372584542509763395584.00000
0.49503 0.12826 -0.32543 -291522906608700549169103968764401025024.00000
0.50683 0.11913 -0.32369 -294207344366972658704724659313859100672.00000
0.49011 0.15119 -0.32191 -295547038086113058839567223155803029504.00000
0.49776 0.15347 -0.31576 -294202172352523727528766552764781166592.00000
0.49214 0.16592 -0.32857 -294207405214201469659735931155612958720.00000
0.49053 0.17831 -0.32893 -290198891192183771775499116147701186560.00000
0.48995 0.20601 -0.33532 -290198911474593375427169540094952472576.00000
0.50726 0.20283 -0.34187 -282192268024275049313952971071787368448.00000
0.49837 0.22477 -0.33426 -288864470899540321074966778591091621888.00000
0.49164 0.23308 -0.32658 -288869622631579648599254461192918269952.00000
0.48478 0.24077 -0.31872 -287535141491707386943710851794554847232.00000
0.51653 -0.26003 -0.35670 -298226161853069011637536839525424168960.00000
0.52344 -0.26274 -0.34666 -296876164669849956454118910479826944000.00000
0.51836 -0.22811 -0.35015 -290209174373852823172404057404103196672.00000
0.53422 -0.22231 -0.35026 -294207283519743847749713387472105242624.00000
0.51958 -0.19718 -0.34378 -296886610110795837064387243314239242240.00000
0.53495 -0.19037 -0.34363 -295546997521293851536226375261300457472.00000
0.50340 -0.15482 -0.31025 -295541784942025713056927420817719951360.00000
0.50560 -0.14263 -0.31085 -298205494077682890585374837276363718656.00000
0.51133 -0.13267 -0.31734 -298210645809722218109662519878190366720.00000
0.52491 -0.12424 -0.31639 -299545066102365668810194857434799931392.00000
0.51851 -0.09590 -0.32187 -300879506677418723162397618938660782080.00000
0.53103 -0.09948 -0.32129 -296876184952259560105789334427078230016.00000
0.52251 -0.07084 -0.32473 -295541744377206505753586572923217379328.00000
0.53124 -0.07226 -0.31823 -300879506677418723162397618938660782080.00000
0.52468 -0.04510 -0.32562 -303537962668988554908205233059221471232.00000
0.53362 -0.04610 -0.31932 -299534701791058202806608220389392777216.00000
0.52315 -0.03177 -0.32237 -300879547242237930465738466833163354112.00000
0.53605 -0.03321 -0.32203 -294207344366972658704724659313859100672.00000
0.52247 -0.00598 -0.32027 -292878177218416553786832124095332614144.00000
0.53533 -0.00653 -0.31993 -300884780103915672596707845223995146240.00000
0.51963 0.03212 -0.31607 -296902187001371441547272834803226902528.00000
0.53643 0.01996 -0.32142 -291554080672261361786545575689627631616.00000
0.52251 0.04522 -0.32103 -304893172431475748570922116548399202304.00000
0.53795 0.06029 -0.32523 -299555410131263531162111070532955799552.00000
0.52096 0.08376 -0.32160 -299539894087916737634236750885721997312.00000
0.52975 0.08510 -0.31535 -287550758947102198729937291178045079552.00000
0.51875 0.10933 -0.32131 -295541784942025713056927420817719951360.00000
0.53072 0.09884 -0.31820 -283547457504352639324999430613713813504.00000
0.51881 0.12277 -0.32336 -292872903791919604352521897809998249984.00000
0.52687 0.13831 -0.31818 -286200700916654332591508090290693996544.00000
0.51274 0.16047 -0.32097 -291538442934456946348648712358886113280.00000
0.53003 0.15421 -0.32537 -290204022641813495648116374802276548608.00000
0.51902 0.17899 -0.33408 -288869582066760441295913613298415697920.00000
0.53581 0.18759 -0.33989 -284866219776782070935964480892330573824.00000
0.51668 0.22244 -0.34093 -290198870909774168123828692200449900544.00000
0.53152 0.21556 -0.34009 -284866260341601278239305328786833145856.00000
0.50964 0.23152 -0.33323 -291533311484827222476031453704310751232.00000
0.51693 0.23435 -0.32479 -290198830344954960820487844305947328512.00000
0.49149 0.25932 -0.31564 -282207784067621842841827290719021170688.00000
0.50576 0.25484 -0.31530 -280878616919065737923934755500494684160.00000
0.52594 -0.27835 -0.33443 -295541724094796902101916148975966093312.00000
0.53026 -0.26538 -0.33623 -295541724094796902101916148975966093312.00000
0.54720 -0.26074 -0.33582 -296876164669849956454118910479826944000.00000
0.53824 -0.23876 -0.33936 -298205392665634872327022717540107288576.00000
0.54554 -0.24147 -0.32907 -298205392665634872327022717540107288576.00000
0.54819 -0.19711 -0.34246 -296876164669849956454118910479826944000.00000
0.55303 -0.21395 -0.33189 -295536511515528763622617194532385587200.00000
0.55383 -0.18171 -0.32620 -294207283519743847749713387472105242624.00000
0.54158 -0.15798 -0.30635 -298221010121029684113249156923597520896.00000
0.53310 -0.12635 -0.30890 -304882808120168282567335479502992048128.00000
0.54131 -0.12847 -0.30102 -302213926970062173862929956495270346752.00000
0.53878 -0.11505 -0.31480 -304882808120168282567335479502992048128.00000
0.54730 -0.11706 -0.30697 -306217248695221336919538241006852898816.00000
0.54440 -0.08913 -0.31899 -296876184952259560105789334427078230016.00000
0.55333 -0.09081 -0.31139 -299545066102365668810194857434799931392.00000
0.54686 -0.04803 -0.31849 -304872484373680023867089690352087465984.00000
0.55613 -0.04907 -0.31125 -298184643760610336668179019502041694208.00000
0.54725 -0.02065 -0.31755 -304882868967397093522346751344745906176.00000
0.55888 -0.03552 -0.31406 -296850162620738075012635410103678271488.00000
0.54958 0.00657 -0.32021 -300884739539096465293366997329492574208.00000
0.56260 -0.00769 -0.31794 -303527537510452277949607324172060459008.00000
0.54957 0.03403 -0.32054 -296886569545976629761046395419736670208.00000
0.56383 0.02066 -0.31944 -291548868092993223307246621246047125504.00000
0.54869 0.04769 -0.31983 -283542123230626878935677932486625591296.00000
0.54723 0.06121 -0.31855 -288890290406965769651416463441978720256.00000
0.54265 0.08763 -0.31431 -287566376402497010516163730561535311872.00000
0.55446 0.07571 -0.30956 -287566356120087406864493306614284025856.00000
0.53957 0.10041 -0.31139 -271547897205001823462102062018875883520.00000
0.54849 0.10200 -0.30416 -296881519225985320495110832554166452224.00000
0.54373 0.14473 -0.32295 -291533270920008015172690605809808179200.00000
0.55758 0.13447 -0.31980 -294202212917342934832107400659283738624.00000
0.56573 0.18828 -0.35986 -292862519198202534697264836817339809792.00000
0.57621 0.17515 -0.34967 -290203982076994288344775526907773976576.00000
0.55691 0.21544 -0.35355 -284861088327152347063347222237755211776.00000
0.57325 0.20676 -0.35150 -282218249790977327103766047500684754944.00000
0.54931 0.22626 -0.34594 -282202612053172911665869184169943236608.00000
0.55450 0.24368 -0.33586 -279570218957943772316556342267285078016.00000
0.52983 0.25901 -0.32868 -280878657483884945227275603394997256192.00000
0.54586 0.25316 -0.32748 -276890953214120593956893758266904936448.00000
0.52128 0.26704 -0.31996 -279544216908831890875072841891136405504.00000
0.52858 0.28759 -0.31534 -282202672900401722620880456011697094656.00000
0.57129 -0.31502 -0.33562 -298220989838620080461578732976346234880.00000
0.55585 -0.28352 -0.33140 -296891721278015957285334078021563318272.00000
0.56049 -0.26961 -0.33326 -296886549263567026109375971472485384192.00000
0.56283 -0.23566 -0.32812 -299539833240687926679225479043968139264.00000
0.56592 -0.25232 -0.31517 -295572959005586525674369027742946557952.00000
0.56435 -0.20251 -0.32295 -298210605244903010806321671983687794688.00000
0.57453 -0.22411 -0.31867 -299555410131263531162111070532955799552.00000
0.58170 -0.19473 -0.32109 -302219078702101501387217639097096994816.00000
0.57880 -0.17600 -0.31460 -303553539559564159391090824548209131520.00000
0.55694 -0.14958 -0.30458 -300884658409458050686685301540487430144.00000
0.55900 -0.13552 -0.30487 -300879486395009119510727194991409496064.00000
0.56170 -0.10693 -0.30427 -304882808120168282567335479502992048128.00000
0.57555 -0.11085 -0.30162 -302213947252471777514600380442521632768.00000
0.56707 -0.09422 -0.30938 -300879506677418723162397618938660782080.00000
0.57191 -0.08099 -0.31399 -299545106667184876113535705329302503424.00000
0.57128 -0.06600 -0.31191 -298200261216005148454405458885531926528.00000
0.58970 -0.05426 -0.31303 -303548428392344039170143989840885055488.00000
0.57537 -0.02280 -0.31452 -300869101801292049855470133998751055872.00000
0.58774 -0.03872 -0.30989 -300879506677418723162397618938660782080.00000
0.57703 -0.00831 -0.31620 -302208714390794035383631002051689840640.00000
0.58694 -0.00864 -0.30796 -303548367545115228215132717999131197440.00000
0.58341 0.02105 -0.30370 -300874273815740981031428240547828989952.00000
0.58304 0.03577 -0.30353 -299545086384775272461865281382051217408.00000
0.57223 0.04970 -0.31089 -294217769525508935663322568201020112896.00000
0.58502 0.06577 -0.30706 -299555470978492342117122342374709657600.00000
0.56826 0.07794 -0.30757 -296902187001371441547272834803226902528.00000
0.57940 0.09442 -0.30245 -303517092069506397339338991337648160768.00000
0.56677 0.12155 -0.30983 -294191828323625865176850339666625298432.00000
0.58043 0.10982 -0.30503 -302187945203359896073116880066372960256.00000
0.58653 0.16162 -0.33905 -290204022641813495648116374802276548608.00000
0.59662 0.14766 -0.32792 -295531420630718247053340783772312797184.00000
0.59596 0.20084 -0.35649 -283547538633991053931681126402718957568.00000
0.61332 0.19017 -0.35283 -286200761763883143546519362132447854592.00000
0.59417 0.21747 -0.35727 -280889062360011618534203088334906982400.00000
0.60352 0.22041 -0.34659 -282207905762079464751849834402528886784.00000
0.57131 0.23637 -0.33391 -284897576382029316418439903342818754560.00000
0.57605 0.25420 -0.32239 -279544216908831890875072841891136405504.00000
0.57208 0.26882 -0.32111 -280863040028490133441049164011507023872.00000
0.56775 0.28313 -0.31955 -282207885479669861100179410455277600768.00000
0.55035 0.28851 -0.32145 -284861149174381158018358494079509069824.00000
0.55734 0.29129 -0.31020 -282207885479669861100179410455277600768.00000
0.53636 0.30501 -0.29117 -275540895183672727818464557379553853440.00000
0.59651 -0.35989 -0.35110 -291564384136340016835120940893280927744.00000
0.61795 -0.35619 -0.34876 -294238356171256642108802874661075419136.00000
0.59885 -0.31905 -0.34383 -295552128970923575408843633915875819520.00000
0.61140 -0.30596 -0.33162 -300884638127048447035014877593236144128.00000
0.58637 -0.26696 -0.31969 -294217688395870521056640872412014968832.00000
0.61351 -0.26718 -0.32592 -299550197551995392682812116089375293440.00000
0.58872 -0.23182 -0.31508 -296886528981157422457705547525234098176.00000
0.60769 -0.22441 -0.31241 -302208673825974828080290154157187268608.00000
0.61283 -0.19420 -0.33396 -302208673825974828080290154157187268608.00000
0.61860 -0.21334 -0.32144 -299539792675868719375884631149465567232.00000
0.60865 -0.17386 -0.32637 -298205352100815665023681869645604716544.00000
0.63396 -0.16679 -0.33017 -298210605244903010806321671983687794688.00000
0.61224 -0.14094 -0.32578 -299545045819956065158524433487548645376.00000
0.63636 -0.13168 -0.32850 -299545086384775272461865281382051217408.00000
0.62568 -0.09463 -0.33563 -299545066102365668810194857434799931392.00000
0.63659 -0.11401 -0.32697 -296876225517078767409130182321580802048.00000
0.63090 -0.07891 -0.34015 -307530859235611441006215608683643011072.00000
0.64853 -0.08211 -0.33679 -300869122083701653507140557946002341888.00000
0.61416 -0.04215 -0.31946 -302219078702101501387217639097096994816.00000
0.65330 -0.02972 -0.33919 -303553539559564159391090824548209131520.00000
0.60749 -0.00960 -0.31102 -284897495252390901811758207553813610496.00000
0.61896 0.00600 -0.30252 -302219200396559123297240182780604710912.00000
0.59792 0.03665 -0.30052 -299539934652735944937577598780224569344.00000
0.61375 0.02182 -0.29710 -299545106667184876113535705329302503424.00000
0.60530 0.06864 -0.30995 -296876225517078767409130182321580802048.00000
0.62326 0.05467 -0.30785 -302213947252471777514600380442521632768.00000
0.60258 0.08384 -0.30782 -295541744377206505753586572923217379328.00000
0.64263 0.09188 -0.32996 -298210605244903010806321671983687794688.00000
0.60638 0.13328 -0.31623 -295541724094796902101916148975966093312.00000
0.62152 0.12035 -0.31013 -294207283519743847749713387472105242624.00000
0.61782 0.17223 -0.33327 -294202131787704520225425704870278594560.00000
0.62834 0.15726 -0.32085 -283552649801211174152627961110043033600.00000
0.62852 0.21435 -0.35075 -279544216908831890875072841891136405504.00000
0.63834 0.21723 -0.33882 -243514321382399423365598281286893436928.00000
0.63601 0.23507 -0.33916 -263530930008195238648639703844806197248.00000
0.62587 0.24771 -0.33106 -280878657483884945227275603394997256192.00000
0.59007 0.26204 -0.31846 -275540895183672727818464557379553853440.00000
0.60864 0.25441 -0.31509 -279544216908831890875072841891136405504.00000
0.58121 0.29171 -0.31539 -274216859484746346773189280815602728960.00000
0.60000 0.28552 -0.31240 -280878657483884945227275603394997256192.00000
0.57010 0.29988 -0.30585 -278220181209905509829797565327185281024.00000
0.57765 0.32260 -0.29857 -279544216908831890875072841891136405504.00000
0.55342 0.31994 -0.29369 -276885740634852455477594803823324430336.00000
0.55338 0.33453 -0.27839 -280868252607758271920348118455087529984.00000
0.65016 -0.41064 -0.36704 -294238335888847038457132450713824133120.00000
0.70096 -0.43425 -0.39065 -298215655564894320072257234849258012672.00000
0.64041 -0.35178 -0.34577 -298226040158611389727514295841916452864.00000
0.67479 -0.35668 -0.35326 -299550156987176185379471268194872721408.00000
0.62420 -0.29273 -0.31933 -299550197551995392682812116089375293440.00000
0.64591 -0.28631 -0.31565 -295541724094796902101916148975966093312.00000
0.64269 -0.26647 -0.33164 -302219078702101501387217639097096994816.00000
0.67399 -0.26466 -0.33671 -296870952090581817974819956036246437888.00000
0.63479 -0.22095 -0.31679 -298205352100815665023681869645604716544.00000
0.65527 -0.21134 -0.31228 -302193056370580016294063714773697036288.00000
0.65905 -0.17687 -0.33381 -299545066102365668810194857434799931392.00000
0.66903 -0.17942 -0.32062 -296886589828386233412716819366987956224.00000
0.64648 -0.13382 -0.31683 -298210666092131821761332943825441652736.00000
0.66283 -0.15724 -0.31252 -295541744377206505753586572923217379328.00000
0.64688 -0.11593 -0.31552 -296871073785039439884842499719754153984.00000
0.65690 -0.09972 -0.30189 -299534661226238995503267372494890205184.00000
0.65944 -0.08362 -0.32532 -300863990634071929634523299291426979840.00000
0.67194 -0.06806 -0.33670 -300869142366111257158810981893253627904.00000
0.68399 -0.05139 -0.34781 -303543154965847089735833763555550691328.00000
0.69575 -0.05240 -0.33523 -303537982951398158559875657006472757248.00000
0.67420 -0.01298 -0.33703 -303543154965847089735833763555550691328.00000
0.67963 0.00540 -0.31899 -299550298964043410941164235825631723520.00000
0.64752 0.04001 -0.31076 -300879506677418723162397618938660782080.00000
0.67271 0.02356 -0.31260 -300884780103915672596707845223995146240.00000
0.67852 0.07995 -0.34278 -298215777259351941982279778532765728768.00000
0.68515 0.06141 -0.32498 -295541744377206505753586572923217379328.00000
0.67494 0.09803 -0.34021 -299550197551995392682812116089375293440.00000
0.68946 0.11947 -0.33191 -298195008071917802671765656547448848384.00000
0.65181 0.14673 -0.32132 -291548888375402826958917045193298411520.00000
0.66949 0.15148 -0.31607 -288885219804564856733810476629157216256.00000
0.65867 0.18704 -0.33226 -276901317525428059960480395312312090624.00000
0.66960 0.17056 -0.31799 -282233887528781742541662910831426273280.00000
0.65561 0.22439 -0.33412 -278209776333778836522870080387275554816.00000
0.66540 0.22725 -0.32080 -276870123179457643691368364439834198016.00000
0.63484 0.25068 -0.31836 -283526728881737707317826156522899505152.00000
0.65476 0.24092 -0.31315 -280847422573095321654822724628016791552.00000
0.62383 0.26235 -0.30995 -284861149174381158018358494079509069824.00000
0.63215 0.26522 -0.29678 -280857827449221994961750209567926517760.00000
0.60938 0.30970 -0.30520 -283542285489903708149041324064635879424.00000
0.62967 0.30334 -0.30104 -279533730903066802961463661162221535232.00000
0.60379 0.32473 -0.30309 -284871513485688624021945131124916224000.00000
0.62604 0.34209 -0.30505 -280857786884402787658409361673423945728.00000
0.57822 0.35921 -0.28758 -280847442855504925306493148575268077568.00000
0.61332 0.37273 -0.30039 -279507789701183732474991432627826720768.00000
0.73867 -0.46818 -0.40096 -298215675847303923723927658796509298688.00000
0.72862 -0.42924 -0.38564 -298210463268035785244628704352928792576.00000
0.75751 -0.42322 -0.37962 -298205352100815665023681869645604716544.00000
0.71219 -0.36085 -0.36024 -299534640943829391851596948547638919168.00000
0.75283 -0.36408 -0.36652 -295531339501079832446659087983307653120.00000
0.72198 -0.31874 -0.36137 -295541744377206505753586572923217379328.00000
0.76156 -0.31802 -0.36650 -296870952090581817974819956036246437888.00000
0.70747 -0.26156 -0.34093 -303543154965847089735833763555550691328.00000
0.74318 -0.25696 -0.34412 -300869040954063238900458862156997197824.00000
0.68492 -0.20523 -0.31468 -299529428364561253372297994104058413056.00000
0.70653 -0.19297 -0.30779 -295552149253333179060514057863127105536.00000
0.67271 -0.15955 -0.29924 -295541744377206505753586572923217379328.00000
0.67613 -0.14007 -0.27837 -296876184952259560105789334427078230016.00000
0.65990 -0.11730 -0.28440 -303537982951398158559875657006472757248.00000
0.66712 -0.10138 -0.28946 -306206864101504267264281180014194458624.00000
0.72003 -0.07556 -0.33393 -298210625527312614457992095930939080704.00000
0.70788 -0.09193 -0.30071 -302213947252471777514600380442521632768.00000
0.72878 -0.03602 -0.34012 -299545066102365668810194857434799931392.00000
0.74651 -0.05845 -0.33077 -299545066102365668810194857434799931392.00000
0.72391 0.00495 -0.33528 -299555491260901945768792766321960943616.00000
0.75345 -0.01665 -0.33546 -304867210947183074432779464066753101824.00000
0.71479 0.04466 -0.32762 -290224812111657238610300920734844715008.00000
0.75452 0.04741 -0.33651 -296876184952259560105789334427078230016.00000
0.72738 0.08666 -0.33993 -294217728960689728359981720306517540864.00000
0.74898 0.08948 -0.33321 -302198390644305776683385212900785258496.00000
0.70912 0.12339 -0.32600 -288890452666242598864779855019989008384.00000
0.73871 0.12987 -0.32686 -291554040107442154483204727795125059584.00000
0.70421 0.16229 -0.32467 -284892384085170781590811372846489534464.00000
0.72413 0.16768 -0.31772 -287545546367834060250638336734464573440.00000
0.69547 0.19960 -0.32074 -283568388951063607848876944177040982016.00000
0.72456 0.18907 -0.31989 -290204022641813495648116374802276548608.00000
0.68557 0.21532 -0.31406 -279528579171027475437175978560394887168.00000
0.70173 0.24232 -0.30724 -272830374246650322234678670664941961216.00000
0.67191 0.24865 -0.30671 -283500686267806618573001808252248260608.00000
0.67693 0.26980 -0.29123 -274175239980239653545479341055963824128.00000
0.65064 0.29606 -0.29603 -280873404339797599444635801056914178048.00000
0.69011 0.30042 -0.30573 -275514893134560846376981057003405180928.00000
0.67934 0.33728 -0.30299 -276854505724062831905141925056343965696.00000
0.68309 0.36374 -0.31011 -280857827449221994961750209567926517760.00000
0.65306 0.38699 -0.31385 -283511111426342895531599717139409272832.00000
0.67664 0.38179 -0.30828 -280847442855504925306493148575268077568.00000
0.65626 0.41449 -0.32165 -282166245692753564220799046748387409920.00000
0.66274 0.41673 -0.30413 -278168177111681746946830564574887936000.00000
0.79994 -0.45667 -0.38750 -291533149225550393262668062126300463104.00000
0.80841 -0.45950 -0.36445 -294202030375656501967073585134022164480.00000
0.81377 -0.43352 -0.36421 -294202070940475709270414433028524736512.00000
0.81876 -0.40749 -0.36389 -295531319218670228794988664036056367104.00000
0.79691 -0.36614 -0.37187 -298200220651185941151064610991029354496.00000
0.82725 -0.35517 -0.36283 -300874273815740981031428240547828989952.00000
0.78933 -0.30659 -0.35856 -304877595540900144088036525059411542016.00000
0.81463 -0.31902 -0.34991 -300874273815740981031428240547828989952.00000
0.79449 -0.25760 -0.35672 -302208673825974828080290154157187268608.00000
0.85114 -0.28413 -0.37126 -304877554976080936784695677164908969984.00000
0.72825 -0.17938 -0.29958 -302213926970062173862929956495270346752.00000
0.85004 -0.20160 -0.36319 -304877595540900144088036525059411542016.00000
0.71132 -0.11145 -0.28161 -306196418660558386654012847179782160384.00000
0.77129 -0.14953 -0.30398 -302208714390794035383631002051689840640.00000
0.79636 -0.08826 -0.34523 -300889891271135792817654679931319222272.00000
0.86878 -0.12744 -0.37180 -298221010121029684113249156923597520896.00000
0.80230 -0.06584 -0.34893 -302224331846188847169857441435180072960.00000
0.84578 -0.04623 -0.35250 -296876164669849956454118910479826944000.00000
0.80004 0.00421 -0.34596 -296870972372991421626490379983497723904.00000
0.83599 -0.02067 -0.34506 -303548367545115228215132717999131197440.00000
0.80039 0.02739 -0.34629 -299545066102365668810194857434799931392.00000
0.83701 0.05303 -0.34597 -298210605244903010806321671983687794688.00000
0.79687 0.07345 -0.34440 -299545045819956065158524433487548645376.00000
0.84744 0.07898 -0.35399 -299545045819956065158524433487548645376.00000
0.78790 0.11817 -0.33922 -291538422652047342696978288411634827264.00000
0.80520 0.14449 -0.32648 -290214386953120961651703011847683702784.00000
0.75467 0.17677 -0.31759 -284897495252390901811758207553813610496.00000
0.79704 0.16600 -0.32195 -287566376402497010516163730561535311872.00000
0.75505 0.22215 -0.32174 -278199310610423352260931323605611970560.00000
0.82641 0.22566 -0.34692 -282218310638206138058777319342438612992.00000
0.74320 0.23947 -0.31461 -280852655434773063785792103018848583680.00000
0.84177 0.28555 -0.36293 -280852655434773063785792103018848583680.00000
0.73399 0.30401 -0.31525 -271511571409401683320372772491822628864.00000
0.80958 0.32240 -0.34456 -266173809109189465911561726476379226112.00000
0.74785 0.36324 -0.33328 -278183754002257351429716156063875596288.00000
0.79799 0.39720 -0.34589 -278188966581525489909015110507456102400.00000
0.73650 0.40634 -0.33158 -276854566571291642860153196898097823744.00000
0.75783 0.42069 -0.32238 -271527229429615702409940059769815433216.00000
0.71753 0.41572 -0.31967 -271522037132757167582311529273486213120.00000
0.73759 0.43006 -0.31045 -263531092267472067862003095422816485376.00000
0.69600 0.47438 -0.31470 -255508912491397344569241782805166292992.00000
0.81025 -0.48785 -0.34080 -291533047813502375004315942390044033024.00000
0.83593 -0.47929 -0.35526 -288864268075444284558262539118578761728.00000
0.84133 -0.45203 -0.35486 -291533210072779204217679333968054321152.00000
0.89699 -0.45950 -0.35811 -280857786884402787658409361673423945728.00000
0.83279 -0.38452 -0.34092 -296855334635187006188593516652756205568.00000
0.86027 -0.40052 -0.33000 -290188466033647494816901207260540174336.00000
0.85826 -0.34256 -0.35218 -296855294070367798885252668758253633536.00000
0.88720 -0.35699 -0.34109 -291528017775920669390050803471725101056.00000
0.89833 -0.27563 -0.37136 -294201989810837294663732737239519592448.00000
0.93015 -0.31885 -0.36295 -294202070940475709270414433028524736512.00000
0.91560 -0.25345 -0.38073 -296865719228904075843850577645414645760.00000
0.96544 -0.23992 -0.37808 -298210605244903010806321671983687794688.00000
0.92726 -0.19825 -0.38444 -303548367545115228215132717999131197440.00000
0.98125 -0.21368 -0.38604 -298210605244903010806321671983687794688.00000
0.94230 -0.11366 -0.39011 -302224331846188847169857441435180072960.00000
0.99688 -0.12270 -0.39133 -296876184952259560105789334427078230016.00000
0.93187 -0.08287 -0.38217 -299555450696082738465451918427458371584.00000
0.95240 -0.05564 -0.36214 -299545066102365668810194857434799931392.00000
0.86475 0.00361 -0.33610 -298210584962493407154651248036436508672.00000
0.92180 -0.02477 -0.34282 -296876184952259560105789334427078230016.00000
0.86510 0.02918 -0.33639 -296881316401889283978406593081653592064.00000
0.93966 0.06006 -0.35403 -295536470950709556319276346637883015168.00000
0.90047 0.11210 -0.36160 -292877994676730120921798308570071040000.00000
0.91940 0.08635 -0.34203 -294202030375656501967073585134022164480.00000
0.87860 0.13508 -0.34796 -296876124105030749150778062585324371968.00000
0.90737 0.13996 -0.33629 -296870911525762610671479108141743865856.00000
0.88016 0.21686 -0.35345 -294217830372737746618333840042773970944.00000
0.90464 0.19512 -0.33721 -292872863227100397049181049915495677952.00000
0.92028 0.29052 -0.38516 -279523447721397751564558719905819525120.00000
0.95278 0.30221 -0.37348 -280852695999592271089132950913351155712.00000
0.90381 0.34356 -0.37932 -274180452559507792024778295499544330240.00000
0.93479 0.32546 -0.36457 -282187116292235721789665288469960720384.00000
0.86453 0.38131 -0.35822 -272825181949791787407050140168612741120.00000
0.87498 0.38467 -0.33469 -274159663089664049062593749566976163840.00000
0.83956 0.42436 -0.34760 -275509721120111915201022950454327246848.00000
0.84881 0.42753 -0.32416 -278157812800374280943243927529480781824.00000
0.82604 0.44040 -0.31256 -274154511357624721538306066965149515776.00000
0.80312 0.45147 -0.30082 -266163546209930018166327209167228502016.00000
0.78173 0.49616 -0.32179 -252834839044432701037207729301115371520.00000
0.81287 0.49026 -0.31139 -255482890159875859476087858481766334464.00000
0.93903 -0.38510 -0.34150 -282192247741865445662282547124536082432.00000
0.99831 -0.38221 -0.33861 -282181883430557979658695910079128928256.00000
0.96260 -0.30008 -0.34724 -288859136625814560685645280464003399680.00000
0.97467 -0.33595 -0.32310 -286185184873307539063633770643460194304.00000
1.00072 -0.25068 -0.36507 -290203982076994288344775526907773976576.00000
1.01798 -0.28858 -0.34181 -283505878564665153400630338748577480704.00000
1.03285 -0.19455 -0.38004 -286205913495922471070807044734274502656.00000
1.05566 -0.23361 -0.35802 -284855916312703415887389115688677277696.00000
1.05768 -0.13280 -0.39161 -291538422652047342696978288411634827264.00000
1.07275 -0.13449 -0.36288 -283531819766548223887102567282972295168.00000
1.02056 -0.09376 -0.36943 -284866219776782070935964480892330573824.00000
1.06526 -0.06549 -0.35739 -282197338626675962231558957884608872448.00000
1.03446 0.00189 -0.37606 -286195447772566986808868287952610918400.00000
1.07020 -0.03216 -0.35955 -282197318344266358579888533937357586432.00000
1.03472 0.03433 -0.37627 -287529868065210437509400625509220483072.00000
1.09563 0.07095 -0.37303 -279518194577310405781918917567736446976.00000
0.98714 0.09376 -0.34999 -287529868065210437509400625509220483072.00000
1.05977 0.13526 -0.35558 -284855956877522623190729963583179849728.00000
0.97345 0.15250 -0.34391 -291533210072779204217679333968054321152.00000
1.06344 0.20404 -0.35979 -276890973496530197608564182214156222464.00000
0.97778 0.24653 -0.35079 -280857827449221994961750209567926517760.00000
1.03474 0.26394 -0.34779 -283542346337132519104052595906389737472.00000
0.98671 0.31448 -0.36018 -276849394556842711684195090349019889664.00000
0.99917 0.31755 -0.33281 -282192308589094256617293818966289940480.00000
0.97926 0.34169 -0.32437 -284866463165697314756009568259346006016.00000
0.95817 0.36393 -0.31539 -275520247690696210417972979077744689152.00000
0.90355 0.39948 -0.32172 -274154511357624721538306066965149515776.00000
0.91322 0.40256 -0.29614 -264823953902837636289836765061541003264.00000
0.87590 0.44385 -0.31139 -275514974264199260983662752792410324992.00000
0.92975 0.44575 -0.30830 -272825344209068616620413531746623029248.00000
0.85162 0.45689 -0.29991 -268848024533021335005288747611189149696.00000
0.87177 0.50157 -0.28566 -258177915335961075183669849496395710464.00000
0.80280 0.47731 -0.27663 -247507542467575967890335440067335553024.00000
0.77851 0.48482 -0.26495 -243504281589645615788738427397506859008.00000
0.75950 0.49200 -0.23095 -234184129010985203847196610433808072704.00000
1.03457 -0.36320 -0.31960 -267497946220163865215189122776586780672.00000
1.10391 -0.28377 -0.34700 -279487040796159196816147734589761126400.00000
1.11281 -0.21306 -0.34792 -278157812800374280943243927529480781824.00000
1.10057 -0.17400 -0.34069 -280826693950480389647649450537202483200.00000
1.14199 -0.18209 -0.32143 -259501788775610627015581734482336546816.00000
1.10475 -0.06874 -0.34012 -279497384825057059168063947687916994560.00000
1.13772 -0.10774 -0.31773 -263499877639092047941220640603087306752.00000
1.13963 0.00089 -0.35618 -282166245692753564220799046748387409920.00000
1.18053 -0.03742 -0.33525 -255493213906364118176333647632670916608.00000
1.13984 0.03733 -0.35634 -280821461088802647516680072146370691072.00000
1.18369 0.03854 -0.33650 -259491383899483953708654249542426820608.00000
1.13249 0.10955 -0.35366 -276818159646053088111742211582039425024.00000
1.11514 0.17919 -0.34711 -308855036911405047613183852878353137664.00000
0.77986 0.50893 -0.21691 -279560300859647586649719032061406216192.00000
1.24458 -0.12166 -0.32113 -247481520136054482797181515743935594496.00000
1.26744 -0.08269 -0.28627 -204816072048510542095149220303462203392.00000
1.26002 -0.04132 -0.32613 -248831557884092745283940292684035391488.00000
1.27714 -0.00039 -0.28911 -204821284627778680574448174747042709504.00000
1.26337 0.04089 -0.32732 -244817831282806908920404523232543113216.00000
