# .PCD v0.7 - Point Cloud Data file format
VERSION 0.7
FIELDS x y z
SIZE 4 4 4
TYPE F F F
COUNT 1 1 1
WIDTH 676
HEIGHT 1
VIEWPOINT 0 0 0 1 0 0 0
POINTS 676
DATA ascii
0.35969 -0.08299 -0.31268 -279554621784958564182000326831046131712.00000
0.35662 -0.07491 -0.31812 -286205994625560885677488740523279646720.00000
0.36405 -0.07044 -0.32506 -288869703761218063205936156981923414016.00000
0.36170 -0.06306 -0.33542 -286216460348916369939427497304943230976.00000
0.36807 -0.05676 -0.33682 -280884012040020309268267525469336764416.00000
0.36413 -0.04810 -0.34110 -279580725246118463881835946943451234304.00000
0.37039 -0.04126 -0.34211 -284882100903501730193906431590087524352.00000
0.36607 -0.03257 -0.34572 -283552812060488003365991352688053321728.00000
0.37217 -0.02522 -0.34628 -286221672928184508418726451748523737088.00000
0.36216 -0.00724 -0.32380 -290225014935753275127005160207357575168.00000
0.36906 -0.01594 -0.33154 -288895766657558755602430929199825944576.00000
0.36057 0.00813 -0.31573 -282218371485434949013788591184192471040.00000
0.36553 0.00809 -0.31461 -284887252635541057718194114191914172416.00000
0.35857 0.02281 -0.30703 -284876868041823988062937053199255732224.00000
0.36341 0.02304 -0.30594 -290214650624445809123418523161950420992.00000
0.36219 0.03023 -0.30137 -290199012886641393685521659831208902656.00000
0.36187 0.03756 -0.30098 -290204205183499928513150190327538122752.00000
0.35669 0.04424 -0.30144 -286211308616877042415139814703116582912.00000
0.35614 0.05135 -0.30054 -274216981179203968683211824499110445056.00000
0.35456 0.05779 -0.29511 -272887712618599845506967169544327528448.00000
0.35916 0.05862 -0.29392 -290224994653343671475334736260106289152.00000
0.35290 0.07142 -0.29211 -278215009195456578653839458778107346944.00000
0.35190 0.07807 -0.29026 -272861629439849549458801973379173711872.00000
0.34878 0.09003 -0.28186 -291512522014983479513846907771742584832.00000
0.35520 0.08584 -0.28678 -284876786912185573456255357410250588160.00000
0.37179 -0.08868 -0.31898 -287550860359150216988289410914301509632.00000
0.36862 -0.08014 -0.32500 -288874875775666994381894263531001348096.00000
0.37546 -0.07427 -0.32664 -294197061185303607307819718057457090560.00000
0.37186 -0.06549 -0.33201 -292873066051196433565885289388008538112.00000
0.37863 -0.05902 -0.33331 -291543838055411517692981482327728193536.00000
0.37459 -0.05008 -0.33798 -287556214915285581029281332988641017856.00000
0.38001 -0.05111 -0.33623 -291559496075625536782548769605720997888.00000
0.37541 -0.03343 -0.33728 -286216500913735577242768345199445803008.00000
0.38089 -0.03419 -0.33568 -292888663224181641700441304824247484416.00000
0.37238 -0.00785 -0.32133 -291564586960436053351825180365793787904.00000
0.37977 -0.01687 -0.32871 -291564566678026449700154756418542501888.00000
0.37156 0.00018 -0.31745 -290245763840777810785848858245423169536.00000
0.37707 0.00800 -0.31682 -287582115552349444212412713628533260288.00000
0.36955 0.01576 -0.30915 -286242462398028251380910997681091903488.00000
0.37470 0.01586 -0.30784 -284918426699101870335635721117140779008.00000
0.37325 0.03122 -0.30330 -286216440066506766287757073357691944960.00000
0.37289 0.03890 -0.30285 -290219761791665929344365357869274497024.00000
0.36672 0.05333 -0.30249 -296886772370072666277750634892249530368.00000
0.37238 0.04653 -0.30212 -288895726092739548299090081305323372544.00000
0.36508 0.06795 -0.29971 -291564607242845657003495604313045073920.00000
0.37092 0.06158 -0.29980 -291564607242845657003495604313045073920.00000
0.36303 0.07430 -0.29363 -287561285517686493946887319801462521856.00000
0.36770 0.08334 -0.29430 -288885300934203271340492172418162360320.00000
0.36067 0.08804 -0.28940 -287540475765433147333032349921643069440.00000
0.36493 0.09714 -0.28938 -291543756925773103086299786538723049472.00000
0.35786 0.10116 -0.28425 -288869683478808459554265733034672128000.00000
0.36235 0.10264 -0.28244 -291543756925773103086299786538723049472.00000
0.37885 -0.10725 -0.31049 -284876705782547158849573661621245444096.00000
0.37473 -0.09717 -0.31240 -286226824660223835943014134350350385152.00000
0.37977 -0.09883 -0.30984 -291559354098758311220855801974961995776.00000
0.37746 -0.08175 -0.31543 -290198911474593375427169540094952472576.00000
0.38266 -0.08323 -0.31310 -294207445779020676963076779050115530752.00000
0.38104 -0.06692 -0.32270 -292857408030982414476318002110015733760.00000
0.38813 -0.06038 -0.32387 -292867792624699484131575063102674173952.00000
0.38407 -0.05128 -0.32890 -292883430362503899569471926433415692288.00000
0.38814 -0.05148 -0.32163 -295552291230200404622207025493886107648.00000
0.38359 -0.03374 -0.32338 -295557503809468543101505979937466613760.00000
0.39019 -0.02623 -0.32364 -292893754108992158269717715584320274432.00000
0.38314 -0.00850 -0.31841 -294233468110542162056230703373515489280.00000
0.39102 -0.01784 -0.32539 -291569698127656173572772015073117863936.00000
0.38249 0.00796 -0.31536 -282244373534546830455272091560341143552.00000
0.38919 -0.00049 -0.31785 -290240591826328879609890751696345235456.00000
0.38128 0.01604 -0.31105 -266231106916319781880509377461262221312.00000
0.38670 0.02436 -0.30960 -270208406309957459843963737649444814848.00000
0.37846 0.03160 -0.30188 -292899047817898711355698365816905924608.00000
0.38470 0.04033 -0.30431 -299555633237769171330485733952719945728.00000
0.37754 0.04719 -0.30065 -290240571543919275958220327749093949440.00000
0.37684 0.05488 -0.29959 -284908001540565593377037812229979766784.00000
0.37600 0.06249 -0.29825 -292899027535489107704027941869654638592.00000
0.38120 0.06342 -0.29657 -292899007253079504052357517922403352576.00000
0.37387 0.07736 -0.29473 -288895705810329944647419657358072086528.00000
0.37882 0.08682 -0.29503 -288890452666242598864779855019989008384.00000
0.37119 0.09167 -0.29016 -292878197500826157438502548042583900160.00000
0.37568 0.10117 -0.28974 -294212597511060004487364461651942178816.00000
0.36626 0.11184 -0.28153 -287550860359150216988289410914301509632.00000
0.37276 0.10685 -0.28254 -294217830372737746618333840042773970944.00000
0.38392 -0.10902 -0.30763 -290209235221081634127415329245857054720.00000
0.38643 -0.10212 -0.31238 -294212556946240797184023613757439606784.00000
0.39173 -0.10386 -0.30946 -292872903791919604352521897809998249984.00000
0.38951 -0.08610 -0.31584 -296865881488180905057213969223424933888.00000
0.39723 -0.07997 -0.31725 -300874395510198602941450784231336706048.00000
0.39377 -0.06158 -0.32165 -299529570341428478933990961734817415168.00000
0.39931 -0.07203 -0.32107 -300874395510198602941450784231336706048.00000
0.39365 -0.04358 -0.31716 -302229625555095400255838091667765723136.00000
0.39943 -0.04452 -0.31499 -303553640971612177649442944284465561600.00000
0.39922 -0.02792 -0.33224 -291559313533939103917514954080459423744.00000
0.40414 -0.03741 -0.32790 -299565977266667033682401947050875813888.00000
0.40012 -0.01913 -0.33408 -290235257552603119220569253569257013248.00000
0.40357 -0.01006 -0.32301 -295583526140990028194659904260866572288.00000
0.39525 0.00786 -0.31686 -295578394691360304322042645606291210240.00000
0.40411 -0.00118 -0.32416 -298252366726276929595724579374085701632.00000
0.39536 0.01643 -0.31731 -299576564684480139854363247516047114240.00000
0.40290 0.01664 -0.32035 -299586807301329983947927340877946552320.00000
0.39207 0.03297 -0.30769 -304872585785728042125441810088343896064.00000
0.39888 0.04226 -0.30991 -306222562686537493657189315186689835008.00000
0.39101 0.04953 -0.30629 -306222562686537493657189315186689835008.00000
0.39440 0.05794 -0.29867 -300900417841720088034604708554736664576.00000
0.38786 0.06505 -0.29914 -292899007253079504052357517922403352576.00000
0.39361 0.07482 -0.29978 -290230146385382998999622418861932937216.00000
0.38678 0.08149 -0.29976 -288890472948652202516450278967240294400.00000
0.39210 0.09153 -0.29968 -291564566678026449700154756418542501888.00000
0.38370 0.09659 -0.29477 -291564586960436053351825180365793787904.00000
0.38990 0.10790 -0.29842 -294233427545722954752889855479012917248.00000
0.37882 0.10966 -0.28447 -291559333816348707569185378027710709760.00000
0.38172 0.11813 -0.27865 -299565977266667033682401947050875813888.00000
0.38076 0.12617 -0.27916 -292893774391401761921388139531571560448.00000
0.39649 -0.12525 -0.31225 -307551750117503202226752274352467607552.00000
0.40323 -0.11822 -0.30856 -300879547242237930465738466833163354112.00000
0.40157 -0.09990 -0.31649 -292878156936006950135161700148081328128.00000
0.40628 -0.11094 -0.31378 -299534701791058202806608220389392777216.00000
0.40658 -0.08416 -0.32534 -296881478661166113191769984659663880192.00000
0.41259 -0.08573 -0.32231 -296881478661166113191769984659663880192.00000
0.40903 -0.06621 -0.32746 -300874395510198602941450784231336706048.00000
0.41521 -0.06753 -0.32465 -294212597511060004487364461651942178816.00000
0.40904 -0.05660 -0.32532 -300874395510198602941450784231336706048.00000
0.41508 -0.04807 -0.32037 -296886650675615044367728091208741814272.00000
0.41030 -0.03826 -0.32556 -300900397559310484382934284607485378560.00000
0.41988 -0.03058 -0.33076 -300900417841720088034604708554736664576.00000
0.40974 -0.01043 -0.32086 -303569339556645404042351079456960937984.00000
0.42098 -0.02120 -0.33275 -299560825534627706158114264449049165824.00000
0.41032 -0.00138 -0.32204 -302240070996041280866106424502178021376.00000
0.41893 0.00764 -0.32572 -311570648733237969766246150353037819904.00000
0.41080 0.01685 -0.32330 -304914144443005924398140478006228942848.00000
0.41526 0.02607 -0.31611 -311555071842662365283360558864050159616.00000
0.40697 0.03445 -0.31320 -308886231257375463882295883750831030272.00000
0.40646 0.04329 -0.31259 -306217350107269355177890360743109328896.00000
0.40321 0.06007 -0.30562 -300900397559310484382934284607485378560.00000
0.41016 0.05228 -0.30464 -303569258427006989435669383667955793920.00000
0.40210 0.06852 -0.30401 -298236749270882117809498139990595469312.00000
0.40829 0.07891 -0.30427 -298236728988472514157827716043344183296.00000
0.40075 0.09512 -0.30654 -294233427545722954752889855479012917248.00000
0.40670 0.08729 -0.30192 -295573040135224940281050723531951702016.00000
0.40045 0.10434 -0.30839 -291564546395616846048484332471291215872.00000
0.41149 0.10995 -0.32062 -294238579277762282277177538080839565312.00000
0.39771 0.12128 -0.30642 -284887090376264228504830722613903884288.00000
0.40243 0.13228 -0.30435 -276880487490765109694955001485241352192.00000
0.40136 0.14142 -0.30501 -291554121237080569089886423584130203648.00000
0.40979 -0.14295 -0.31584 -299565977266667033682401947050875813888.00000
0.40933 -0.13138 -0.31027 -294228214966454816273590901035432411136.00000
0.41859 -0.12618 -0.31195 -288890452666242598864779855019989008384.00000
0.41510 -0.10513 -0.31528 -292878177218416553786832124095332614144.00000
0.42110 -0.10696 -0.31159 -290214528929988187213395979478442704896.00000
0.41803 -0.09711 -0.32011 -284881938644224900980543040012077236224.00000
0.42711 -0.09043 -0.32118 -288874835210847787078553415636498776064.00000
0.42336 -0.08015 -0.32891 -288885260369384064037151324523659788288.00000
0.42984 -0.08168 -0.32553 -294212597511060004487364461651942178816.00000
0.43238 -0.06225 -0.32756 -302219200396559123297240182780604710912.00000
0.43002 -0.05103 -0.31989 -306222501839308682702178043344935976960.00000
0.42305 -0.04002 -0.32035 -304903658437240836484531297277314072576.00000
0.42963 -0.04093 -0.31745 -306217268977630940571208664954104184832.00000
0.43023 -0.02147 -0.31676 -306212117245591613046920982352277536768.00000
0.43119 -0.01188 -0.31842 -308870593519571048444399020420089511936.00000
0.42317 -0.00181 -0.31728 -311555031277843157980019710969547587584.00000
0.43025 0.00759 -0.31547 -312868682383052469370037926540840271872.00000
0.42372 0.01711 -0.31858 -310220590702790103627816949465686736896.00000
0.42830 0.02668 -0.31106 -308870552954751841141058172525586939904.00000
0.42079 0.04500 -0.31270 -308886150127737049275614187961825886208.00000
0.42794 0.03619 -0.31074 -311539413822448346193793271586057355264.00000
0.41813 0.05362 -0.30686 -307572539587346945188936820285035773952.00000
0.41709 0.06260 -0.30547 -298241860438102238030444974697919545344.00000
0.41583 0.07145 -0.30372 -296907460427868390981583061088561266688.00000
0.42238 0.08235 -0.30346 -306217309542450147874549512848606756864.00000
0.41620 0.09076 -0.30865 -298241901002921445333785822592422117376.00000
0.41607 0.10049 -0.31070 -292904138702709227924974776576978714624.00000
0.41956 0.11309 -0.32279 -292904138702709227924974776576978714624.00000
0.41906 0.12318 -0.32447 -295573019852815336629380299584700416000.00000
0.41546 0.14142 -0.32153 -290224933806114860520323464418352431104.00000
0.42458 0.13529 -0.32226 -294233468110542162056230703373515489280.00000
0.40923 0.15674 -0.31208 -292899027535489107704027941869654638592.00000
0.41831 0.15140 -0.31309 -292898986970669900400687093975152066560.00000
0.43161 -0.15467 -0.31374 -298231455561975564723517489758009819136.00000
0.42514 -0.14014 -0.31314 -292893733826582554618047291637068988416.00000
0.43525 -0.13474 -0.31461 -296897055551741717674655576148651540480.00000
0.42819 -0.12054 -0.31339 -291559333816348707569185378027710709760.00000
0.43435 -0.12254 -0.30902 -295562614976688663322452814644790689792.00000
0.43355 -0.09211 -0.31747 -302219240961378330600581030675107282944.00000
0.44167 -0.10590 -0.31986 -299550400376091429199516355561888153600.00000
0.44152 -0.07535 -0.33178 -300884759821506068945037421276743860224.00000
0.44849 -0.07684 -0.32797 -299550319246453014592834659772883009536.00000
0.45111 -0.06709 -0.33186 -300884759821506068945037421276743860224.00000
0.45087 -0.05607 -0.32960 -300884759821506068945037421276743860224.00000
0.43419 -0.04114 -0.30924 -310220590702790103627816949465686736896.00000
0.43361 -0.03111 -0.30673 -311555031277843157980019710969547587584.00000
0.43489 -0.02162 -0.30879 -307541345241376528919824789412557881344.00000
0.44280 -0.01240 -0.30735 -308870613801980652096069444367340797952.00000
0.43453 -0.00210 -0.30684 -311529090075960087493547482435152773120.00000
0.43498 0.00758 -0.30771 -310194649500907033141344720931291922432.00000
0.43505 0.02700 -0.30824 -314203122958105523722240688044701122560.00000
0.44205 0.01742 -0.30514 -307546537538235063747453319908887101440.00000
0.43401 0.04632 -0.30717 -311549838980984623152391180473218367488.00000
0.44154 0.03719 -0.30485 -304882828402577886219005903450243334144.00000
0.43986 0.05672 -0.30292 -303569177297368574828987687878950649856.00000
0.43860 0.06630 -0.30136 -299565875854619015424049827314619383808.00000
0.42849 0.07371 -0.29799 -304893233278704559525933388390153060352.00000
0.43707 0.07573 -0.29942 -303558792703651505173730626886292209664.00000
0.43274 0.10628 -0.31425 -296881438096346905888429136765161308160.00000
0.44178 0.09869 -0.31382 -299545066102365668810194857434799931392.00000
0.43454 0.11817 -0.32121 -295567827555956801801751769088371195904.00000
0.44053 0.13068 -0.31870 -290245662428729792527496738509166739456.00000
0.42767 0.14564 -0.31385 -292904138702709227924974776576978714624.00000
0.43731 0.13941 -0.31432 -291569657562836966269431167178615291904.00000
0.42639 0.15569 -0.31434 -294238579277762282277177538080839565312.00000
0.43093 0.16799 -0.31004 -295572959005586525674369027742946557952.00000
0.44423 -0.18535 -0.31302 -298220949273800873158237885081843662848.00000
0.43799 -0.16974 -0.31370 -296886569545976629761046395419736670208.00000
0.44392 -0.17206 -0.30788 -299555450696082738465451918427458371584.00000
0.44409 -0.13926 -0.31562 -287566335837677803212822882667032739840.00000
0.44848 -0.15179 -0.30977 -283552588953982363197616689268289175552.00000
0.44572 -0.12886 -0.31582 -292909330999567762752603307073307934720.00000
0.45223 -0.13097 -0.31078 -294238538712943074973836690186336993280.00000
0.45096 -0.10963 -0.32123 -294212638075879211790705309546444750848.00000
0.46164 -0.10233 -0.32174 -298215919236219167543972746163524730880.00000
0.45795 -0.09098 -0.33122 -299550359811272221896175507667385581568.00000
0.46852 -0.08269 -0.33122 -307572580152166152492277668179538345984.00000
0.46085 -0.05828 -0.33147 -300879547242237930465738466833163354112.00000
0.47154 -0.07234 -0.33539 -310241420737453053893342343292757475328.00000
0.46032 -0.04697 -0.32889 -311529008946321672886865786646147629056.00000
0.46984 -0.03730 -0.32762 -304856846635875608429192827021345947648.00000
0.45843 -0.02470 -0.32275 -307541345241376528919824789412557881344.00000
0.46722 -0.01459 -0.32076 -300879587807057137769079314727665926144.00000
0.45119 0.00745 -0.30622 -303543256377895107994185883291807121408.00000
0.46037 -0.00315 -0.30664 -296881478661166113191769984659663880192.00000
0.45138 0.01767 -0.30669 -303553640971612177649442944284465561600.00000
0.45867 0.01781 -0.30314 -298236688423653306854486868148841611264.00000
0.45082 0.03808 -0.30635 -298226242982707426244218535314429313024.00000
0.45240 0.04873 -0.31044 -298236647858834099551146020254339039232.00000
0.45612 0.06026 -0.31936 -295572959005586525674369027742946557952.00000
0.46618 0.06192 -0.32080 -291580062438963639576358652118525018112.00000
0.44601 0.07783 -0.30065 -299555430413673134813781494480207085568.00000
0.46541 0.08404 -0.32208 -287540313506156318119668958343632781312.00000
0.45086 0.11252 -0.31705 -294222921257548263187610250802846760960.00000
0.46069 0.10449 -0.31628 -296881478661166113191769984659663880192.00000
0.44968 0.13449 -0.31987 -286242300138751422167547606103081615360.00000
0.45998 0.12714 -0.31962 -292883247820817466704438110908154118144.00000
0.44623 0.14344 -0.31532 -288900756130321253913355220223642304512.00000
0.45157 0.15639 -0.31104 -295541724094796902101916148975966093312.00000
0.43702 0.17033 -0.30524 -303553559841973763042761248495460417536.00000
0.44998 0.16708 -0.31115 -296876184952259560105789334427078230016.00000
0.43070 0.18750 -0.29890 -299550258399224203637823387931129151488.00000
0.43887 0.19266 -0.29885 -296886589828386233412716819366987956224.00000
0.46244 -0.19737 -0.31285 -302224331846188847169857441435180072960.00000
0.44987 -0.17437 -0.30177 -295557321267782110236472164412205039616.00000
0.45583 -0.17666 -0.29538 -294233265286446125539526463901002629120.00000
0.45476 -0.15405 -0.30407 -299555450696082738465451918427458371584.00000
0.46640 -0.14842 -0.30492 -300879506677418723162397618938660782080.00000
0.46336 -0.12451 -0.31151 -294222961822367470490951098697349332992.00000
0.46845 -0.13758 -0.30560 -295536531797938367274287618479636873216.00000
0.46880 -0.10419 -0.31681 -299550319246453014592834659772883009536.00000
0.47605 -0.10606 -0.31158 -300874314380560188334769088442331561984.00000
0.47608 -0.08430 -0.32647 -303558833268470712477071474780794781696.00000
0.48322 -0.09789 -0.32256 -302213947252471777514600380442521632768.00000
0.47928 -0.07380 -0.33072 -304903658437240836484531297277314072576.00000
0.49018 -0.06428 -0.32966 -300889891271135792817654679931319222272.00000
0.47851 -0.04996 -0.32615 -302203623505983518814354591291617050624.00000
0.48869 -0.03981 -0.32438 -303548428392344039170143989840885055488.00000
0.47938 -0.02708 -0.32573 -304867312359231092691131583803009531904.00000
0.49055 -0.02834 -0.32684 -304872464091270420215419266404836179968.00000
0.47376 0.00724 -0.31378 -288911242136086341826964400952557174784.00000
0.48686 -0.00445 -0.31911 -302229605272685796604167667720514437120.00000
0.47128 0.01818 -0.30914 -298236668141243703202816444201590325248.00000
0.48475 0.01858 -0.31519 -296897014986922510371314728254148968448.00000
0.47514 0.05192 -0.31808 -290250834443178723703454845058244673536.00000
0.48401 0.04140 -0.31467 -294238538712943074973836690186336993280.00000
0.47785 0.07557 -0.32557 -282223401523016654628053730102511403008.00000
0.48759 0.06546 -0.32295 -291574870142105104748730121622195798016.00000
0.47630 0.09845 -0.32590 -284871513485688624021945131124916224000.00000
0.48666 0.08904 -0.32403 -298215919236219167543972746163524730880.00000
0.47050 0.11924 -0.31892 -292878136653597346483491276200830042112.00000
0.48119 0.11075 -0.31773 -291543756925773103086299786538723049472.00000
0.46629 0.14056 -0.31587 -296876184952259560105789334427078230016.00000
0.47733 0.13294 -0.31523 -291543655513725084827947666802466619392.00000
0.46513 0.15194 -0.31656 -295541744377206505753586572923217379328.00000
0.47062 0.16560 -0.31135 -287535141491707386943710851794554847232.00000
0.45921 0.17189 -0.31135 -291538422652047342696978288411634827264.00000
0.46378 0.18522 -0.30519 -286200700916654332591508090290693996544.00000
0.44972 0.18784 -0.29942 -278194016901516799174950673373026320384.00000
0.45332 0.20045 -0.29242 -294196898926026778094456326479446802432.00000
0.44790 0.20730 -0.28576 -294196939490845985397797174373949374464.00000
0.47624 -0.22323 -0.32502 -296907399580639580026571789246807408640.00000
0.49419 -0.22351 -0.33345 -294254135885928283108392705622575939584.00000
0.48254 -0.20051 -0.32776 -296897014986922510371314728254148968448.00000
0.48099 -0.18074 -0.30148 -295552149253333179060514057863127105536.00000
0.47626 -0.15336 -0.30464 -299545066102365668810194857434799931392.00000
0.48302 -0.15564 -0.29803 -299545066102365668810194857434799931392.00000
0.48368 -0.13325 -0.31185 -302203562658754707859343319449863192576.00000
0.48884 -0.14704 -0.30492 -300879506677418723162397618938660782080.00000
0.48661 -0.10984 -0.31176 -307541304676557321616483941518055309312.00000
0.49413 -0.11178 -0.30581 -302213926970062173862929956495270346752.00000
0.49090 -0.09971 -0.31703 -300874294098150584683098664495080275968.00000
0.50287 -0.09083 -0.31611 -298210605244903010806321671983687794688.00000
0.49851 -0.07815 -0.32638 -299550217834404996334482540036626579456.00000
0.50672 -0.07970 -0.32066 -296876144387440352802448486532575657984.00000
0.50020 -0.04151 -0.32513 -303548387827524831866803141946382483456.00000
0.50864 -0.04246 -0.31976 -303532871784178038338928822299148681216.00000
0.50376 -0.01760 -0.32968 -304877636105719351391377372953914114048.00000
0.51433 -0.03101 -0.32815 -300863990634071929634523299291426979840.00000
0.50152 -0.00516 -0.32542 -300889911553545396469325103878570508288.00000
0.51722 -0.00592 -0.33178 -298215898953809563892302322216273444864.00000
0.49579 0.03069 -0.31580 -298221030403439287764919580870848806912.00000
0.51087 0.03171 -0.32162 -291554040107442154483204727795125059584.00000
0.49727 0.05479 -0.31962 -294228133836816401666909205246427267072.00000
0.50903 0.05630 -0.31992 -296886569545976629761046395419736670208.00000
0.49706 0.07902 -0.32151 -295547038086113058839567223155803029504.00000
0.50742 0.06840 -0.31830 -303558792703651505173730626886292209664.00000
0.49796 0.09168 -0.32456 -292878197500826157438502548042583900160.00000
0.50626 0.09316 -0.31908 -291543716360953895782958938644220477440.00000
0.49207 0.11405 -0.31801 -295541906636483334966949964501227667456.00000
0.49964 0.12845 -0.31389 -283568267256605985938854400493533265920.00000
0.48374 0.14691 -0.31053 -294207344366972658704724659313859100672.00000
0.49116 0.14913 -0.30458 -295546936674065040581215103419546599424.00000
0.47760 0.16798 -0.30544 -290198870909774168123828692200449900544.00000
0.48965 0.16106 -0.30481 -294202152070114123877096128817529880576.00000
0.47561 0.17933 -0.30514 -288864470899540321074966778591091621888.00000
0.48003 0.19304 -0.29794 -282187075727416514486324440575458148352.00000
0.46782 0.19850 -0.29807 -292867752059880276828234215208171601920.00000
0.47127 0.21162 -0.29000 -290209235221081634127415329245857054720.00000
0.45919 0.21612 -0.28993 -287540394635794732726350654132637925376.00000
0.51137 -0.25415 -0.34777 -299550258399224203637823387931129151488.00000
0.52727 -0.24947 -0.34804 -294228052707177987060227509457422123008.00000
0.50880 -0.21856 -0.33395 -288890371536604184258098159230983864320.00000
0.53422 -0.22231 -0.35026 -291543614948905877524606818907964047360.00000
0.49426 -0.17529 -0.30179 -294217708678280124708311296359266254848.00000
0.51213 -0.17244 -0.30807 -299545066102365668810194857434799931392.00000
0.50340 -0.15482 -0.31025 -296876184952259560105789334427078230016.00000
0.51314 -0.14490 -0.30361 -300874294098150584683098664495080275968.00000
0.50899 -0.11780 -0.31111 -299534640943829391851596948547638919168.00000
0.51918 -0.13487 -0.31017 -302182712341682153942147501675541168128.00000
0.51467 -0.09420 -0.31583 -303548367545115228215132717999131197440.00000
0.52692 -0.09769 -0.31515 -299545066102365668810194857434799931392.00000
0.51879 -0.08273 -0.32050 -294207283519743847749713387472105242624.00000
0.52731 -0.08433 -0.31395 -296886589828386233412716819366987956224.00000
0.52191 -0.05749 -0.32243 -303538064081036573166557352795477901312.00000
0.53069 -0.05870 -0.31609 -299560764687398895203102992607295307776.00000
0.52878 -0.01954 -0.33042 -295536633209986385532639738215893303296.00000
0.54015 -0.03390 -0.32803 -294212597511060004487364461651942178816.00000
0.53086 0.00670 -0.33303 -290224913523705256868653040471101145088.00000
0.54774 -0.00733 -0.33808 -303543276660304711645856307239058407424.00000
0.53112 0.01993 -0.33349 -292893754108992158269717715584320274432.00000
0.54457 0.02027 -0.33333 -292888602376952830745430032982493626368.00000
0.52251 0.04522 -0.32103 -306212036115953198440239286563272392704.00000
0.53795 0.06029 -0.32523 -306196459225377593957353695074284732416.00000
0.52096 0.08376 -0.32160 -296865922053000112360554817117927505920.00000
0.53213 0.07242 -0.31765 -302187985768179103376457727960875532288.00000
0.51875 0.10933 -0.32131 -292872944356738811655862745704500822016.00000
0.53072 0.09884 -0.31820 -280868272890167875572018542402338816000.00000
0.51155 0.11934 -0.31189 -291533311484827222476031453704310751232.00000
0.51925 0.13436 -0.30672 -288869642913989252250924885140169555968.00000
0.50200 0.15353 -0.30369 -292872863227100397049181049915495677952.00000
0.51462 0.14532 -0.30202 -290204042924223099299786798749527834624.00000
0.49698 0.16340 -0.29833 -288864410052311510119955506749337763840.00000
0.49498 0.17530 -0.29804 -287524858310038335546805910538152837120.00000
0.49607 0.18986 -0.30307 -282187096009826118137994864522709434368.00000
0.50037 0.20419 -0.29471 -286195589749434212370561255583369920512.00000
0.48400 0.22088 -0.29391 -292878116371187742831820852253578756096.00000
0.49727 0.21574 -0.29339 -288869642913989252250924885140169555968.00000
0.47370 0.23835 -0.28458 -282218249790977327103766047500684754944.00000
0.48675 0.23423 -0.28424 -280883870063153083706574557838577762304.00000
0.55085 -0.30212 -0.35100 -298210544397674199851310400141933936640.00000
0.54191 -0.27821 -0.35439 -298210544397674199851310400141933936640.00000
0.55535 -0.28783 -0.35254 -299539792675868719375884631149465567232.00000
0.54387 -0.24417 -0.34792 -298205372383225268675352293592856002560.00000
0.56116 -0.23819 -0.34732 -294212435251783175274001070073931890688.00000
0.54518 -0.21121 -0.34168 -292872842944690793397510625968244391936.00000
0.55087 -0.19571 -0.32533 -290229943561286962482918179389420077056.00000
0.53579 -0.17210 -0.32090 -294212394686963967970660222179429318656.00000
0.55641 -0.16750 -0.32675 -299544984972727254203513161645794787328.00000
0.53747 -0.12871 -0.31516 -302213784993194948301236988864511344640.00000
0.55858 -0.15310 -0.32696 -302208653543565224428619730209935982592.00000
0.54858 -0.10514 -0.32670 -300879506677418723162397618938660782080.00000
0.57263 -0.11340 -0.33902 -307551689270274391271741002510713749504.00000
0.54440 -0.08913 -0.31899 -296881417813937302236758712817910022144.00000
0.55785 -0.07797 -0.31589 -292878116371187742831820852253578756096.00000
0.54801 -0.06221 -0.32118 -295567868120776009105092616982873767936.00000
0.56062 -0.05003 -0.31719 -292878055523958931876809580411824898048.00000
0.56047 -0.02216 -0.33590 -303553681536431384952783792178968133632.00000
0.56809 -0.03702 -0.32620 -296876184952259560105789334427078230016.00000
0.56287 0.00640 -0.33863 -303543296942714315297526731186309693440.00000
0.57285 0.00633 -0.33123 -300863950069252722331182451396924407808.00000
0.55826 0.03480 -0.33259 -296871073785039439884842499719754153984.00000
0.56807 0.03526 -0.32530 -299529570341428478933990961734817415168.00000
0.56709 0.04961 -0.32453 -286205974343151282025818316576028360704.00000
0.56549 0.06382 -0.32316 -286221612080955697463715179906769879040.00000
0.54940 0.07557 -0.32255 -288911282700905549130305248847059746816.00000
0.56046 0.09155 -0.31867 -294228275813683627228602172877186269184.00000
0.54787 0.10330 -0.32306 -271553231478727583851423560145964105728.00000
0.55708 0.10494 -0.31560 -290219761791665929344365357869274497024.00000
0.55308 0.13245 -0.31375 -294212617793469608139034885599193464832.00000
0.54810 0.14472 -0.30910 -291538442934456946348648712358886113280.00000
0.52636 0.14965 -0.30040 -292872863227100397049181049915495677952.00000
0.54698 0.15886 -0.30989 -291543594666496273872936394960712761344.00000
0.52061 0.18851 -0.30017 -279544237191241494526743265838387691520.00000
0.53900 0.18378 -0.30419 -283547477786762242976669854560965099520.00000
0.51794 0.20107 -0.29939 -275551320342209004777062466266714865664.00000
0.53812 0.21382 -0.30914 -282213118341347603231148788846109392896.00000
0.50033 0.22961 -0.28355 -279554642067368167833670750778297417728.00000
0.51845 0.22810 -0.28820 -279554581220139356878659478936543559680.00000
0.49615 0.25557 -0.28522 -278209776333778836522870080387275554816.00000
0.51895 0.26023 -0.29672 -278220181209905509829797565327185281024.00000
0.52399 0.30001 -0.31328 -279539004329563752395773887447555899392.00000
0.58660 -0.33210 -0.35607 -298215696129713527375598082743760584704.00000
0.56931 -0.29784 -0.35019 -298215736694532734678938930638263156736.00000
0.57385 -0.28293 -0.35168 -299550177269585789031141692142124007424.00000
0.58211 -0.25241 -0.35415 -295557240138143695629790468623199895552.00000
0.58588 -0.27063 -0.34091 -300884597562229239731674029698733572096.00000
0.57620 -0.21137 -0.33865 -292909229587519744494251187337051504640.00000
0.58734 -0.23429 -0.33486 -300879486395009119510727194991409496064.00000
0.56752 -0.18810 -0.32392 -292898865276212278490664550291644350464.00000
0.58170 -0.19473 -0.32109 -302219058419691897735547215149845708800.00000
0.59175 -0.15260 -0.34696 -302208714390794035383631002051689840640.00000
0.59317 -0.16775 -0.32955 -299545005255136857855183585593046073344.00000
0.59898 -0.13925 -0.35380 -303543134683437486084163339608299405312.00000
0.61540 -0.14458 -0.35166 -302208714390794035383631002051689840640.00000
0.59351 -0.10382 -0.34282 -302213926970062173862929956495270346752.00000
0.61520 -0.09292 -0.34574 -298220969556210476809908309029094948864.00000
0.57490 -0.05211 -0.31539 -306191246646109455478054740630704226304.00000
0.59499 -0.05535 -0.31930 -302208754955613242686971849946192412672.00000
0.59585 -0.02508 -0.34005 -300869101801292049855470133998751055872.00000
0.60377 -0.04125 -0.32882 -298210625527312614457992095930939080704.00000
0.59219 -0.00924 -0.33507 -302198329797076965728373941059031400448.00000
0.60260 -0.00959 -0.32641 -298226242982707426244218535314429313024.00000
0.58322 0.02121 -0.32380 -294202192634933331180436976712032452608.00000
0.59337 0.02141 -0.31542 -298215878671399960240631898269022158848.00000
0.57693 0.05034 -0.31675 -295547038086113058839567223155803029504.00000
0.59000 0.06668 -0.31295 -298210666092131821761332943825441652736.00000
0.57288 0.07903 -0.31336 -298215919236219167543972746163524730880.00000
0.58427 0.09580 -0.30824 -300858656360346169245201801164338757632.00000
0.56677 0.12155 -0.30983 -294202233199752538483777824606535024640.00000
0.58043 0.10982 -0.30503 -299529489211790064327309265945812271104.00000
0.56601 0.15147 -0.31276 -286205913495922471070807044734274502656.00000
0.58583 0.14297 -0.31492 -290198870909774168123828692200449900544.00000
0.57331 0.18716 -0.32710 -283563054677337847459555446049952759808.00000
0.60091 0.18346 -0.33770 -283557842098069708980256491606372253696.00000
0.56875 0.21733 -0.32713 -282213118341347603231148788846109392896.00000
0.58279 0.22411 -0.32402 -280883930910381894661585829680331620352.00000
0.56052 0.22798 -0.31956 -287535263186165008853733395478062563328.00000
0.56489 0.24500 -0.30822 -279549470052919236657712644229219483648.00000
0.56086 0.25888 -0.30672 -280883809215924272751563285996823904256.00000
0.55649 0.27245 -0.30496 -282218249790977327103766047500684754944.00000
0.55035 0.28851 -0.32145 -278220140645086302526456717432682708992.00000
0.54571 0.30188 -0.31956 -278214928065818164047157762989102202880.00000
0.54650 0.32157 -0.32554 -278204563754510698043571125943695048704.00000
0.63220 -0.39574 -0.37123 -294238437300895056715484570450080563200.00000
0.61795 -0.35619 -0.34876 -295557280702962902933131316517702467584.00000
0.60722 -0.32769 -0.35426 -298215756976942338330609354585514442752.00000
0.61987 -0.31404 -0.34147 -298210605244903010806321671983687794688.00000
0.60095 -0.28014 -0.33746 -296876144387440352802448486532575657984.00000
0.60553 -0.26436 -0.33894 -299545045819956065158524433487548645376.00000
0.60634 -0.22671 -0.33261 -302219078702101501387217639097096994816.00000
0.61058 -0.24535 -0.31897 -302213926970062173862929956495270346752.00000
0.60296 -0.20599 -0.32540 -302219058419691897735547215149845708800.00000
0.62191 -0.19689 -0.32218 -300884597562229239731674029698733572096.00000
0.62417 -0.16428 -0.34173 -298215716412123131027268506691011870720.00000
0.64129 -0.17046 -0.33813 -300874152121283359121405696864321273856.00000
0.64019 -0.13518 -0.35553 -300884698974277257990026149434990002176.00000
0.65080 -0.13742 -0.34398 -299550258399224203637823387931129151488.00000
0.63998 -0.11691 -0.35338 -296881397531527698585088288870658736128.00000
0.65732 -0.10266 -0.34747 -294223063234415488749303218433605763072.00000
0.64452 -0.08236 -0.35543 -307525687221162509830257502134565076992.00000
0.66312 -0.08576 -0.35223 -299545106667184876113535705329302503424.00000
0.64197 -0.02904 -0.34983 -294207364649382262356395083261110386688.00000
0.66038 -0.03047 -0.34663 -303538003233807762211546080953724043264.00000
0.61996 0.00593 -0.32474 -279575411254802307144184872763614298112.00000
0.64322 0.00571 -0.32801 -299571128998706361206689629652702461952.00000
0.61452 0.02201 -0.31874 -290235257552603119220569253569257013248.00000
0.63102 0.02243 -0.31525 -298226263265117029895888959261680599040.00000
0.61647 0.07065 -0.32243 -296876184952259560105789334427078230016.00000
0.64582 0.07505 -0.33235 -302213926970062173862929956495270346752.00000
0.60258 0.08384 -0.30782 -295536511515528763622617194532385587200.00000
0.61449 0.10172 -0.30130 -295546875826836229626203831577792741376.00000
0.60081 0.13117 -0.30992 -299519043770844183717040933111399972864.00000
0.61005 0.11664 -0.29791 -296870952090581817974819956036246437888.00000
0.61782 0.17223 -0.33327 -290209275785900841430756177140359626752.00000
0.63483 0.16000 -0.32784 -282197379191495169534899805779111444480.00000
0.62165 0.21032 -0.34278 -282223523217474276538076273786019119104.00000
0.64732 0.20303 -0.34592 -244848741675042874066130618843503001600.00000
0.61280 0.22333 -0.33541 -279554642067368167833670750778297417728.00000
0.61893 0.24295 -0.32335 -280868191760529460965336846613333671936.00000
0.57815 0.25235 -0.30416 -276880446925945902391614153590738780160.00000
0.60219 0.24962 -0.30786 -284871513485688624021945131124916224000.00000
0.57507 0.28597 -0.30788 -275546046915712055342752239981380501504.00000
0.59348 0.27991 -0.30493 -278214887500998956743816915094599630848.00000
0.58269 0.31246 -0.32145 -276880487490765109694955001485241352192.00000
0.58425 0.32954 -0.30638 -282213098058937999579478364898858106880.00000
0.57842 0.34348 -0.30399 -279544216908831890875072841891136405504.00000
0.66198 -0.42407 -0.38047 -291569556150788948011079047442358861824.00000
0.68176 -0.44068 -0.37587 -292898784146573863883982854502639206400.00000
0.65064 -0.36206 -0.35711 -294233224721626918236185616006500057088.00000
0.69849 -0.37870 -0.37769 -296881275837070076675065745187151020032.00000
0.64180 -0.30821 -0.33840 -298226121288249804334195991630921596928.00000
0.67467 -0.30960 -0.34467 -298205392665634872327022717540107288576.00000
0.63428 -0.26006 -0.32271 -303537922104169347604864385164718899200.00000
0.65575 -0.25194 -0.31863 -298210605244903010806321671983687794688.00000
0.64265 -0.22607 -0.32500 -295546875826836229626203831577792741376.00000
0.65994 -0.23424 -0.31968 -299545025537546461506854009540297359360.00000
0.65692 -0.19526 -0.33412 -294212435251783175274001070073931890688.00000
0.67744 -0.18351 -0.32871 -292878096088778139180150428306327470080.00000
0.66857 -0.16187 -0.34123 -299539833240687926679225479043968139264.00000
0.67902 -0.16431 -0.32800 -294217708678280124708311296359266254848.00000
0.66916 -0.12358 -0.33794 -290224812111657238610300920734844715008.00000
0.68739 -0.10859 -0.33064 -294217688395870521056640872412014968832.00000
0.68242 -0.08929 -0.34827 -292904138702709227924974776576978714624.00000
0.68774 -0.07121 -0.35243 -298226283547526633547559383208931885056.00000
0.69553 -0.03364 -0.35860 -304861978085505332301810085675921309696.00000
0.71282 -0.05497 -0.35120 -302213926970062173862929956495270346752.00000
0.68971 -0.01388 -0.35240 -300874233250921773728087392653326417920.00000
0.71165 0.00503 -0.34885 -299555450696082738465451918427458371584.00000
0.66792 0.04167 -0.33097 -299539833240687926679225479043968139264.00000
0.69467 0.04344 -0.33336 -295552149253333179060514057863127105536.00000
0.67852 0.07995 -0.34278 -296881316401889283978406593081653592064.00000
0.69815 0.08250 -0.33788 -296870992655401025278160803930749009920.00000
0.66753 0.09638 -0.33282 -299550177269585789031141692142124007424.00000
0.68164 0.11738 -0.32455 -298200220651185941151064610991029354496.00000
0.65181 0.14673 -0.32132 -298189815775059267844137126051119628288.00000
0.66949 0.15148 -0.31607 -290214447800349772606714283689437560832.00000
0.65867 0.18704 -0.33226 -282207824632441050145168138613523742720.00000
0.67730 0.17374 -0.32534 -286226743530585421336332438561345241088.00000
0.66524 0.20981 -0.34137 -283531941461005845797125110966480011264.00000
0.67548 0.21259 -0.32802 -278194158878384024736643641003785322496.00000
0.64546 0.23802 -0.32643 -287519645730770197067506956094572331008.00000
0.66260 0.24575 -0.32083 -284835126842859672925204569756109111296.00000
0.62383 0.26235 -0.30995 -282187055445006910834654016628206862336.00000
0.65062 0.29948 -0.31859 -280857827449221994961750209567926517760.00000
0.61670 0.31636 -0.31317 -283537052628225966018071945673804087296.00000
0.64559 0.31670 -0.31719 -283526708599328103666155732575648219136.00000
0.61114 0.33188 -0.31119 -282207743502802635538486442824518598656.00000
0.62604 0.34209 -0.30505 -282197338626675962231558957884608872448.00000
0.60057 0.38538 -0.31315 -279523386874168940609547448064065667072.00000
0.63044 0.39137 -0.31858 -279518133730081594826907645725982588928.00000
0.69641 -0.47971 -0.37008 -294233204439217314584515192059248771072.00000
0.71740 -0.47468 -0.38547 -296902065306913819637250291119719186432.00000
0.74639 -0.47066 -0.37958 -296896893292464888461292184570641252352.00000
0.72862 -0.42924 -0.38564 -298215716412123131027268506691011870720.00000
0.75751 -0.42322 -0.37962 -295557219855734091978120044675948609536.00000
0.71219 -0.36085 -0.36024 -298205311535996457720341021751102144512.00000
0.75283 -0.36408 -0.36652 -295546875826836229626203831577792741376.00000
0.69890 -0.30158 -0.33971 -296886569545976629761046395419736670208.00000
0.73579 -0.30047 -0.34402 -294207283519743847749713387472105242624.00000
0.68725 -0.24871 -0.32227 -302208734673203639035301425998941126656.00000
0.70641 -0.25787 -0.31535 -296876164669849956454118910479826944000.00000
0.69407 -0.21009 -0.32300 -296870952090581817974819956036246437888.00000
0.71616 -0.19755 -0.31594 -294207384931791866008065507208361672704.00000
0.69815 -0.17053 -0.32210 -296876184952259560105789334427078230016.00000
0.69906 -0.15053 -0.32096 -298210625527312614457992095930939080704.00000
0.70800 -0.13342 -0.32720 -300879486395009119510727194991409496064.00000
0.71898 -0.13547 -0.31259 -303543154965847089735833763555550691328.00000
0.73487 -0.09835 -0.32306 -300879466112599515859056771044158210048.00000
0.74125 -0.07870 -0.32728 -300879486395009119510727194991409496064.00000
0.73427 -0.05740 -0.34559 -300879486395009119510727194991409496064.00000
0.75059 -0.03773 -0.33350 -302213926970062173862929956495270346752.00000
0.74090 -0.01623 -0.35033 -300879486395009119510727194991409496064.00000
0.75507 0.00465 -0.33661 -298221010121029684113249156923597520896.00000
0.73334 0.02547 -0.34359 -294238538712943074973836690186336993280.00000
0.75452 0.04741 -0.33651 -295552149253333179060514057863127105536.00000
0.72738 0.08666 -0.33993 -290224812111657238610300920734844715008.00000
0.74898 0.08948 -0.33321 -298205412948044475978693141487358574592.00000
0.71431 0.10451 -0.32940 -292893693261763347314706443742566416384.00000
0.73871 0.12987 -0.32686 -288890452666242598864779855019989008384.00000
0.70293 0.14167 -0.32191 -292878116371187742831820852253578756096.00000
0.72413 0.16768 -0.31772 -288874875775666994381894263531001348096.00000
0.69547 0.19960 -0.32074 -287550860359150216988289410914301509632.00000
0.71476 0.20621 -0.31366 -283531941461005845797125110966480011264.00000
0.68329 0.23466 -0.31446 -284845531718986346232132054696018837504.00000
0.70417 0.22235 -0.30691 -276859718303330970384440879499924471808.00000
0.68550 0.27841 -0.32217 -283500686267806618573001808252248260608.00000
0.70790 0.26765 -0.31520 -272840799405186599193276579552102973440.00000
0.69071 0.30414 -0.33028 -280847422573095321654822724628016791552.00000
0.69468 0.32645 -0.31308 -275509700837702311549352526507075960832.00000
0.67531 0.36089 -0.32695 -283521414890421550580175082343062568960.00000
0.68309 0.36374 -0.31011 -279528619735846682740516826454897459200.00000
0.67664 0.38179 -0.30828 -279518214859720009433589341514987732992.00000
0.66983 0.39945 -0.30627 -275514893134560846376981057003405180928.00000
0.66677 0.42579 -0.33213 -278178500858170005647076353725792518144.00000
0.68474 0.44012 -0.32470 -275525277728277916032238117996063621120.00000
0.79994 -0.45667 -0.38750 -287550596687825369516573899600034791424.00000
0.80841 -0.45950 -0.36445 -288879885530839096344488978502068994048.00000
0.81377 -0.43352 -0.36421 -290209113526624012217392785562349338624.00000
0.81876 -0.40749 -0.36389 -296865719228904075843850577645414645760.00000
0.78146 -0.35490 -0.35915 -299539833240687926679225479043968139264.00000
0.82725 -0.35517 -0.36283 -302193096935399223597404562668199608320.00000
0.74954 -0.28185 -0.32636 -302213926970062173862929956495270346752.00000
0.81463 -0.31902 -0.34991 -306196418660558386654012847179782160384.00000
0.74481 -0.23176 -0.31709 -303543154965847089735833763555550691328.00000
0.82125 -0.24236 -0.34648 -304861937520686124998469237781418737664.00000
0.72825 -0.17938 -0.29958 -304872423526451212912078418510333607936.00000
0.77149 -0.17244 -0.30576 -306196398378148783002342423232530874368.00000
0.73857 -0.11913 -0.30279 -304861937520686124998469237781418737664.00000
0.76049 -0.14603 -0.29612 -302203481529116293252661623660858048512.00000
0.77376 -0.08396 -0.32778 -302213926970062173862929956495270346752.00000
0.80140 -0.11171 -0.32312 -299539833240687926679225479043968139264.00000
0.78390 -0.04057 -0.33412 -302213926970062173862929956495270346752.00000
0.80792 -0.04247 -0.32532 -299545045819956065158524433487548645376.00000
0.78872 0.00434 -0.33726 -296881377249118094933417864923407450112.00000
0.81121 -0.01930 -0.32729 -302213926970062173862929956495270346752.00000
0.78908 0.02701 -0.33759 -296886589828386233412716819366987956224.00000
0.81229 0.05112 -0.32823 -296876184952259560105789334427078230016.00000
0.79687 0.07345 -0.34440 -298210625527312614457992095930939080704.00000
0.83428 0.07738 -0.34453 -300879506677418723162397618938660782080.00000
0.77692 0.11583 -0.33072 -295531339501079832446659087983307653120.00000
0.81733 0.14760 -0.33526 -291538422652047342696978288411634827264.00000
0.74467 0.17325 -0.30977 -288874835210847787078553415636498776064.00000
0.78769 0.18662 -0.31673 -290209275785900841430756177140359626752.00000
0.73533 0.19150 -0.30421 -280883809215924272751563285996823904256.00000
0.77693 0.22974 -0.31264 -278209837181007647477881352229029412864.00000
0.73060 0.25562 -0.30699 -268847943403382920398607051822184005632.00000
0.77566 0.25313 -0.31392 -276870244873915265601390908123341914112.00000
0.75689 0.31884 -0.33386 -270177171399167836271510858882464350208.00000
0.74741 0.28573 -0.29782 -264855067119169637952267100145013751808.00000
0.76062 0.37288 -0.34384 -278178602270218023905428473462048948224.00000
0.80256 0.37249 -0.34576 -274180533689146206631459991288549474304.00000
0.73650 0.40634 -0.33158 -276859779150559781339452151341678329856.00000
0.77800 0.40975 -0.33422 -279518255424539216736930189409490305024.00000
0.72341 0.44820 -0.32913 -260856998538097820678298617971514277888.00000
0.76563 0.45579 -0.33275 -263531112549881671513673519370067771392.00000
0.70913 0.48904 -0.32633 -250197152240297008601914237165871562752.00000
0.84133 -0.45203 -0.35486 -288879926095658303647829826396571566080.00000
0.89699 -0.45950 -0.35811 -283537072910635569669742369621055373312.00000
0.85092 -0.39746 -0.35386 -298189775210240060540796278156617056256.00000
0.87992 -0.41443 -0.34299 -286200700916654332591508090290693996544.00000
0.87660 -0.35374 -0.36505 -296865698946494472192180153698163359744.00000
0.90906 -0.33887 -0.35223 -290203961794584684693105102960522690560.00000
0.91728 -0.28438 -0.38439 -298189694080601645934114582367611912192.00000
0.93015 -0.31885 -0.36295 -290209113526624012217392785562349338624.00000
0.91560 -0.25345 -0.38073 -298200139521547526544382915202024210432.00000
0.96932 -0.27325 -0.38276 -295536491233119159970946770585134301184.00000
0.90913 -0.19241 -0.37217 -299560642992941273293080448923787591680.00000
0.93544 -0.16952 -0.35570 -292888480682495208835407489298985910272.00000
0.86110 -0.09850 -0.33571 -303553559841973763042761248495460417536.00000
0.91165 -0.13483 -0.33952 -296881377249118094933417864923407450112.00000
0.85914 -0.04703 -0.33292 -300879486395009119510727194991409496064.00000
0.91780 -0.05227 -0.34075 -296876184952259560105789334427078230016.00000
0.85114 0.00376 -0.32703 -298215817824171149285620626427268300800.00000
0.87586 -0.02228 -0.31444 -294207344366972658704724659313859100672.00000
0.86379 0.05469 -0.33580 -296876184952259560105789334427078230016.00000
0.90819 0.03042 -0.33430 -295541744377206505753586572923217379328.00000
0.91674 0.11477 -0.37248 -295531339501079832446659087983307653120.00000
0.95387 0.09047 -0.36336 -294196898926026778094456326479446802432.00000
0.90994 0.14163 -0.36899 -296870952090581817974819956036246437888.00000
0.95008 0.17855 -0.36411 -295520934624953159139731603043397926912.00000
0.88016 0.21686 -0.35345 -294207425496611073311406355102864244736.00000
0.93909 0.20533 -0.35876 -292862519198202534697264836817339809792.00000
0.90217 0.28258 -0.37274 -278194219725612835691654912845539180544.00000
0.95278 0.30221 -0.37348 -279518214859720009433589341514987732992.00000
0.88587 0.30444 -0.36409 -278183855414305369688068275800132026368.00000
0.89724 0.33719 -0.34321 -278157833082783884594914351476732067840.00000
0.88254 0.39276 -0.37091 -267508330813880934870446183769245220864.00000
0.91472 0.37774 -0.35740 -274154511357624721538306066965149515776.00000
0.86128 0.40947 -0.35941 -272846093114093152279257229784688623616.00000
0.86687 0.44078 -0.33616 -270177211963987043574851706776966922240.00000
0.81754 0.43745 -0.33557 -272846093114093152279257229784688623616.00000
0.84336 0.45405 -0.32417 -267513583957968280653085986107328299008.00000
0.83091 0.50652 -0.32375 -247512714482024899066293546616413487104.00000
1.01325 -0.42960 -0.38600 -283537052628225966018071945673804087296.00000
1.03400 -0.33252 -0.38917 -290198749215316546213806148516942184448.00000
1.02962 -0.29556 -0.38409 -288864328922673095513273810960332619776.00000
1.01762 -0.22339 -0.37295 -291528058340739876693391651366227673088.00000
1.00091 -0.15398 -0.36025 -286195468054976590460538711899862204416.00000
1.02734 -0.06238 -0.37262 -286200700916654332591508090290693996544.00000
1.01289 0.00213 -0.36377 -286185144308488331760292922748957622272.00000
1.03472 0.03433 -0.37627 -288838448568018835981812854267691663360.00000
1.02237 0.13014 -0.37090 -286200640069425521636496818448940138496.00000
1.03619 0.16540 -0.37987 -291533210072779204217679333968054321152.00000
1.02105 0.26120 -0.37587 -276859738585740574036111303447175757824.00000
1.00463 0.28867 -0.36838 -278199432304880974170953867289119686656.00000
0.96746 0.33854 -0.35134 -283516405135249448617580367371994923008.00000
1.02750 0.40011 -0.35311 -271537756000199997626890088393232875520.00000
0.90355 0.39948 -0.32172 -268842771388933989222648945273106071552.00000
0.93336 0.41505 -0.30726 -266168799354017363948967011505311580160.00000
0.87590 0.44385 -0.31139 -271522118262395582188993225062491357184.00000
0.92975 0.44575 -0.30830 -274164997363389809451915247694064386048.00000
0.86428 0.49905 -0.31147 -258188218800039730232245214700049006592.00000
0.83817 0.50893 -0.29898 -244843894179147601316899295450445643776.00000
