# .PCD v0.7 - Point Cloud Data file format
VERSION 0.7
FIELDS x y z
SIZE 4 4 4
TYPE F F F
COUNT 1 1 1
WIDTH 707
HEIGHT 1
VIEWPOINT 0 0 0 1 0 0 0
POINTS 707
DATA ascii
0.35449 -0.07692 -0.28877 -284881979209044108283883887906579808256.00000
0.35205 -0.06204 -0.29255 -292846922025217326562708821381100863488.00000
0.35648 -0.06320 -0.29099 -290209316350720048734097025034862198784.00000
0.35427 -0.05642 -0.30003 -292862539480612138348935260764591095808.00000
0.36007 -0.05069 -0.30134 -292857387748572810824647578162764447744.00000
0.35744 -0.03583 -0.30755 -286221612080955697463715179906769879040.00000
0.36226 -0.04443 -0.30861 -290193698895325236947870585651371966464.00000
0.36002 -0.02190 -0.31611 -290224954088524464171993888365603717120.00000
0.36529 -0.03042 -0.31792 -283547518351581450280010702455467671552.00000
0.35958 -0.01418 -0.31283 -286226824660223835943014134350350385152.00000
0.36495 -0.00709 -0.31292 -291564586960436053351825180365793787904.00000
0.35460 0.00132 -0.28858 -286242442115618647729240573733840617472.00000
0.36036 0.00821 -0.29235 -286237270101169716553282467184762683392.00000
0.34832 0.02114 -0.25994 -283547558916400657583351550349970243584.00000
0.35854 0.01526 -0.28461 -291554202366718983696568119373135347712.00000
0.34719 0.03359 -0.25626 -288885321216612874992162596365413646336.00000
0.35653 0.02884 -0.27691 -287550860359150216988289410914301509632.00000
0.35582 0.04245 -0.27598 -290219741509256325692694933922023211008.00000
0.35616 0.04963 -0.27895 -291548969505041241565598740982303555584.00000
0.35729 0.05747 -0.28570 -291554222649128587348238543320386633728.00000
0.35741 0.06493 -0.28836 -290224954088524464171993888365603717120.00000
0.35290 0.07142 -0.29211 -276880609185222731604977545168749068288.00000
0.35729 0.08006 -0.29310 -286195589749434212370561255583369920512.00000
0.35612 0.08676 -0.29093 -288854066023413647768039293651181895680.00000
0.35394 0.09232 -0.28442 -292846982872446137517720093222854721536.00000
0.36233 -0.07851 -0.28056 -287540435200613940029691502027140497408.00000
0.35950 -0.07086 -0.28602 -288874875775666994381894263531001348096.00000
0.36564 -0.06560 -0.28754 -291543756925773103086299786538723049472.00000
0.36242 -0.05774 -0.29240 -292867792624699484131575063102674173952.00000
0.36966 -0.05274 -0.29813 -292878197500826157438502548042583900160.00000
0.36713 -0.04535 -0.30711 -296860709473731973881255862674346999808.00000
0.37327 -0.03886 -0.30797 -292888622659362434397100456929744912384.00000
0.37035 -0.03112 -0.31652 -286216419784097162636086649410440658944.00000
0.37640 -0.02405 -0.31694 -294228255531274023576931748929934983168.00000
0.37185 -0.01570 -0.32002 -292899027535489107704027941869654638592.00000
0.37769 -0.00817 -0.31993 -291564586960436053351825180365793787904.00000
0.36811 0.00055 -0.30347 -291580204415830865138051619749284020224.00000
0.37342 0.00807 -0.30289 -292899027535489107704027941869654638592.00000
0.36522 0.01548 -0.29164 -296876347211536389319152726005088518144.00000
0.37013 0.01558 -0.29039 -296876347211536389319152726005088518144.00000
0.36299 0.02962 -0.28355 -292878197500826157438502548042583900160.00000
0.36744 0.03721 -0.28193 -290209316350720048734097025034862198784.00000
0.36165 0.05080 -0.28164 -295547038086113058839567223155803029504.00000
0.36635 0.05152 -0.28034 -292883369515275088614460654591661834240.00000
0.36190 0.05829 -0.28444 -295557503809468543101505979937466613760.00000
0.36780 0.06753 -0.28971 -290230146385382998999622418861932937216.00000
0.36303 0.07430 -0.29363 -291543756925773103086299786538723049472.00000
0.36782 0.07540 -0.29211 -288890513513471409819791126861742866432.00000
0.35931 0.09468 -0.28693 -292878197500826157438502548042583900160.00000
0.36532 0.08934 -0.28774 -287561265235276890295216895854211235840.00000
0.36137 0.10153 -0.27841 -290230146385382998999622418861932937216.00000
0.36386 -0.08487 -0.27041 -291554182084309380044897695425884061696.00000
0.37032 -0.08015 -0.27205 -296881519225985320495110832554166452224.00000
0.36754 -0.07241 -0.27788 -290209316350720048734097025034862198784.00000
0.37399 -0.06711 -0.27929 -291554182084309380044897695425884061696.00000
0.37195 -0.06001 -0.28886 -288885300934203271340492172418162360320.00000
0.37842 -0.05405 -0.28996 -287561265235276890295216895854211235840.00000
0.37597 -0.04651 -0.29912 -290219741509256325692694933922023211008.00000
0.38375 -0.04058 -0.30449 -298226384959574651805911502945188315136.00000
0.37952 -0.03202 -0.30855 -295557503809468543101505979937466613760.00000
0.38586 -0.02481 -0.30881 -291554182084309380044897695425884061696.00000
0.38179 -0.00826 -0.31355 -294233468110542162056230703373515489280.00000
0.38666 -0.01674 -0.31052 -290230146385382998999622418861932937216.00000
0.37864 0.00804 -0.30148 -282239120390459484672632289222258065408.00000
0.38398 0.00800 -0.29994 -283573560965512539024835050726118916096.00000
0.37627 0.02342 -0.29337 -280878677766294548878946027342248542208.00000
0.38281 0.01593 -0.29601 -262206914591678461255034851228106358784.00000
0.37490 0.03082 -0.28904 -292888622659362434397100456929744912384.00000
0.37967 0.03887 -0.28710 -295567908685595216408433464877376339968.00000
0.37291 0.04542 -0.28384 -294223042952005885097632794486354477056.00000
0.37226 0.05275 -0.28286 -291559333816348707569185378027710709760.00000
0.37756 0.06150 -0.28400 -294217850655147350270004263990025256960.00000
0.37772 0.06956 -0.28646 -290209316350720048734097025034862198784.00000
0.37272 0.07653 -0.29047 -288895705810329944647419657358072086528.00000
0.37760 0.08587 -0.29072 -286226824660223835943014134350350385152.00000
0.37008 0.09067 -0.28597 -284908001540565593377037812229979766784.00000
0.36857 0.09750 -0.28336 -287576882690671702081443335237701468160.00000
0.36419 0.10939 -0.27349 -288885321216612874992162596365413646336.00000
0.37053 0.10453 -0.27447 -291569799539704191831124134809374294016.00000
0.37764 -0.09815 -0.26705 -296881438096346905888429136765161308160.00000
0.37286 -0.08782 -0.26571 -296871073785039439884842499719754153984.00000
0.37971 -0.08303 -0.26725 -294212556946240797184023613757439606784.00000
0.37697 -0.07509 -0.27354 -295541784942025713056927420817719951360.00000
0.38382 -0.06968 -0.27483 -298221050685848891416590004818100092928.00000
0.38061 -0.06145 -0.28049 -302213967534881381166270804389772918784.00000
0.38223 -0.05432 -0.28360 -300884739539096465293366997329492574208.00000
0.38640 -0.04849 -0.29530 -296897055551741717674655576148651540480.00000
0.39324 -0.04170 -0.29587 -303564045847738850956370429224375287808.00000
0.39141 -0.02543 -0.30698 -290219741509256325692694933922023211008.00000
0.39755 -0.03489 -0.30762 -303574511571094335218309186006038872064.00000
0.39801 -0.01772 -0.30679 -292904138702709227924974776576978714624.00000
0.39720 -0.00902 -0.30358 -296907460427868390981583061088561266688.00000
0.38946 0.00797 -0.29828 -298252407291096136899065427268588273664.00000
0.39508 0.00793 -0.29648 -307582964745883222147534729172196786176.00000
0.38952 0.02426 -0.29886 -300905691268217037468914934840071028736.00000
0.39521 0.01622 -0.29693 -306227815830624839439829117524772913152.00000
0.38793 0.03212 -0.29432 -302240111560860488169447272396680593408.00000
0.39444 0.04106 -0.29632 -304893354973162181435955932073660776448.00000
0.38562 0.04760 -0.28880 -302240091278450884517776848449429307392.00000
0.38361 0.05483 -0.28362 -298236749270882117809498139990595469312.00000
0.38286 0.07061 -0.28465 -291533311484827222476031453704310751232.00000
0.38926 0.06400 -0.28442 -302213987817290984817941228337024204800.00000
0.38271 0.08717 -0.28872 -288885260369384064037151324523659788288.00000
0.38945 0.08094 -0.28894 -294212597511060004487364461651942178816.00000
0.38628 0.09589 -0.28395 -291559333816348707569185378027710709760.00000
0.38448 0.10307 -0.28106 -294223042952005885097632794486354477056.00000
0.38129 0.10883 -0.27391 -299555612955359567678815310005468659712.00000
0.37925 0.11551 -0.27059 -298226384959574651805911502945188315136.00000
0.37710 0.12195 -0.26707 -290230146385382998999622418861932937216.00000
0.38378 -0.11050 -0.27234 -306227673853757613878136149894013911040.00000
0.38232 -0.09977 -0.26416 -298231455561975564723517489758009819136.00000
0.38350 -0.09217 -0.26449 -291559293251529500265844530133208137728.00000
0.39086 -0.08724 -0.26591 -290224852676476445913641768629347287040.00000
0.38889 -0.07100 -0.27238 -298215858388990356588961474321770872832.00000
0.39326 -0.08046 -0.27004 -292893733826582554618047291637068988416.00000
0.39413 -0.05741 -0.28344 -300889911553545396469325103878570508288.00000
0.39917 -0.06710 -0.28190 -290224812111657238610300920734844715008.00000
0.39884 -0.04261 -0.29365 -299565916419438222727390675209121955840.00000
0.40457 -0.05242 -0.29294 -296896994704512906719644304306897682432.00000
0.40504 -0.03631 -0.31025 -299565956984257430030731523103624527872.00000
0.41109 -0.03714 -0.30783 -306222522121718286353848467292187262976.00000
0.40389 -0.01823 -0.30469 -298231496126794772026858337652512391168.00000
0.40991 -0.01875 -0.30243 -302219139549330312342228910938850852864.00000
0.40360 -0.00080 -0.30269 -302234777287134727780125774269592371200.00000
0.40999 0.00780 -0.30133 -312899856446613281987479533466066878464.00000
0.40401 0.02517 -0.30405 -307562114428810668230338911397874761728.00000
0.41014 0.01662 -0.30179 -311555010995433554328349287022296301568.00000
0.40216 0.03353 -0.29929 -306227673853757613878136149894013911040.00000
0.40761 0.04262 -0.29655 -310220570420380499976146525518435450880.00000
0.40530 0.05070 -0.29127 -310220570420380499976146525518435450880.00000
0.40438 0.05909 -0.29001 -304888000417026817394964009999321268224.00000
0.39611 0.06565 -0.28648 -303553620689202573997772520337214275584.00000
0.40174 0.06666 -0.28424 -296897014986922510371314728254148968448.00000
0.39328 0.08986 -0.28428 -299550319246453014592834659772883009536.00000
0.40043 0.08346 -0.28432 -302219159831739915993899334886102138880.00000
0.39153 0.09735 -0.28158 -294217789807918539314992992148271398912.00000
0.39688 0.09884 -0.27904 -298210666092131821761332943825441652736.00000
0.38757 0.11169 -0.27539 -292867792624699484131575063102674173952.00000
0.39176 0.12163 -0.27316 -278199351175242559564272171500114542592.00000
0.39067 0.12984 -0.27341 -287556052656008751815917941410630729728.00000
0.40724 -0.13574 -0.28946 -288879926095658303647829826396571566080.00000
0.39664 -0.11751 -0.27458 -296886569545976629761046395419736670208.00000
0.40501 -0.11284 -0.27612 -291548827528174016003905773351544553472.00000
0.39626 -0.09815 -0.26678 -295557341550191713888142588359456325632.00000
0.40428 -0.09301 -0.26806 -291548847810583619655576197298795839488.00000
0.40244 -0.07591 -0.27536 -286221530951317282857033484117764734976.00000
0.40703 -0.08590 -0.27247 -284876624652908744242891965832240300032.00000
0.40847 -0.06160 -0.28705 -294228133836816401666909205246427267072.00000
0.41382 -0.07188 -0.28500 -295552149253333179060514057863127105536.00000
0.41576 -0.05613 -0.30443 -300905508726530604603881119314809454592.00000
0.42386 -0.04852 -0.30457 -307562033299172253623657215608869617664.00000
0.41677 -0.02859 -0.30275 -311544626401716484673092226029637861376.00000
0.42358 -0.03887 -0.30245 -310215317276293154193506723180352372736.00000
0.41517 -0.01010 -0.29698 -310215357841112361496847571074854944768.00000
0.42144 -0.01047 -0.29443 -308880917266059307144644809570994094080.00000
0.41446 0.00778 -0.29452 -315553099858914975253988193143047061504.00000
0.42071 0.00774 -0.29204 -311549818698575019500720756525967081472.00000
0.41634 0.01675 -0.29946 -310220590702790103627816949465686736896.00000
0.42079 0.02584 -0.29260 -308875765534019979620357126969167446016.00000
0.41422 0.03441 -0.29483 -307551709552683994923411426457965035520.00000
0.41368 0.04323 -0.29421 -311555031277843157980019710969547587584.00000
0.41028 0.05999 -0.28762 -304893233278704559525933388390153060352.00000
0.41734 0.05222 -0.28639 -311554990713023950676678863075045015552.00000
0.40750 0.06769 -0.28183 -298236627576424495899475596307087753216.00000
0.41339 0.06874 -0.27924 -300910701023389139431509649811138674688.00000
0.40430 0.09267 -0.27919 -298215838106580752937291050374519586816.00000
0.41187 0.08609 -0.27901 -295567746426318387195070073299366051840.00000
0.40386 0.10149 -0.28045 -299545106667184876113535705329302503424.00000
0.40324 0.11030 -0.28144 -298210666092131821761332943825441652736.00000
0.40144 0.12781 -0.28269 -292888602376952830745430032982493626368.00000
0.40853 0.13126 -0.28372 -291564546395616846048484332471291215872.00000
0.39873 0.13485 -0.27861 -291564586960436053351825180365793787904.00000
0.40729 0.14015 -0.28390 -292899007253079504052357517922403352576.00000
0.40602 0.15968 -0.28821 -294233447828132558404560279426264203264.00000
0.42445 -0.14688 -0.29637 -306222522121718286353848467292187262976.00000
0.42014 -0.12406 -0.29683 -292878116371187742831820852253578756096.00000
0.42814 -0.12812 -0.29776 -296881458378756509540099560712412594176.00000
0.41368 -0.10776 -0.27746 -295546997521293851536226375261300457472.00000
0.42889 -0.10717 -0.29312 -295562655541507870625793662539293261824.00000
0.42089 -0.08369 -0.28687 -300895164697632742251964906216653586432.00000
0.44167 -0.10590 -0.31986 -295567868120776009105092616982873767936.00000
0.43450 -0.07164 -0.31503 -302224331846188847169857441435180072960.00000
0.44598 -0.07554 -0.32228 -302219159831739915993899334886102138880.00000
0.43463 -0.06143 -0.31339 -303558772421241901522060202939040923648.00000
0.44357 -0.05324 -0.31322 -304888000417026817394964009999321268224.00000
0.43003 -0.03976 -0.29946 -311549757851346208545709484684213223424.00000
0.42953 -0.03002 -0.29716 -311549757851346208545709484684213223424.00000
0.42785 -0.01086 -0.29168 -310215357841112361496847571074854944768.00000
0.43440 -0.01125 -0.28872 -308880937548468910796315233518245380096.00000
0.42711 0.00770 -0.28936 -308875745251610375968686703021916160000.00000
0.43515 -0.00185 -0.28998 -307541324958966925268154365465306595328.00000
0.42720 0.02614 -0.28992 -311544626401716484673092226029637861376.00000
0.43374 0.02644 -0.28703 -308886190692556256578955035856328458240.00000
0.43337 0.03582 -0.28673 -307551729835093598575081850405216321536.00000
0.43272 0.04513 -0.28603 -306227653571348010226465725946762625024.00000
0.42247 0.06185 -0.28228 -299565835289799808120708979420116811776.00000
0.42992 0.05381 -0.28074 -304898445857972698005232342833733566464.00000
0.41956 0.07909 -0.27847 -302239949301583658956083880818670305280.00000
0.42733 0.07166 -0.27753 -304898405293153490701891494939230994432.00000
0.41746 0.09665 -0.27744 -298221030403439287764919580870848806912.00000
0.42557 0.08980 -0.27701 -299555470978492342117122342374709657600.00000
0.41796 0.11638 -0.28364 -295557402397420524843153860201210183680.00000
0.42847 0.11133 -0.28809 -294228133836816401666909205246427267072.00000
0.42154 0.14000 -0.29859 -292904118420299624273304352629727428608.00000
0.42958 0.14392 -0.29946 -291569637280427362617760743231364005888.00000
0.42023 0.14956 -0.29886 -294238558995352678625507114133588279296.00000
0.42818 0.15373 -0.29963 -292904098137890020621633928682476142592.00000
0.41511 0.16616 -0.29368 -295572999570405732977709875637449129984.00000
0.43252 -0.15157 -0.29688 -286211044945552194943424303388849864704.00000
0.43591 -0.16317 -0.29022 -302208714390794035383631002051689840640.00000
0.43706 -0.14445 -0.30340 -284892262390713159680788829162981818368.00000
0.44774 -0.13902 -0.30458 -280894193809641342406820346989482344448.00000
0.44455 -0.11638 -0.31006 -292893794673811365573058563478822846464.00000
0.44953 -0.12875 -0.30506 -292893774391401761921388139531571560448.00000
0.45458 -0.10049 -0.32639 -288895665245510737344078809463569514496.00000
0.46065 -0.11349 -0.32237 -300874395510198602941450784231336706048.00000
0.46107 -0.08111 -0.33569 -304882868967397093522346751344745906176.00000
0.46815 -0.09433 -0.33270 -306217309542450147874549512848606756864.00000
0.46110 -0.06967 -0.33374 -306206864101504267264281180014194458624.00000
0.47127 -0.06057 -0.33314 -302208734673203639035301425998941126656.00000
0.46032 -0.04697 -0.32889 -307546476691006252792442048067133243392.00000
0.46984 -0.03730 -0.32762 -300869182930930464462151829787756199936.00000
0.45344 -0.02373 -0.31222 -307541304676557321616483941518055309312.00000
0.45704 -0.01326 -0.30041 -303538064081036573166557352795477901312.00000
0.44616 -0.00239 -0.29583 -303538023516217365863216504900975329280.00000
0.45375 0.00747 -0.29326 -302203623505983518814354591291617050624.00000
0.44898 0.02765 -0.30193 -298215878671399960240631898269022158848.00000
0.45628 0.01771 -0.29838 -303548489239572850125155261682638913536.00000
0.44634 0.03734 -0.29689 -299550319246453014592834659772883009536.00000
0.45493 0.04841 -0.29721 -296891883537292786498697469599573606400.00000
0.44677 0.05759 -0.29956 -299565896137028619075720251261870669824.00000
0.45382 0.05848 -0.29597 -294228194684045212621920477088181125120.00000
0.43576 0.08342 -0.28036 -299550238116814599986152963983877865472.00000
0.45298 0.07908 -0.29689 -288864410052311510119955506749337763840.00000
0.43735 0.10442 -0.28776 -294228133836816401666909205246427267072.00000
0.45566 0.10186 -0.30597 -296891863254883182847027045652322320384.00000
0.44722 0.13269 -0.31445 -288900756130321253913355220223642304512.00000
0.45998 0.12714 -0.31962 -287561143540819268385194352170703519744.00000
0.44257 0.15201 -0.31047 -288905928144770185089313326772720238592.00000
0.45550 0.14761 -0.31607 -292883268103227070356108534855405404160.00000
0.43873 0.16020 -0.30535 -292898905841031485794005398186146922496.00000
0.44563 0.17514 -0.30550 -298221111533077702371601276659853950976.00000
0.42841 0.17299 -0.28940 -298236749270882117809498139990595469312.00000
0.43192 0.18466 -0.28343 -296871073785039439884842499719754153984.00000
0.43884 -0.17461 -0.28274 -296876144387440352802448486532575657984.00000
0.44157 -0.16536 -0.28441 -299555470978492342117122342374709657600.00000
0.44413 -0.15592 -0.28589 -296891802407654371892015773810568462336.00000
0.45407 -0.14118 -0.29916 -294233346416084540146208159690007773184.00000
0.46044 -0.14335 -0.29346 -296897014986922510371314728254148968448.00000
0.45881 -0.13309 -0.30547 -295557402397420524843153860201210183680.00000
0.47025 -0.12659 -0.30601 -295541744377206505753586572923217379328.00000
0.46770 -0.11548 -0.31726 -298210706656951029064673791719944224768.00000
0.47916 -0.10791 -0.31739 -302213967534881381166270804389772918784.00000
0.47564 -0.09610 -0.32778 -298210666092131821761332943825441652736.00000
0.48698 -0.08746 -0.32736 -299545066102365668810194857434799931392.00000
0.48243 -0.07513 -0.33681 -310220590702790103627816949465686736896.00000
0.49042 -0.07663 -0.33175 -304882808120168282567335479502992048128.00000
0.48155 -0.05088 -0.33197 -298210686374541425413003367772692938752.00000
0.49188 -0.04057 -0.33016 -306201793499103354346675193201372954624.00000
0.47089 -0.02550 -0.30958 -304872585785728042125441810088343896064.00000
0.48000 -0.01517 -0.30714 -306201773216693750695004769254121668608.00000
0.46339 0.00739 -0.29413 -296871033220220232581501651825251581952.00000
0.47282 -0.00347 -0.29382 -306206884383913870915951603961445744640.00000
0.46596 0.02858 -0.29935 -303553620689202573997772520337214275584.00000
0.48186 0.01846 -0.30999 -303553519277154555739420400600957845504.00000
0.46300 0.03877 -0.29424 -299550319246453014592834659772883009536.00000
0.47835 0.04053 -0.30446 -299555450696082738465451918427458371584.00000
0.46439 0.07111 -0.29977 -283547477786762242976669854560965099520.00000
0.47887 0.06313 -0.30712 -294228133836816401666909205246427267072.00000
0.47066 0.09592 -0.31500 -286216358936868351681075377568686800896.00000
0.48113 0.09873 -0.31563 -290219721226846722041024509974771924992.00000
0.46773 0.11765 -0.31351 -292878116371187742831820852253578756096.00000
0.47827 0.10928 -0.31233 -288874835210847787078553415636498776064.00000
0.46716 0.12913 -0.31486 -294207324084563055053054235366607814656.00000
0.47346 0.14271 -0.31064 -287555930961551129905895397727123013632.00000
0.46513 0.15194 -0.31656 -292883268103227070356108534855405404160.00000
0.47062 0.16560 -0.31135 -287550738664692595078266867230793793536.00000
0.45455 0.18010 -0.30550 -280852574305134649179110407229843439616.00000
0.46589 0.17431 -0.30565 -284871472920869416718604283230413651968.00000
0.44476 0.19510 -0.29314 -291522906608700549169103968764401025024.00000
0.45067 0.19754 -0.28714 -291528098905559083996732499260730245120.00000
0.44939 -0.19132 -0.27322 -302213926970062173862929956495270346752.00000
0.46770 -0.19463 -0.28558 -303543154965847089735833763555550691328.00000
0.46179 -0.17895 -0.28870 -299555450696082738465451918427458371584.00000
0.47412 -0.17422 -0.28934 -298215797541761545633950202480017014784.00000
0.46741 -0.15855 -0.29180 -300884658409458050686685301540487430144.00000
0.47967 -0.15291 -0.29223 -300879486395009119510727194991409496064.00000
0.47524 -0.13976 -0.29960 -302208694108384431731960578104438554624.00000
0.48749 -0.13307 -0.29970 -303543154965847089735833763555550691328.00000
0.48661 -0.10984 -0.31176 -304882828402577886219005903450243334144.00000
0.49268 -0.12367 -0.30582 -306206864101504267264281180014194458624.00000
0.50219 -0.10334 -0.31704 -300879506677418723162397618938660782080.00000
0.50646 -0.09246 -0.32207 -299545066102365668810194857434799931392.00000
0.50178 -0.06680 -0.33041 -304887980134617213743293586052069982208.00000
0.51018 -0.06817 -0.32476 -299555491260901945768792766321960943616.00000
0.50117 -0.05410 -0.32796 -308860208925853978789141959427431071744.00000
0.51219 -0.04327 -0.32555 -302203704635621933421036287080622194688.00000
0.49561 -0.02848 -0.31636 -303517294893602433856043230810161020928.00000
0.50893 -0.01769 -0.31871 -300874395510198602941450784231336706048.00000
0.48965 0.00713 -0.30494 -304877554976080936784695677164908969984.00000
0.50672 -0.00522 -0.31471 -302208734673203639035301425998941126656.00000
0.49579 0.03069 -0.31580 -298221010121029684113249156923597520896.00000
0.51109 0.01930 -0.32169 -287561163823228872036864776117954805760.00000
0.49211 0.04200 -0.31001 -298221030403439287764919580870848806912.00000
0.50680 0.04356 -0.31554 -303558853550880316128741898728046067712.00000
0.50410 0.06754 -0.31286 -302213987817290984817941228337024204800.00000
0.50538 0.08029 -0.31617 -296871073785039439884842499719754153984.00000
0.49796 0.09168 -0.32456 -296876347211536389319152726005088518144.00000
0.50674 0.10612 -0.32159 -294207466061430280614747202997366816768.00000
0.49207 0.11405 -0.31801 -294217830372737746618333840042773970944.00000
0.50338 0.11747 -0.31795 -291548989787450845217269164929554841600.00000
0.48374 0.14691 -0.31053 -286242340703570629470888453997584187392.00000
0.49441 0.15127 -0.31008 -295546997521293851536226375261300457472.00000
0.48236 0.15873 -0.31095 -287571548416945941692121837110613245952.00000
0.48965 0.16106 -0.30481 -294207344366972658704724659313859100672.00000
0.47261 0.17673 -0.29965 -286211146357600213201776423125106294784.00000
0.47692 0.19019 -0.29248 -283526688316918500014485308628396933120.00000
0.46209 0.19274 -0.28733 -291543756925773103086299786538723049472.00000
0.46535 0.20537 -0.27936 -290214386953120961651703011847683702784.00000
0.45100 0.20670 -0.27423 -287540333788565921771339382290884067328.00000
0.51653 -0.26003 -0.35670 -300895022720765516690271938585894584320.00000
0.54083 -0.28223 -0.37526 -299550197551995392682812116089375293440.00000
0.49177 -0.20154 -0.30510 -287545505803014852947297488839962001408.00000
0.51924 -0.20862 -0.32646 -291543675796134688479618090749717905408.00000
0.49054 -0.17207 -0.29562 -298210625527312614457992095930939080704.00000
0.50804 -0.16922 -0.30169 -298210666092131821761332943825441652736.00000
0.49592 -0.14930 -0.29806 -299534661226238995503267372494890205184.00000
0.50924 -0.14230 -0.29763 -299534661226238995503267372494890205184.00000
0.50373 -0.12798 -0.30515 -299534661226238995503267372494890205184.00000
0.51918 -0.13487 -0.31017 -299534661226238995503267372494890205184.00000
0.51851 -0.09590 -0.32187 -304882828402577886219005903450243334144.00000
0.52692 -0.09769 -0.31515 -299545066102365668810194857434799931392.00000
0.52251 -0.07084 -0.32473 -296886589828386233412716819366987956224.00000
0.53135 -0.08587 -0.31996 -299545066102365668810194857434799931392.00000
0.52191 -0.05749 -0.32243 -303543276660304711645856307239058407424.00000
0.53069 -0.05870 -0.31609 -303548428392344039170143989840885055488.00000
0.52315 -0.03177 -0.32237 -303543317225123918949197155133560979456.00000
0.53605 -0.03321 -0.32203 -296871114349858647188183347614256726016.00000
0.52324 0.00680 -0.32128 -296881316401889283978406593081653592064.00000
0.53533 -0.00653 -0.31993 -304882868967397093522346751344745906176.00000
0.52326 0.03245 -0.32166 -303558772421241901522060202939040923648.00000
0.53616 0.03322 -0.32131 -302208734673203639035301425998941126656.00000
0.52127 0.05788 -0.31987 -304877595540900144088036525059411542016.00000
0.53400 0.05952 -0.31942 -303548367545115228215132717999131197440.00000
0.51954 0.07037 -0.31817 -304877595540900144088036525059411542016.00000
0.52975 0.08510 -0.31535 -287550799511921406033278139072547651584.00000
0.51825 0.09595 -0.31884 -295526268898678919529053101170486149120.00000
0.52689 0.09748 -0.31253 -283542326054722915452382171959138451456.00000
0.51111 0.13231 -0.31332 -294207364649382262356395083261110386688.00000
0.52350 0.12293 -0.31100 -283537113475454776973083217515557945344.00000
0.50200 0.15353 -0.30369 -291538463216866550000319136306137399296.00000
0.51462 0.14532 -0.30202 -288874754081209372471871719847493632000.00000
0.49698 0.16340 -0.29833 -290204022641813495648116374802276548608.00000
0.50217 0.17774 -0.29102 -286185144308488331760292922748957622272.00000
0.49266 0.18702 -0.29743 -284855896030293812235718691741425991680.00000
0.49966 0.18952 -0.29022 -286185144308488331760292922748957622272.00000
0.48383 0.20662 -0.28975 -295531461195537454356681631666815369216.00000
0.49036 0.22345 -0.28611 -284866341471239692845987024575838289920.00000
0.46742 0.23094 -0.27361 -286205954060741678374147892628777074688.00000
0.48003 0.22695 -0.27327 -287535242903755405202062971530811277312.00000
0.58834 -0.34531 -0.40699 -298215716412123131027268506691011870720.00000
0.58424 -0.32479 -0.42032 -295546855544426625974533407630541455360.00000
0.59629 -0.31049 -0.40738 -296881235272250869371724897292648448000.00000
0.56226 -0.26189 -0.37591 -294217668113460917404970448464763682816.00000
0.56740 -0.24370 -0.35623 -294217647831051313753300024517512396800.00000
0.54518 -0.21121 -0.34168 -292872883509510000700851473862746963968.00000
0.54565 -0.19174 -0.31803 -295541744377206505753586572923217379328.00000
0.53579 -0.17210 -0.32090 -295536531797938367274287618479636873216.00000
0.54866 -0.17809 -0.31903 -295536511515528763622617194532385587200.00000
0.53747 -0.12871 -0.31516 -304877554976080936784695677164908969984.00000
0.55351 -0.15013 -0.32004 -299539792675868719375884631149465567232.00000
0.53878 -0.11505 -0.31480 -304877595540900144088036525059411542016.00000
0.55286 -0.10506 -0.31249 -311549798416165415849050332578715795456.00000
0.54005 -0.07370 -0.31134 -302213947252471777514600380442521632768.00000
0.54886 -0.08916 -0.30543 -303543154965847089735833763555550691328.00000
0.53955 -0.05993 -0.30935 -302213967534881381166270804389772918784.00000
0.55177 -0.04814 -0.30550 -296860668908912766577915014779844427776.00000
0.54523 -0.03400 -0.31536 -303543317225123918949197155133560979456.00000
0.55663 -0.02121 -0.31048 -300848352896267514196626435960685461504.00000
0.54871 -0.00710 -0.31917 -303543276660304711645856307239058407424.00000
0.55909 0.00651 -0.31315 -302193178065037638204086258457204752384.00000
0.54957 0.03403 -0.32054 -296876306646717182015811878110585946112.00000
0.55939 0.02049 -0.31361 -295547038086113058839567223155803029504.00000
0.55814 0.04838 -0.31274 -286221571516136490160374332012267307008.00000
0.55660 0.06215 -0.31143 -283552690366030381455968809004545605632.00000
0.54116 0.07356 -0.31104 -291574991836562726658752665305703514112.00000
0.55175 0.08902 -0.30713 -292909412129206177359285002862313078784.00000
0.53957 0.10041 -0.31139 -270234388076659737633776814078342201344.00000
0.54849 0.10200 -0.30416 -291564566678026449700154756418542501888.00000
0.53589 0.12665 -0.30968 -279549409205690425702701372387465625600.00000
0.54383 0.14257 -0.30333 -291543716360953895782958938644220477440.00000
0.52636 0.14965 -0.30040 -292878177218416553786832124095332614144.00000
0.53277 0.16512 -0.29294 -287556032373599148164247517463379443712.00000
0.51534 0.17056 -0.28956 -287529989759668059419423169192728199168.00000
0.51299 0.18286 -0.28897 -283531900896186638493784263071977439232.00000
0.51896 0.21689 -0.30434 -276864951165008712515410257890756263936.00000
0.53368 0.21032 -0.30290 -280889062360011618534203088334906982400.00000
0.51565 0.22922 -0.30305 -274196090297312207462675158830285848576.00000
0.53140 0.23994 -0.30675 -280878657483884945227275603394997256192.00000
0.48932 0.23299 -0.27047 -286200822611111954501530633974201712640.00000
0.49093 0.24555 -0.25947 -280868232325348668268677694507836243968.00000
0.59604 -0.34823 -0.39308 -302224129022092810653153201962667212800.00000
0.60356 -0.35102 -0.37873 -298220827579343251248215341398335946752.00000
0.60467 -0.31365 -0.39419 -299555308719215512903758950796699369472.00000
0.60834 -0.33394 -0.37968 -298220827579343251248215341398335946752.00000
0.58211 -0.25241 -0.35415 -298226060441020993379184719789167738880.00000
0.59316 -0.27730 -0.35029 -300884556997410032428333181804231000064.00000
0.59416 -0.23971 -0.34348 -296891640148377542678652382232558174208.00000
0.59100 -0.21890 -0.33593 -300884556997410032428333181804231000064.00000
0.57597 -0.17706 -0.33197 -303543134683437486084163339608299405312.00000
0.59074 -0.18343 -0.32932 -307535990685241164878832867338218373120.00000
0.58578 -0.14949 -0.33928 -304877554976080936784695677164908969984.00000
0.59510 -0.15188 -0.32939 -300874212968512170076416968706075131904.00000
0.58133 -0.13099 -0.33126 -304877554976080936784695677164908969984.00000
0.59162 -0.11742 -0.32093 -303543154965847089735833763555550691328.00000
0.56230 -0.09249 -0.30335 -303543154965847089735833763555550691328.00000
0.57632 -0.08099 -0.29943 -302203542376345104207672895502611906560.00000
0.56545 -0.05012 -0.30357 -302198410926715380335055636848036544512.00000
0.57586 -0.06605 -0.29766 -306191287210928662781395588525206798336.00000
0.57065 -0.02228 -0.30865 -299534701791058202806608220389392777216.00000
0.58274 -0.03792 -0.30398 -303548387827524831866803141946382483456.00000
0.57328 0.00639 -0.31136 -300874314380560188334769088442331561984.00000
0.58798 0.00626 -0.30903 -296902207283781045198943258750478188544.00000
0.56866 0.03492 -0.30595 -299545106667184876113535705329302503424.00000
0.58831 0.02123 -0.30947 -292904098137890020621633928682476142592.00000
0.56767 0.04908 -0.30521 -298210666092131821761332943825441652736.00000
0.58502 0.06577 -0.30706 -299555470978492342117122342374709657600.00000
0.56378 0.07689 -0.30196 -300879547242237930465738466833163354112.00000
0.57469 0.09309 -0.29684 -304846441759748935122265342081436221440.00000
0.55777 0.11804 -0.29842 -294196980055665192701138022268451946496.00000
0.57126 0.12160 -0.29561 -302187965485769499724787304013624246272.00000
0.56202 0.13448 -0.30561 -295536612927576781880969314268642017280.00000
0.57012 0.15135 -0.29795 -291538463216866550000319136306137399296.00000
0.55104 0.15874 -0.29577 -287540394635794732726350654132637925376.00000
0.57363 0.16872 -0.30443 -290204103771451910254798070591281692672.00000
0.55844 0.20992 -0.31353 -282207885479669861100179410455277600768.00000
0.58549 0.20869 -0.32430 -286190377170166073891262301139789414400.00000
0.57131 0.23637 -0.33391 -284876726064956762501244085568496730112.00000
0.58551 0.24379 -0.33077 -286216318372049144377734529674184228864.00000
0.55340 0.25605 -0.31731 -279544156061603079920061570049382547456.00000
0.56201 0.27768 -0.31211 -278220140645086302526456717432682708992.00000
0.53002 0.26757 -0.29326 -283537072910635569669742369621055373312.00000
0.54155 0.29283 -0.29367 -279549409205690425702701372387465625600.00000
0.51590 0.28579 -0.28200 -282197460321133584141581501568116588544.00000
0.52637 0.29352 -0.27774 -279533791750295613916474933003975393280.00000
0.62510 -0.39330 -0.38766 -296886366721880593244342155947223810048.00000
0.62026 -0.36400 -0.37581 -298220807296933647596544917451084660736.00000
0.63009 -0.32854 -0.37769 -299550156987176185379471268194872721408.00000
0.63298 -0.34914 -0.36150 -298220847861752854899885765345587232768.00000
0.61696 -0.29461 -0.35696 -299550177269585789031141692142124007424.00000
0.62144 -0.27376 -0.33494 -303527496945633070646266476277557886976.00000
0.60975 -0.24830 -0.34019 -296876164669849956454118910479826944000.00000
0.63000 -0.24036 -0.33732 -300879445830189912207386347096906924032.00000
0.61989 -0.19853 -0.34218 -303548185003428795350098902473869623296.00000
0.62916 -0.20128 -0.33015 -298226080723430597030855143736419024896.00000
0.62417 -0.16428 -0.34173 -299539752111049512072543783254962995200.00000
0.64129 -0.17046 -0.33813 -299550217834404996334482540036626579456.00000
0.62546 -0.14694 -0.34088 -300874273815740981031428240547828989952.00000
0.64344 -0.13449 -0.33609 -299545106667184876113535705329302503424.00000
0.62624 -0.11206 -0.33785 -298200220651185941151064610991029354496.00000
0.64353 -0.11642 -0.33438 -296876225517078767409130182321580802048.00000
0.62447 -0.07728 -0.33293 -308854854369718614748150037353091563520.00000
0.65333 -0.06533 -0.34075 -304861937520686124998469237781418737664.00000
0.61114 -0.02572 -0.31548 -295541724094796902101916148975966093312.00000
0.64349 -0.04596 -0.32949 -303543154965847089735833763555550691328.00000
0.61306 -0.00994 -0.31722 -292883268103227070356108534855405404160.00000
0.62472 0.00593 -0.30857 -303548387827524831866803141946382483456.00000
0.60850 0.03754 -0.31232 -298221030403439287764919580870848806912.00000
0.62507 0.02222 -0.30899 -302213926970062173862929956495270346752.00000
0.61647 0.07065 -0.32243 -295552128970923575408843633915875819520.00000
0.63527 0.05624 -0.32050 -303548347262705624563462294051879911424.00000
0.61363 0.08637 -0.32021 -294217688395870521056640872412014968832.00000
0.63862 0.10834 -0.32692 -296876164669849956454118910479826944000.00000
0.60638 0.13328 -0.31623 -298210605244903010806321671983687794688.00000
0.62152 0.12035 -0.31013 -295541744377206505753586572923217379328.00000
0.62424 0.17531 -0.34061 -292883247820817466704438110908154118144.00000
0.64158 0.16285 -0.33509 -283537032345816362366401521726552801280.00000
0.62852 0.21435 -0.35075 -287540435200613940029691502027140497408.00000
0.64570 0.22149 -0.34687 -246167605359520323935447788858376192000.00000
0.62644 0.23207 -0.35135 -287530010042077663071093593139979485184.00000
0.63601 0.23507 -0.33916 -267513421698691451439722594529318010880.00000
0.60674 0.25641 -0.33480 -280883788933514669099892862049572618240.00000
0.61130 0.27556 -0.32156 -275561684653516470780649103312122019840.00000
0.58582 0.27704 -0.31706 -271553089501860358289730592515205103616.00000
0.60000 0.28552 -0.31240 -276890851802072575698541638530648506368.00000
0.56420 0.29398 -0.29854 -278220140645086302526456717432682708992.00000
0.57134 0.31597 -0.29110 -279544216908831890875072841891136405504.00000
0.57181 0.33609 -0.29606 -283537113475454776973083217515557945344.00000
0.67456 -0.43837 -0.39477 -292903895313793984104929689209963282432.00000
0.70096 -0.43425 -0.39065 -298231212173060320903472402390994386944.00000
0.66676 -0.35383 -0.37004 -296896873010055284809621760623389966336.00000
0.67479 -0.35668 -0.35326 -298215675847303923723927658796509298688.00000
0.66125 -0.32532 -0.35947 -296886528981157422457705547525234098176.00000
0.68526 -0.31818 -0.35536 -296881316401889283978406593081653592064.00000
0.64269 -0.26647 -0.33164 -303558731856422694218719355044538351616.00000
0.66466 -0.25815 -0.32746 -299539792675868719375884631149465567232.00000
0.65994 -0.23424 -0.31968 -299539792675868719375884631149465567232.00000
0.66358 -0.21623 -0.32038 -298205352100815665023681869645604716544.00000
0.65905 -0.17687 -0.33381 -299555430413673134813781494480207085568.00000
0.66903 -0.17942 -0.32062 -294212496099011986229012341915685748736.00000
0.66053 -0.15831 -0.33306 -296886589828386233412716819366987956224.00000
0.67988 -0.14499 -0.32683 -295546916391655436929544679472295313408.00000
0.66144 -0.12093 -0.33017 -295547038086113058839567223155803029504.00000
0.67932 -0.10624 -0.32303 -294217688395870521056640872412014968832.00000
0.67969 -0.06960 -0.34442 -304882747272939471612324207661238190080.00000
0.69391 -0.09087 -0.33547 -298205392665634872327022717540107288576.00000
0.68399 -0.05139 -0.34781 -304877595540900144088036525059411542016.00000
0.71282 -0.05497 -0.35120 -302208714390794035383631002051689840640.00000
0.67420 -0.01298 -0.33703 -302203542376345104207672895502611906560.00000
0.69502 0.00522 -0.33335 -300884678691867654338355725487738716160.00000
0.65408 0.04054 -0.31726 -300874233250921773728087392653326417920.00000
0.67933 0.04220 -0.31905 -296886569545976629761046395419736670208.00000
0.67852 0.07995 -0.34278 -302208633261155620776949306262684696576.00000
0.68515 0.06141 -0.32498 -294212475816602382577341917968434462720.00000
0.68264 0.09974 -0.34789 -302208633261155620776949306262684696576.00000
0.68946 0.11947 -0.33191 -295541724094796902101916148975966093312.00000
0.65181 0.14673 -0.32132 -292883328950455881311119806697159262208.00000
0.67705 0.15422 -0.32324 -292883328950455881311119806697159262208.00000
0.66664 0.17133 -0.33820 -290219741509256325692694933922023211008.00000
0.67677 0.19321 -0.32692 -280883849780743480054904133891326476288.00000
0.65561 0.22439 -0.33412 -284866382036058900149327872470340861952.00000
0.67548 0.21259 -0.32802 -279523407156578544261217872011316953088.00000
0.64225 0.25571 -0.32613 -283537093193045173321412793568306659328.00000
0.66260 0.24575 -0.32083 -280857827449221994961750209567926517760.00000
0.62668 0.28422 -0.31638 -284871472920869416718604283230413651968.00000
0.65517 0.28190 -0.31969 -280857786884402787658409361673423945728.00000
0.61670 0.31636 -0.31317 -283537093193045173321412793568306659328.00000
0.65412 0.32385 -0.32584 -284866199494372467284294056945079287808.00000
0.62971 0.37234 -0.33626 -282202571488353704362528336275440664576.00000
0.65206 0.36706 -0.33202 -282197318344266358579888533937357586432.00000
0.62371 0.38890 -0.33443 -283531819766548223887102567282972295168.00000
0.63044 0.39137 -0.31858 -282192186894636634707271275282782224384.00000
0.74639 -0.47066 -0.37958 -302224169586912017956494049857169784832.00000
0.71433 -0.41525 -0.37165 -298220827579343251248215341398335946752.00000
0.74231 -0.40943 -0.36583 -294217647831051313753300024517512396800.00000
0.69996 -0.35035 -0.34853 -300874212968512170076416968706075131904.00000
0.73908 -0.35320 -0.35430 -298205392665634872327022717540107288576.00000
0.67808 -0.28609 -0.32016 -299539792675868719375884631149465567232.00000
0.72390 -0.29237 -0.33365 -298205372383225268675352293592856002560.00000
0.68725 -0.24871 -0.32227 -308865259245845288055077522293001289728.00000
0.71700 -0.26452 -0.32451 -296870911525762610671479108141743865856.00000
0.69407 -0.21009 -0.32300 -303522284366364932166967521833977380864.00000
0.73675 -0.20735 -0.33339 -296870952090581817974819956036246437888.00000
0.69815 -0.17053 -0.32210 -296870952090581817974819956036246437888.00000
0.71888 -0.15626 -0.31419 -299539833240687926679225479043968139264.00000
0.69916 -0.13046 -0.31934 -300879486395009119510727194991409496064.00000
0.71898 -0.13547 -0.31259 -303543154965847089735833763555550691328.00000
0.72926 -0.07735 -0.34206 -296870952090581817974819956036246437888.00000
0.73487 -0.09835 -0.32306 -302208714390794035383631002051689840640.00000
0.73817 -0.03698 -0.34835 -302208714390794035383631002051689840640.00000
0.75059 -0.03773 -0.33350 -303543154965847089735833763555550691328.00000
0.74090 -0.01623 -0.35033 -304877595540900144088036525059411542016.00000
0.75345 -0.01665 -0.33546 -303543154965847089735833763555550691328.00000
0.72427 0.02517 -0.33565 -294238518430533471322166266239085707264.00000
0.75452 0.04741 -0.33651 -296881377249118094933417864923407450112.00000
0.72738 0.08666 -0.33993 -290229984126106169786259027283922649088.00000
0.74898 0.08948 -0.33321 -298205392665634872327022717540107288576.00000
0.72313 0.10643 -0.33718 -291564424701159224138461788787783499776.00000
0.73871 0.12987 -0.32686 -291569637280427362617760743231364005888.00000
0.71149 0.14434 -0.32951 -290214386953120961651703011847683702784.00000
0.72413 0.16768 -0.31772 -290214447800349772606714283689437560832.00000
0.69547 0.19960 -0.32074 -291543756925773103086299786538723049472.00000
0.70581 0.20217 -0.30611 -282192268024275049313952971071787368448.00000
0.68557 0.21532 -0.31406 -283516324005611034010898671582989778944.00000
0.69546 0.21799 -0.29950 -282181863148148376007025486131877642240.00000
0.66816 0.26693 -0.30611 -279512941433223059999279115229653368832.00000
0.68959 0.25663 -0.29942 -275504508540843776721723996010746740736.00000
0.67659 0.31608 -0.32050 -284855814900655397629036995952420847616.00000
0.71555 0.34237 -0.33153 -274175199415420446242138493161461252096.00000
0.68551 0.36994 -0.33676 -284855814900655397629036995952420847616.00000
0.70443 0.38248 -0.32937 -284835126842859672925204569756109111296.00000
0.66929 0.37910 -0.32534 -283521435172831154231845506290313854976.00000
0.67664 0.38179 -0.30828 -282181883430557979658695910079128928256.00000
0.63933 0.42026 -0.30951 -275514913416970450028651480950656466944.00000
0.66274 0.41673 -0.30413 -275514913416970450028651480950656466944.00000
0.77674 -0.46565 -0.37263 -288869460372302819385891069614907981824.00000
0.80841 -0.45950 -0.36445 -288890351254194580606427735283732578304.00000
0.77144 -0.40248 -0.35888 -295536511515528763622617194532385587200.00000
0.80164 -0.39423 -0.35063 -295541724094796902101916148975966093312.00000
0.76689 -0.34429 -0.34716 -300874273815740981031428240547828989952.00000
0.79549 -0.33398 -0.33866 -299539833240687926679225479043968139264.00000
0.79228 -0.28217 -0.35782 -303543073836208675129152067766545547264.00000
0.79955 -0.30974 -0.33853 -303543114401027882432492915661048119296.00000
0.82414 -0.24623 -0.37761 -304861978085505332301810085675921309696.00000
0.85114 -0.28413 -0.37126 -306211954986314783833557590774267248640.00000
0.80983 -0.21385 -0.36386 -302193096935399223597404562668199608320.00000
0.83527 -0.19612 -0.35239 -307541264111738114313143093623552737280.00000
0.73942 -0.14066 -0.30487 -306196418660558386654012847179782160384.00000
0.77129 -0.14953 -0.30398 -304872382961632005608737570615831035904.00000
0.77376 -0.08396 -0.32778 -304872423526451212912078418510333607936.00000
0.78972 -0.10898 -0.31468 -300874314380560188334769088442331561984.00000
0.77947 -0.06253 -0.33134 -306206864101504267264281180014194458624.00000
0.77313 -0.03949 -0.32584 -300869101801292049855470133998751055872.00000
0.77618 -0.01764 -0.32779 -302203542376345104207672895502611906560.00000
0.79033 0.00437 -0.31216 -298210645809722218109662519878190366720.00000
0.77825 0.02665 -0.32927 -299545045819956065158524433487548645376.00000
0.79071 0.02690 -0.31248 -299545106667184876113535705329302503424.00000
0.76465 0.06949 -0.31959 -300879486395009119510727194991409496064.00000
0.78343 0.09361 -0.30870 -298210666092131821761332943825441652736.00000
0.75633 0.11144 -0.31480 -292872863227100397049181049915495677952.00000
0.77190 0.13596 -0.30238 -288879966660477510951170674291074138112.00000
0.74324 0.15115 -0.30711 -291548827528174016003905773351544553472.00000
0.73509 0.16989 -0.30228 -288874835210847787078553415636498776064.00000
0.72595 0.18776 -0.29684 -284871513485688624021945131124916224000.00000
0.73624 0.19007 -0.28082 -286206014907970489329159164470530932736.00000
0.71130 0.24510 -0.29154 -268832366512807315915721460333196345344.00000
0.73312 0.23226 -0.28237 -283516324005611034010898671582989778944.00000
0.72735 0.27653 -0.30701 -268832407077626523219062308227698917376.00000
0.72335 0.29713 -0.30661 -270166847652679577571265069731559768064.00000
0.77412 0.38307 -0.35500 -276844121130345762249884864063685525504.00000
0.81769 0.38299 -0.35732 -278178581987808420253758049514797662208.00000
0.76914 0.40661 -0.35485 -282181883430557979658695910079128928256.00000
0.79283 0.42166 -0.34577 -276864951165008712515410257890756263936.00000
0.74352 0.43982 -0.34184 -272856477707810221934514290777347063808.00000
0.78100 0.46990 -0.34498 -263525899970613533034374564926487265280.00000
0.72313 0.50467 -0.33872 -254179684495612428696337975744885948416.00000
0.86172 -0.46881 -0.36970 -286221490386498075553692636223262162944.00000
0.92020 -0.47716 -0.37360 -279549368640871218399360524492963053568.00000
0.83279 -0.38452 -0.34092 -294202070940475709270414433028524736512.00000
0.87992 -0.41443 -0.34299 -286205913495922471070807044734274502656.00000
0.87872 -0.32495 -0.36338 -300884658409458050686685301540487430144.00000
0.88720 -0.35699 -0.34109 -290198789780135753517146996411444756480.00000
0.91728 -0.28438 -0.38439 -298189734645420853237455430262114484224.00000
0.93015 -0.31885 -0.36295 -294196898926026778094456326479446802432.00000
0.93506 -0.26151 -0.39403 -299529387799742046068957146209555841024.00000
0.96544 -0.23992 -0.37808 -299539812958278323027555055096716853248.00000
0.89198 -0.18690 -0.36056 -300884678691867654338355725487738716160.00000
0.93544 -0.16952 -0.35570 -298215777259351941982279778532765728768.00000
0.88228 -0.12930 -0.35102 -302224331846188847169857441435180072960.00000
0.92103 -0.10866 -0.34426 -296886569545976629761046395419736670208.00000
0.86799 -0.07377 -0.33947 -299555470978492342117122342374709657600.00000
0.90180 -0.05070 -0.33086 -299545106667184876113535705329302503424.00000
0.83814 0.00390 -0.31837 -296881356966708491281747440976156164096.00000
0.87586 -0.02228 -0.31444 -296870952090581817974819956036246437888.00000
0.83850 0.02831 -0.31866 -299545005255136857855183585593046073344.00000
0.86305 0.05425 -0.30669 -295536470950709556319276346637883015168.00000
0.83452 0.07679 -0.31676 -296876103822621145499107638638073085952.00000
0.83022 0.10054 -0.31459 -296881316401889283978406593081653592064.00000
0.82445 0.12376 -0.31164 -292867630365422654918211671524663885824.00000
0.84930 0.12793 -0.30020 -296870911525762610671479108141743865856.00000
0.82095 0.17171 -0.31174 -292878136653597346483491276200830042112.00000
0.83492 0.19962 -0.29506 -287540394635794732726350654132637925376.00000
0.77617 0.22738 -0.28640 -279539024611973356047444311394807185408.00000
0.84987 0.23093 -0.30619 -283537113475454776973083217515557945344.00000
0.80895 0.29284 -0.31349 -272846011984454737672575533995683479552.00000
0.84780 0.31098 -0.31142 -280821420523983440213339224251868119040.00000
0.83158 0.36039 -0.33501 -270177069987119818013158739146207920128.00000
0.84508 0.33739 -0.31230 -279476554790394108902538553860846256128.00000
0.83956 0.42436 -0.34760 -276849293144794693425842970612763459584.00000
0.84881 0.42753 -0.32416 -271511591691811286972043196439073914880.00000
0.83459 0.45101 -0.34791 -274180452559507792024778295499544330240.00000
0.84336 0.45405 -0.32417 -267518735690007608177373668709154947072.00000
0.96206 -0.39891 -0.35531 -283521475737650361535186354184816427008.00000
1.02428 -0.39639 -0.35279 -286169526853093519974066483365467389952.00000
0.96333 -0.33286 -0.35021 -291507268870896133731207105433659506688.00000
0.97467 -0.33595 -0.32310 -290167635998984544551375813433469435904.00000
1.00072 -0.25068 -0.36507 -292862438068564120090583141028334665728.00000
1.01373 -0.25342 -0.33753 -287514331739454040329855881914735394816.00000
0.97388 -0.20955 -0.34765 -290198769497726149865476572464193470464.00000
1.02360 -0.19054 -0.33946 -280862938616442115182697044275250593792.00000
1.00091 -0.15398 -0.36025 -287540293223746714467998534396381495296.00000
1.06090 -0.16631 -0.35779 -283521455455240757883515930237565140992.00000
0.98570 -0.05834 -0.34887 -283531779201729016583761719388469723136.00000
1.06526 -0.06549 -0.35739 -283516263158382223055887399741235920896.00000
0.97090 -0.02714 -0.34003 -286185184873307539063633770643460194304.00000
1.00669 0.00225 -0.32618 -282181802300919565052014214290123784192.00000
0.93798 0.03121 -0.32117 -287535080644478575988699579952800989184.00000
1.00512 0.06418 -0.32569 -282171397424792891745086729350214057984.00000
0.88637 0.08183 -0.29248 -283531758919319412932091295441218437120.00000
0.94021 0.11605 -0.29284 -284840197445260585842810556568930615296.00000
0.91149 0.16757 -0.30950 -280862938616442115182697044275250593792.00000
0.96788 0.15031 -0.30826 -298205453512863683282033989381861146624.00000
0.92165 0.22750 -0.31826 -278199351175242559564272171500114542592.00000
0.98445 0.21557 -0.31947 -282202672900401722620880456011697094656.00000
0.92479 0.25797 -0.32189 -279528619735846682740516826454897459200.00000
0.93812 0.29144 -0.30000 -283537113475454776973083217515557945344.00000
0.89188 0.30242 -0.30682 -282192288306684652965623395019038654464.00000
0.90072 0.33395 -0.28414 -275509822532159933459375070190583676928.00000
0.89800 0.36250 -0.28508 -263499877639092047941220640603087306752.00000
0.89430 0.39083 -0.28569 -264834318214145102293423402106948157440.00000
0.85756 0.43050 -0.30016 -276854667983339661118505316634354253824.00000
0.86578 0.43328 -0.27562 -270187657404932924185120039611379220480.00000
0.82721 0.46803 -0.28831 -256864264230751763793651633925103026176.00000
0.85937 0.45953 -0.27516 -264860360828076191038247750377599401984.00000
1.06183 -0.37669 -0.33309 -270156361646914489657655889002644897792.00000
1.10391 -0.28377 -0.34700 -279492212810608127992105841138839060480.00000
1.11663 -0.28644 -0.31471 -258172499932596900187666655580302344192.00000
1.06896 -0.23610 -0.32827 -276828523957360554115328848627446579200.00000
1.12624 -0.21525 -0.31581 -255519236237885603269487571956070875136.00000
1.11320 -0.14083 -0.34566 -276844080565526554946544016169182953472.00000
1.14199 -0.18209 -0.32143 -260836168503434870412773224144443539456.00000
1.12353 -0.10652 -0.34973 -275509639990473500594341254665322102784.00000
1.16642 -0.11168 -0.33016 -263489452480555770982622731715926294528.00000
1.11275 0.00118 -0.34336 -280842189711417579523853346237184999424.00000
1.21164 -0.03906 -0.34868 -259486130755396607926014447204343742464.00000
1.11298 0.03648 -0.34353 -280831845682519717171937133139029131264.00000
1.10591 0.10645 -0.34096 -274154450510395910583294795123395657728.00000
0.96861 0.36692 -0.28813 -266158353913071483338698678670899281920.00000
0.96448 0.43142 -0.29120 -256812097873251171697321241594795393024.00000
0.96104 0.46358 -0.29235 -266153141333803344859399724227318775808.00000
0.77986 0.50893 -0.21691 -275583001466009908686264671873223622656.00000
1.23253 -0.16039 -0.31725 -244828297006162393182343280014206697472.00000
1.24562 -0.16186 -0.28001 -206150573470792407402363253649076912128.00000
1.21120 -0.11711 -0.30816 -243498967598329459051087353217669922816.00000
1.23331 -0.07949 -0.27452 -206145300044295457968053027363742547968.00000
1.26323 -0.00029 -0.32721 -240819762701735091646436041059043639296.00000
1.27385 -0.04178 -0.28812 -202142039166365105866456014693913853952.00000
