# .PCD v0.7 - Point Cloud Data file format
VERSION 0.7
FIELDS x y z
SIZE 4 4 4
TYPE F F F
COUNT 1 1 1
WIDTH 688
HEIGHT 1
VIEWPOINT 0 0 0 1 0 0 0
POINTS 688
DATA ascii
0.34980 -0.06736 -0.28505 -284855916312703415887389115688677277696.00000
0.35551 -0.06227 -0.28661 -291538584911324171910341679989645115392.00000
0.35238 -0.05473 -0.29105 -290193678612915633296200161704120680448.00000
0.35804 -0.04915 -0.29234 -283542427466770933710734291695394881536.00000
0.35456 -0.04149 -0.29619 -287561265235276890295216895854211235840.00000
0.36012 -0.03543 -0.29714 -284882060338682522890565583695584952320.00000
0.35535 -0.02727 -0.29598 -286216440066506766287757073357691944960.00000
0.36098 -0.02838 -0.29917 -284876827477004780759596205304753160192.00000
0.35475 -0.01271 -0.29060 -290214589777216998168407251320196562944.00000
0.36079 -0.00625 -0.29493 -292893916368268987483081107162330562560.00000
0.35039 0.00181 -0.26926 -283568470080702022455558639966046126080.00000
0.36015 0.00106 -0.29166 -287571771523451581860496500530377392128.00000
0.34984 0.02139 -0.26692 -280883930910381894661585829680331620352.00000
0.35948 0.01532 -0.28864 -290225014935753275127005160207357575168.00000
0.35100 0.03493 -0.27384 -287556133785647166422599637199635873792.00000
0.35926 0.02951 -0.28870 -288890554078290617123131974756245438464.00000
0.35310 0.04264 -0.28479 -287556133785647166422599637199635873792.00000
0.35890 0.05106 -0.29091 -288890533795881013471461550808994152448.00000
0.35120 0.06274 -0.28156 -278215130889914200563862002461615063040.00000
0.35560 0.06364 -0.28037 -283563237219024280324589261575214333952.00000
0.34939 0.07570 -0.27825 -278209837181007647477881352229029412864.00000
0.35369 0.07680 -0.27695 -283552751213259192410980080846299463680.00000
0.35258 0.08319 -0.27490 -287530050606896870374434441034482057216.00000
0.35136 0.08945 -0.27264 -291528180035197498603414195049735389184.00000
0.36451 -0.08085 -0.28942 -283552730930849588759309656899048177664.00000
0.35950 -0.07086 -0.28602 -283547538633991053931681126402718957568.00000
0.35998 -0.06344 -0.28496 -291538584911324171910341679989645115392.00000
0.36138 -0.05688 -0.28801 -292867833189518691434915910997176745984.00000
0.36739 -0.05115 -0.28921 -295531501760356661660022479561317941248.00000
0.36382 -0.04325 -0.29341 -288880189766983151119545337710838284288.00000
0.36973 -0.03701 -0.29426 -291554222649128587348238543320386633728.00000
0.36579 -0.02905 -0.29783 -287550921206379027943300682756055367680.00000
0.37154 -0.02233 -0.29825 -290224974370934067823664312312855003136.00000
0.36722 -0.01440 -0.30120 -291564607242845657003495604313045073920.00000
0.37223 -0.01484 -0.29984 -292899047817898711355698365816905924608.00000
0.36618 0.00815 -0.29543 -287576882690671702081443335237701468160.00000
0.37202 0.00050 -0.29775 -288911323265724756433646096741562318848.00000
0.36517 0.02279 -0.29179 -291554242931538190999908967267637919744.00000
0.37123 0.01565 -0.29459 -300895326956909571465328297794663874560.00000
0.36988 0.03045 -0.29041 -288885321216612874992162596365413646336.00000
0.36954 0.03786 -0.29000 -288885321216612874992162596365413646336.00000
0.37013 0.04565 -0.29347 -288890493231061806168120702914491580416.00000
0.36949 0.05303 -0.29249 -290219721226846722041024509974771924992.00000
0.36190 0.05829 -0.28444 -290230146385382998999622418861932937216.00000
0.36106 0.06521 -0.28301 -284908001540565593377037812229979766784.00000
0.36009 0.07203 -0.28134 -286226824660223835943014134350350385152.00000
0.36471 0.07309 -0.27988 -287561265235276890295216895854211235840.00000
0.35782 0.08528 -0.27729 -287545647779882078508990456470721003520.00000
0.35652 0.09170 -0.27493 -292867792624699484131575063102674173952.00000
0.35512 0.09796 -0.27236 -291533352049646429779372301598813323264.00000
0.37885 -0.10725 -0.31049 -287545627497472474857320032523469717504.00000
0.37434 -0.09291 -0.29007 -294217850655147350270004263990025256960.00000
0.37517 -0.08500 -0.28956 -292893835238630572876399411373325418496.00000
0.37587 -0.07707 -0.28887 -291538564628914568258671256042393829376.00000
0.37644 -0.06912 -0.28798 -294191828323625865176850339666625298432.00000
0.37222 -0.05218 -0.28747 -288864450617130717423296354643840335872.00000
0.37688 -0.06118 -0.28690 -296860668908912766577915014779844427776.00000
0.37471 -0.03782 -0.29264 -292888622659362434397100456929744912384.00000
0.37981 -0.03866 -0.29090 -296897075834151321326326000095902826496.00000
0.37697 -0.03094 -0.29929 -294223063234415488749303218433605763072.00000
0.38220 -0.03167 -0.29758 -296897075834151321326326000095902826496.00000
0.37737 -0.01528 -0.29836 -294233468110542162056230703373515489280.00000
0.38325 -0.00788 -0.29813 -294233468110542162056230703373515489280.00000
0.37741 0.00806 -0.29708 -283573560965512539024835050726118916096.00000
0.38370 0.00003 -0.29919 -288911343548134360085316520688813604864.00000
0.37627 0.02342 -0.29337 -272882439192102896072656943258993164288.00000
0.38281 0.01593 -0.29601 -264875795741784569959440374235828060160.00000
0.37569 0.03871 -0.29277 -291564586960436053351825180365793787904.00000
0.38088 0.03922 -0.29125 -295573080700044147584391571426454274048.00000
0.37517 0.04628 -0.29204 -291564546395616846048484332471291215872.00000
0.37336 0.05327 -0.28689 -290230105820563791696281570967430365184.00000
0.37160 0.06783 -0.28407 -291564546395616846048484332471291215872.00000
0.37756 0.06150 -0.28400 -291559333816348707569185378027710709760.00000
0.36928 0.08192 -0.28020 -287556012091189544512577093516128157696.00000
0.37540 0.07607 -0.28054 -287556012091189544512577093516128157696.00000
0.36647 0.09542 -0.27535 -291559333816348707569185378027710709760.00000
0.37268 0.09008 -0.27603 -290224893241295653216982616523849859072.00000
0.36319 0.10822 -0.26962 -288885300934203271340492172418162360320.00000
0.36946 0.10341 -0.27058 -294233447828132558404560279426264203264.00000
0.38008 -0.08650 -0.28711 -299539914370326341285907174832973283328.00000
0.38856 -0.10063 -0.29917 -288874794646028579775212567741996204032.00000
0.38278 -0.07149 -0.29026 -302203542376345104207672895502611906560.00000
0.38730 -0.08112 -0.28860 -300879547242237930465738466833163354112.00000
0.38324 -0.06332 -0.28920 -303537982951398158559875657006472757248.00000
0.39020 -0.05713 -0.29019 -302213947252471777514600380442521632768.00000
0.38504 -0.04773 -0.29082 -302208754955613242686971849946192412672.00000
0.39178 -0.04103 -0.29139 -306222440992079871747166771503182118912.00000
0.38755 -0.03241 -0.29574 -300900356994491277079593436712982806528.00000
0.39411 -0.02515 -0.29583 -295567746426318387195070073299366051840.00000
0.38803 -0.01620 -0.29504 -290230126102973395347951994914681651200.00000
0.39425 -0.00854 -0.29460 -294249004436298559235775446968000577536.00000
0.38916 -0.00015 -0.29752 -295578354126541097018701797711788638208.00000
0.39508 0.00793 -0.29648 -302255688451436092652332863885668253696.00000
0.38952 0.02426 -0.29886 -295583526140990028194659904260866572288.00000
0.39514 0.02452 -0.29706 -303569258427006989435669383667955793920.00000
0.38793 0.03212 -0.29432 -298252366726276929595724579374085701632.00000
0.39444 0.04106 -0.29632 -304888081546665232001645705788326412288.00000
0.38692 0.04807 -0.29301 -298252346443867325944054155426834415616.00000
0.39159 0.05676 -0.29002 -302224412975827261776539137224185217024.00000
0.38286 0.07061 -0.28465 -288890412101423391561439007125486436352.00000
0.38926 0.06400 -0.28442 -296907460427868390981583061088561266688.00000
0.38681 0.07923 -0.28067 -291559333816348707569185378027710709760.00000
0.38534 0.08661 -0.27838 -291559333816348707569185378027710709760.00000
0.37754 0.09144 -0.27404 -292878156936006950135161700148081328128.00000
0.38249 0.09282 -0.27191 -292878156936006950135161700148081328128.00000
0.37225 0.11138 -0.26530 -291554182084309380044897695425884061696.00000
0.38008 0.10765 -0.26998 -300895266109680760510317025952910016512.00000
0.37593 0.12061 -0.26323 -295547078650932266142908071050305601536.00000
0.39775 -0.11632 -0.31206 -300879486395009119510727194991409496064.00000
0.40378 -0.12935 -0.31420 -302208694108384431731960578104438554624.00000
0.39380 -0.10234 -0.29615 -295541724094796902101916148975966093312.00000
0.39166 -0.09094 -0.28631 -290209235221081634127415329245857054720.00000
0.39473 -0.07535 -0.28986 -296881417813937302236758712817910022144.00000
0.40017 -0.07677 -0.28711 -295552189818152386363854905757629677568.00000
0.39714 -0.05919 -0.29233 -302213947252471777514600380442521632768.00000
0.40236 -0.06917 -0.29088 -291548827528174016003905773351544553472.00000
0.39731 -0.05055 -0.29089 -302213926970062173862929956495270346752.00000
0.40457 -0.04355 -0.29127 -298226263265117029895888959261680599040.00000
0.39864 -0.03394 -0.29163 -302234757004725124128455350322341085184.00000
0.40559 -0.02644 -0.29151 -299565896137028619075720251261870669824.00000
0.39921 -0.01716 -0.29115 -296902207283781045198943258750478188544.00000
0.40579 -0.00923 -0.29047 -306238099012293890836734058781174923264.00000
0.40050 -0.00053 -0.29374 -300910782153027554038191345600143818752.00000
0.40673 0.00785 -0.29243 -311575861312506108245545104796618326016.00000
0.40091 0.02479 -0.29511 -306248524170830167795331967668335935488.00000
0.40681 0.02507 -0.29300 -302245182163261401087053259209502097408.00000
0.40063 0.03323 -0.29489 -303579643020724059090926444660614234112.00000
0.40016 0.04163 -0.29433 -302240010148812469911095152660424163328.00000
0.39861 0.05821 -0.29223 -302234797569544331431796198216843657216.00000
0.40530 0.05070 -0.29127 -310230995578916776934744434405596463104.00000
0.39611 0.06565 -0.28648 -299571149281115964858360053599953747968.00000
0.39488 0.07355 -0.28467 -295562614976688663322452814644790689792.00000
0.39190 0.08889 -0.28016 -295562655541507870625793662539293261824.00000
0.39895 0.08256 -0.28020 -294228214966454816273590901035432411136.00000
0.38829 0.10348 -0.27457 -296891944384521597453708741441327464448.00000
0.39486 0.10622 -0.27599 -290230146385382998999622418861932937216.00000
0.38757 0.11169 -0.27539 -292878197500826157438502548042583900160.00000
0.39039 0.12026 -0.26915 -274196029450083396507663886988531990528.00000
0.38929 0.12835 -0.26935 -291548969505041241565598740982303555584.00000
0.40979 -0.14295 -0.31584 -300879506677418723162397618938660782080.00000
0.41136 -0.13360 -0.31600 -298210625527312614457992095930939080704.00000
0.42077 -0.12832 -0.31769 -290214386953120961651703011847683702784.00000
0.41402 -0.11468 -0.31573 -299545066102365668810194857434799931392.00000
0.41901 -0.10523 -0.30619 -294217789807918539314992992148271398912.00000
0.40743 -0.07941 -0.28877 -288890412101423391561439007125486436352.00000
0.41229 -0.08987 -0.28596 -279549409205690425702701372387465625600.00000
0.41195 -0.06354 -0.29628 -290224812111657238610300920734844715008.00000
0.41750 -0.07414 -0.29431 -291559333816348707569185378027710709760.00000
0.42004 -0.05639 -0.29667 -298231496126794772026858337652512391168.00000
0.42003 -0.04697 -0.29503 -303574410159046316959957066269782441984.00000
0.41153 -0.02711 -0.28909 -302234817851953935083466622164094943232.00000
0.41800 -0.03697 -0.28861 -306248483606010960491991119773833363456.00000
0.41093 -0.01817 -0.28663 -300889952118364603772665951773073080320.00000
0.41788 -0.00996 -0.28567 -307546476691006252792442048067133243392.00000
0.41238 -0.00092 -0.28933 -312889451570486608680552048526157152256.00000
0.41894 0.00777 -0.28770 -311544585836897277369751378135135289344.00000
0.41285 0.02535 -0.29073 -304888020699436421046634433946572554240.00000
0.41911 0.01670 -0.28817 -310210165544253826669219040578525724672.00000
0.41255 0.03411 -0.29048 -304888020699436421046634433946572554240.00000
0.41201 0.04282 -0.28987 -310220570420380499976146525518435450880.00000
0.41028 0.05999 -0.28762 -307551689270274391271741002510713749504.00000
0.41734 0.05222 -0.28639 -315532310389071232291803647210478895104.00000
0.40769 0.07667 -0.28403 -304888081546665232001645705788326412288.00000
0.41504 0.06946 -0.28337 -303548367545115228215132717999131197440.00000
0.40430 0.09267 -0.27919 -295562655541507870625793662539293261824.00000
0.41187 0.08609 -0.27901 -296876184952259560105789334427078230016.00000
0.40481 0.11158 -0.28573 -292904219832347642531656472365983858688.00000
0.41113 0.10423 -0.28169 -299550319246453014592834659772883009536.00000
0.40466 0.13094 -0.29162 -290219700944437118389354086027520638976.00000
0.41856 0.13007 -0.30662 -296897096116560924977996424043154112512.00000
0.39740 0.14330 -0.27860 -296897096116560924977996424043154112512.00000
0.40900 0.14189 -0.28843 -296897096116560924977996424043154112512.00000
0.43679 -0.16029 -0.32628 -296897014986922510371314728254148968448.00000
0.42910 -0.13263 -0.31924 -292883268103227070356108534855405404160.00000
0.43525 -0.13474 -0.31461 -295562574411869456019111966750288117760.00000
0.43678 -0.12463 -0.31471 -294228133836816401666909205246427267072.00000
0.43810 -0.11442 -0.31458 -295562574411869456019111966750288117760.00000
0.41996 -0.09291 -0.28716 -299565977266667033682401947050875813888.00000
0.43544 -0.09079 -0.30286 -295562614976688663322452814644790689792.00000
0.42556 -0.07676 -0.29579 -294228194684045212621920477088181125120.00000
0.43615 -0.08077 -0.30212 -294228174401635608970250053140929839104.00000
0.43471 -0.05971 -0.29494 -300900336712081673427923012765731520512.00000
0.43474 -0.04983 -0.29342 -296897014986922510371314728254148968448.00000
0.43250 -0.03934 -0.28707 -307567327008078806709637865841455267840.00000
0.43208 -0.02970 -0.28505 -304893233278704559525933388390153060352.00000
0.42413 -0.01033 -0.28299 -310215357841112361496847571074854944768.00000
0.43051 -0.01071 -0.28011 -307551709552683994923411426457965035520.00000
0.42482 -0.00134 -0.28421 -308870532672342237489387748578335653888.00000
0.43171 0.00768 -0.28221 -308880937548468910796315233518245380096.00000
0.42536 0.02594 -0.28563 -316871983825802028774975787105171537920.00000
0.43182 0.02624 -0.28278 -308880957830878514447985657465496666112.00000
0.42442 0.04406 -0.28469 -314203102675695920070570264097449836544.00000
0.43146 0.03550 -0.28248 -307546517255825460095782895961635815424.00000
0.42247 0.06185 -0.28228 -306201651522236128784982225570613952512.00000
0.42992 0.05381 -0.28074 -306212056398362802091909710510523678720.00000
0.41956 0.07909 -0.27847 -306217268977630940571208664954104184832.00000
0.42733 0.07166 -0.27753 -306217248695221336919538241006852898816.00000
0.41920 0.09774 -0.28163 -296881417813937302236758712817910022144.00000
0.42742 0.09081 -0.28120 -298215838106580752937291050374519586816.00000
0.42163 0.11921 -0.29261 -295562614976688663322452814644790689792.00000
0.43248 0.11407 -0.29732 -298215878671399960240631898269022158848.00000
0.42557 0.14370 -0.30862 -292893733826582554618047291637068988416.00000
0.43390 0.14779 -0.30966 -292893693261763347314706443742566416384.00000
0.42222 0.15155 -0.30387 -296897055551741717674655576148651540480.00000
0.42818 0.15373 -0.29963 -295562574411869456019111966750288117760.00000
0.42270 0.17069 -0.29416 -298231455561975564723517489758009819136.00000
0.46367 -0.20848 -0.35642 -295562554129459852367441542803036831744.00000
0.45598 -0.19022 -0.35554 -295552128970923575408843633915875819520.00000
0.47201 -0.18860 -0.36499 -292888480682495208835407489298985910272.00000
0.44224 -0.14955 -0.31520 -288879946378067907299500250343822852096.00000
0.45328 -0.14394 -0.31640 -291543655513725084827947666802466619392.00000
0.44980 -0.12041 -0.32165 -294222941539957866839280674750098046976.00000
0.45503 -0.13325 -0.31669 -295557402397420524843153860201210183680.00000
0.44577 -0.10599 -0.30984 -288890412101423391561439007125486436352.00000
0.45884 -0.10060 -0.31596 -300879547242237930465738466833163354112.00000
0.44748 -0.08504 -0.30857 -296897014986922510371314728254148968448.00000
0.45744 -0.07724 -0.30860 -311565436153969831286947195909457313792.00000
0.44582 -0.06294 -0.30105 -302239949301583658956083880818670305280.00000
0.45765 -0.05555 -0.30559 -299571068151477550251678357810948603904.00000
0.44332 -0.04160 -0.29283 -306217309542450147874549512848606756864.00000
0.45432 -0.03344 -0.29644 -299550339528862618244505083720134295552.00000
0.44209 -0.02152 -0.28828 -302213987817290984817941228337024204800.00000
0.44790 -0.01206 -0.28214 -299555552108130756723804038163714801664.00000
0.44032 0.00761 -0.28338 -306217309542450147874549512848606756864.00000
0.44875 -0.00230 -0.28344 -296886630393205440716057667261490528256.00000
0.44248 0.02697 -0.28826 -299555470978492342117122342374709657600.00000
0.44949 0.01741 -0.28482 -300895124132813534948624058322151014400.00000
0.44208 0.03664 -0.28792 -298221030403439287764919580870848806912.00000
0.45040 0.04742 -0.28813 -299560724122579687899762144712792735744.00000
0.43837 0.05519 -0.28177 -300889911553545396469325103878570508288.00000
0.44582 0.06618 -0.28102 -292878116371187742831820852253578756096.00000
0.43380 0.08250 -0.27618 -298210625527312614457992095930939080704.00000
0.44629 0.07641 -0.28335 -292872944356738811655862745704500822016.00000
0.43945 0.10568 -0.29231 -295546997521293851536226375261300457472.00000
0.44639 0.09702 -0.28701 -298210787786589443671355487508949368832.00000
0.44722 0.13269 -0.31445 -291559272969119896614174106185956851712.00000
0.45737 0.12544 -0.31420 -291554080672261361786545575689627631616.00000
0.44623 0.14344 -0.31532 -290224812111657238610300920734844715008.00000
0.45157 0.15639 -0.31104 -290224893241295653216982616523849859072.00000
0.43473 0.16799 -0.29999 -300884759821506068945037421276743860224.00000
0.44746 0.16475 -0.30573 -294217810090328142966663416095522684928.00000
0.42841 0.17299 -0.28940 -298215878671399960240631898269022158848.00000
0.42420 0.17985 -0.28371 -300879547242237930465738466833163354112.00000
0.47408 -0.21556 -0.35735 -294238477865714264018825418344583135232.00000
0.47669 -0.20347 -0.35787 -294238518430533471322166266239085707264.00000
0.49024 -0.19792 -0.35903 -294238538712943074973836690186336993280.00000
0.47393 -0.17204 -0.34331 -295562574411869456019111966750288117760.00000
0.46595 -0.15150 -0.32323 -302224372411008054473198289329682644992.00000
0.46633 -0.12669 -0.31742 -295546997521293851536226375261300457472.00000
0.47156 -0.14001 -0.31152 -294202152070114123877096128817529880576.00000
0.46770 -0.11548 -0.31726 -298205453512863683282033989381861146624.00000
0.46880 -0.10419 -0.31681 -302213947252471777514600380442521632768.00000
0.47307 -0.08285 -0.32063 -306227673853757613878136149894013911040.00000
0.48005 -0.09621 -0.31668 -303548367545115228215132717999131197440.00000
0.47325 -0.07127 -0.31910 -310230975296507173283074010458345177088.00000
0.48080 -0.06096 -0.31256 -300900255582443258821241316976726376448.00000
0.46721 -0.04655 -0.30454 -302213947252471777514600380442521632768.00000
0.48259 -0.03836 -0.31333 -306217309542450147874549512848606756864.00000
0.46063 -0.02359 -0.29007 -302219240961378330600581030675107282944.00000
0.47448 -0.01447 -0.29720 -303553640971612177649442944284465561600.00000
0.45632 0.00749 -0.28072 -294228133836816401666909205246427267072.00000
0.46833 0.00737 -0.28556 -300895103850403931296953634374899728384.00000
0.45872 0.02785 -0.28560 -302224392693417658124868713276933931008.00000
0.46857 0.01790 -0.28604 -302224352128598450821527865382431358976.00000
0.45826 0.03802 -0.28522 -299550319246453014592834659772883009536.00000
0.46956 0.04987 -0.28929 -299550319246453014592834659772883009536.00000
0.45716 0.06871 -0.28592 -283552690366030381455968809004545605632.00000
0.46923 0.07140 -0.29079 -296897096116560924977996424043154112512.00000
0.46534 0.09352 -0.30472 -287550880641559820639959834861552795648.00000
0.47787 0.08568 -0.30797 -292899027535489107704027941869654638592.00000
0.46773 0.11765 -0.31351 -295536633209986385532639738215893303296.00000
0.48119 0.11075 -0.31773 -291538584911324171910341679989645115392.00000
0.46629 0.14056 -0.31587 -294212556946240797184023613757439606784.00000
0.47639 0.14472 -0.31616 -290214386953120961651703011847683702784.00000
0.46370 0.16323 -0.31694 -294207364649382262356395083261110386688.00000
0.47062 0.16560 -0.31135 -288869582066760441295913613298415697920.00000
0.45921 0.17189 -0.31135 -291538503781685757303659984200639971328.00000
0.46589 0.17431 -0.30565 -286190336605346866587921453245286842368.00000
0.44717 0.18516 -0.29410 -286185184873307539063633770643460194304.00000
0.45067 0.19754 -0.28714 -292857408030982414476318002110015733760.00000
0.44535 0.20430 -0.28060 -292857408030982414476318002110015733760.00000
0.49176 -0.22562 -0.34985 -296902227566190648850613682697729474560.00000
0.49516 -0.24052 -0.34007 -306222380144851060792155499661428260864.00000
0.49052 -0.20881 -0.34279 -298236587011605288596134748412585181184.00000
0.49331 -0.19656 -0.34362 -298226202417888218940877687419926740992.00000
0.48799 -0.17706 -0.32972 -300879486395009119510727194991409496064.00000
0.48307 -0.15902 -0.31706 -299539833240687926679225479043968139264.00000
0.48368 -0.13325 -0.31185 -303527578075271485252948172066563031040.00000
0.48884 -0.14704 -0.30492 -304872423526451212912078418510333607936.00000
0.48530 -0.12160 -0.31196 -303537982951398158559875657006472757248.00000
0.48661 -0.10984 -0.31176 -306217268977630940571208664954104184832.00000
0.49152 -0.08759 -0.31605 -296886528981157422457705547525234098176.00000
0.49866 -0.10154 -0.31115 -299555450696082738465451918427458371584.00000
0.49511 -0.07678 -0.32046 -296886528981157422457705547525234098176.00000
0.50660 -0.06696 -0.31887 -303532750089720416428906278615640965120.00000
0.49450 -0.05217 -0.31645 -306211995551133991136898438668769820672.00000
0.50520 -0.04167 -0.31414 -307551689270274391271741002510713749504.00000
0.49246 -0.02791 -0.31096 -300869142366111257158810981893253627904.00000
0.50225 -0.01688 -0.30785 -299545045819956065158524433487548645376.00000
0.48324 -0.00391 -0.29414 -302224331846188847169857441435180072960.00000
0.50092 0.00704 -0.30512 -294222941539957866839280674750098046976.00000
0.48122 0.02929 -0.29085 -296886569545976629761046395419736670208.00000
0.49806 0.01878 -0.30052 -280894254656870153361831618831236202496.00000
0.48067 0.04027 -0.29039 -296886589828386233412716819366987956224.00000
0.49724 0.04214 -0.29997 -296907399580639580026571789246807408640.00000
0.49773 0.06591 -0.30244 -300889891271135792817654679931319222272.00000
0.49889 0.07826 -0.30553 -296860709473731973881255862674346999808.00000
0.49473 0.09047 -0.31897 -298195150048785028233458624178207850496.00000
0.50291 0.09193 -0.31357 -295536673774805592835980586110395875328.00000
0.49207 0.11405 -0.31801 -290219761791665929344365357869274497024.00000
0.49964 0.12845 -0.31389 -288880047790115925557852370080079282176.00000
0.48687 0.14902 -0.31613 -292893652696944140011365595848063844352.00000
0.49441 0.15127 -0.31008 -294207303802153451401383811419356528640.00000
0.48236 0.15873 -0.31095 -296870972372991421626490379983497723904.00000
0.48965 0.16106 -0.30481 -295541764659616109405256996870468665344.00000
0.47561 0.17933 -0.30514 -287519584883541386112495684252818472960.00000
0.47034 0.18771 -0.29899 -290188506598466702120242055155042746368.00000
0.46209 0.19274 -0.28733 -290193739460144444251211433545874538496.00000
0.46535 0.20537 -0.27936 -291533331767236826127701877651562037248.00000
0.46510 0.21860 -0.28294 -288864430334721113771625930696589049856.00000
0.50644 -0.24851 -0.33920 -302213845840423759256248260706265202688.00000
0.51305 -0.25110 -0.32957 -298215756976942338330609354585514442752.00000
0.50880 -0.21856 -0.33395 -292867650647832258569882095471915171840.00000
0.52404 -0.21300 -0.33408 -291533210072779204217679333968054321152.00000
0.51496 -0.19319 -0.33612 -296876205234669163757459758374329516032.00000
0.52076 -0.17922 -0.32152 -292872903791919604352521897809998249984.00000
0.49960 -0.15201 -0.30405 -298205473795273286933704413329112432640.00000
0.51314 -0.14490 -0.30361 -298205514360092494237045261223615004672.00000
0.50747 -0.13029 -0.31115 -299519043770844183717040933111399972864.00000
0.52331 -0.13737 -0.31646 -300853484345897238069243694615260823552.00000
0.51467 -0.09420 -0.31583 -300889891271135792817654679931319222272.00000
0.53103 -0.09948 -0.32129 -299555450696082738465451918427458371584.00000
0.51879 -0.08273 -0.32050 -295536511515528763622617194532385587200.00000
0.53124 -0.07226 -0.31823 -308865299810664495358418370187503861760.00000
0.52191 -0.05749 -0.32243 -303543256377895107994185883291807121408.00000
0.53069 -0.05870 -0.31609 -303543276660304711645856307239058407424.00000
0.51584 -0.03052 -0.31107 -299545126949594479765206129276553789440.00000
0.52824 -0.03190 -0.31057 -294202192634933331180436976712032452608.00000
0.51607 0.00689 -0.31023 -295547017803703455187896799208551743488.00000
0.53145 -0.00628 -0.31425 -300874415792608206593121208178587992064.00000
0.50958 0.01907 -0.30028 -292878116371187742831820852253578756096.00000
0.52852 0.03253 -0.31013 -302208714390794035383631002051689840640.00000
0.51082 0.05581 -0.30369 -302219038137282294083876791202594422784.00000
0.52645 0.05804 -0.30833 -300879466112599515859056771044158210048.00000
0.51253 0.06861 -0.30729 -303548326980296020911791870104628625408.00000
0.51382 0.08157 -0.31048 -302182854318549379503840469306300170240.00000
0.51511 0.10782 -0.31560 -294181423447499191869922854726715572224.00000
0.52689 0.09748 -0.31253 -288859258320272182595667824147511115776.00000
0.51111 0.13231 -0.31332 -291522906608700549169103968764401025024.00000
0.52350 0.12293 -0.31100 -288854025458594440464698445756679323648.00000
0.50200 0.15353 -0.30369 -290209194656262426824074481351354482688.00000
0.51462 0.14532 -0.30202 -294196939490845985397797174373949374464.00000
0.50036 0.16580 -0.30381 -290209214938672030475744905298605768704.00000
0.50568 0.18039 -0.29647 -280873363774978392141294953162411606016.00000
0.49004 0.19853 -0.29652 -287535263186165008853733395478062563328.00000
0.49684 0.20108 -0.28912 -280873465187026410399647072898668036096.00000
0.48383 0.20662 -0.28975 -288869703761218063205936156981923414016.00000
0.49373 0.21239 -0.28774 -283552730930849588759309656899048177664.00000
0.47729 0.22803 -0.28652 -286205954060741678374147892628777074688.00000
0.47951 0.24080 -0.27653 -279544216908831890875072841891136405504.00000
0.53596 -0.27165 -0.34511 -296881275837070076675065745187151020032.00000
0.55963 -0.27334 -0.35394 -296881316401889283978406593081653592064.00000
0.54744 -0.23010 -0.34903 -294202070940475709270414433028524736512.00000
0.55517 -0.23291 -0.33879 -298205392665634872327022717540107288576.00000
0.54518 -0.21121 -0.34168 -292867630365422654918211671524663885824.00000
0.56194 -0.20411 -0.34081 -296865698946494472192180153698163359744.00000
0.53579 -0.17210 -0.32090 -296870870960943403368138260247241293824.00000
0.54866 -0.17809 -0.31903 -299524134655654700286317343871472762880.00000
0.53747 -0.12871 -0.31516 -304887959852207610091623162104818696192.00000
0.56031 -0.13854 -0.32680 -300884638127048447035014877593236144128.00000
0.54858 -0.10514 -0.32670 -300884698974277257990026149434990002176.00000
0.56240 -0.10908 -0.32530 -306217248695221336919538241006852898816.00000
0.54440 -0.08913 -0.31899 -299545045819956065158524433487548645376.00000
0.55332 -0.07654 -0.30986 -294207303802153451401383811419356528640.00000
0.54266 -0.04712 -0.31263 -298210666092131821761332943825441652736.00000
0.55177 -0.04814 -0.30550 -291528058340739876693391651366227673088.00000
0.54312 -0.02017 -0.31181 -303548428392344039170143989840885055488.00000
0.55449 -0.03480 -0.30827 -294196939490845985397797174373949374464.00000
0.54542 0.00662 -0.31444 -300874375227788999289780360284085420032.00000
0.55817 -0.00741 -0.31211 -300869142366111257158810981893253627904.00000
0.54571 0.02014 -0.31490 -302198451491534587638396484742539116544.00000
0.55939 0.02049 -0.31361 -294202192634933331180436976712032452608.00000
0.54057 0.04655 -0.30854 -288874794646028579775212567741996204032.00000
0.55236 0.06135 -0.30584 -288864430334721113771625930696589049856.00000
0.53864 0.08645 -0.30869 -287561285517686493946887319801462521856.00000
0.54760 0.08781 -0.30162 -295557402397420524843153860201210183680.00000
0.53561 0.09903 -0.30583 -268863479729139317578151795416669093888.00000
0.54471 0.11460 -0.30069 -294207466061430280614747202997366816768.00000
0.53589 0.12665 -0.30968 -286195589749434212370561255583369920512.00000
0.54383 0.14257 -0.30333 -290198870909774168123828692200449900544.00000
0.52484 0.16277 -0.30069 -291522845761471738214092696922647166976.00000
0.54267 0.15645 -0.30402 -290193617765686822341188889862366822400.00000
0.52461 0.19147 -0.30605 -283531941461005845797125110966480011264.00000
0.53476 0.18094 -0.29833 -286205954060741678374147892628777074688.00000
0.51103 0.21002 -0.29247 -276885740634852455477594803823324430336.00000
0.54272 0.21746 -0.31560 -282223523217474276538076273786019119104.00000
0.50033 0.22961 -0.28355 -282213098058937999579478364898858106880.00000
0.53140 0.23994 -0.30675 -282218270073386930755436471447936040960.00000
0.49615 0.25557 -0.28522 -276875335758725782170667318883414704128.00000
0.51458 0.27196 -0.29457 -280878657483884945227275603394997256192.00000
0.55760 -0.30466 -0.33875 -300889708729449359952620864406057648128.00000
0.56931 -0.29784 -0.35019 -300884577279819636080003605751482286080.00000
0.58100 -0.29006 -0.36155 -298215736694532734678938930638263156736.00000
0.59316 -0.27730 -0.35029 -298215817824171149285620626427268300800.00000
0.59739 -0.26146 -0.35151 -294233265286446125539526463901002629120.00000
0.58250 -0.21607 -0.34698 -295552088406104368105502786021373247488.00000
0.59100 -0.21890 -0.33593 -298231333867517942813494946074502103040.00000
0.58547 -0.20048 -0.34750 -292883166691179052097756415119148974080.00000
0.60366 -0.19148 -0.34524 -300900174452804844214559621187721232384.00000
0.59175 -0.15260 -0.34696 -299550197551995392682812116089375293440.00000
0.59942 -0.17129 -0.33719 -296886468133928611502694275683480240128.00000
0.58699 -0.13364 -0.33850 -300884638127048447035014877593236144128.00000
0.60951 -0.12473 -0.34242 -303548367545115228215132717999131197440.00000
0.58238 -0.09978 -0.32874 -303548367545115228215132717999131197440.00000
0.59737 -0.08745 -0.32450 -300879506677418723162397618938660782080.00000
0.56653 -0.06476 -0.30596 -298200220651185941151064610991029354496.00000
0.58458 -0.05319 -0.30697 -299560663275350876944750872871038877696.00000
0.58024 -0.02334 -0.32059 -302198329797076965728373941059031400448.00000
0.59290 -0.03953 -0.31599 -296891782125244768240345349863317176320.00000
0.57802 0.00633 -0.31726 -299545066102365668810194857434799931392.00000
0.58798 0.00626 -0.30903 -295557341550191713888142588359456325632.00000
0.57324 0.03531 -0.31165 -298215878671399960240631898269022158848.00000
0.58304 0.03577 -0.30353 -295562574411869456019111966750288117760.00000
0.56767 0.04908 -0.30521 -300884759821506068945037421276743860224.00000
0.58020 0.06489 -0.30136 -296897014986922510371314728254148968448.00000
0.56378 0.07689 -0.30196 -296881438096346905888429136765161308160.00000
0.57469 0.09309 -0.29684 -291564444983568827790132212735034785792.00000
0.55777 0.11804 -0.29842 -290209316350720048734097025034862198784.00000
0.57563 0.10823 -0.29930 -298215878671399960240631898269022158848.00000
0.56131 0.14914 -0.30674 -287535141491707386943710851794554847232.00000
0.57998 0.15615 -0.30991 -292872863227100397049181049915495677952.00000
0.55837 0.17813 -0.30771 -282228614102284793107352684546091909120.00000
0.58940 0.17724 -0.32367 -284881857514586486373861344223072092160.00000
0.57421 0.22124 -0.33432 -278220201492315113481467989274436567040.00000
0.59127 0.21245 -0.33144 -280878616919065737923934755500494684160.00000
0.57131 0.23637 -0.33391 -283557963792527330890279035289879969792.00000
0.58197 0.25909 -0.32991 -283537032345816362366401521726552801280.00000
0.55470 0.27483 -0.32313 -279544216908831890875072841891136405504.00000
0.56775 0.28313 -0.31955 -280883809215924272751563285996823904256.00000
0.55035 0.28851 -0.32145 -280878657483884945227275603394997256192.00000
0.55734 0.29129 -0.31020 -279544216908831890875072841891136405504.00000
0.53543 0.30863 -0.30979 -276875356041135385822337742830665990144.00000
0.54721 0.31750 -0.30577 -275540915466082331470134981326805139456.00000
0.59352 -0.33460 -0.34206 -300889708729449359952620864406057648128.00000
0.61220 -0.37269 -0.34710 -298220827579343251248215341398335946752.00000
0.60593 -0.32161 -0.32969 -298220847861752854899885765345587232768.00000
0.61987 -0.31404 -0.34147 -299550177269585789031141692142124007424.00000
0.62556 -0.30238 -0.36744 -296876164669849956454118910479826944000.00000
0.62974 -0.28066 -0.34439 -294233265286446125539526463901002629120.00000
0.61740 -0.25429 -0.34933 -300884638127048447035014877593236144128.00000
0.63810 -0.24616 -0.34637 -296886488416338215154364699630731526144.00000
0.61989 -0.19853 -0.34218 -304872261267174383698715026932323319808.00000
0.62916 -0.20128 -0.33015 -300879344418141893949034227360650493952.00000
0.62955 -0.18555 -0.35053 -299544903843088839596831465856789643264.00000
0.64894 -0.17428 -0.34641 -300874212968512170076416968706075131904.00000
0.63247 -0.15013 -0.34888 -302203501811525896904332047608109334528.00000
0.65080 -0.13742 -0.34398 -298210666092131821761332943825441652736.00000
0.63298 -0.11444 -0.34547 -298200261216005148454405458885531926528.00000
0.64999 -0.10047 -0.33968 -295546936674065040581215103419546599424.00000
0.64214 -0.06407 -0.35160 -304867190664773470781109040119501815808.00000
0.65568 -0.08390 -0.34436 -298215777259351941982279778532765728768.00000
0.64197 -0.02904 -0.34983 -294217769525508935663322568201020112896.00000
0.66459 -0.04921 -0.35173 -302213947252471777514600380442521632768.00000
0.61882 -0.01028 -0.32364 -290235257552603119220569253569257013248.00000
0.63067 0.00586 -0.31483 -300900377276900880731263860660234092544.00000
0.60312 0.03709 -0.30632 -294228214966454816273590901035432411136.00000
0.61931 0.02202 -0.30295 -298231496126794772026858337652512391168.00000
0.60530 0.06864 -0.30995 -290224852676476445913641768629347287040.00000
0.61755 0.05393 -0.30184 -300889911553545396469325103878570508288.00000
0.60258 0.08384 -0.30782 -294217708678280124708311296359266254848.00000
0.62398 0.08767 -0.31024 -298210605244903010806321671983687794688.00000
0.61812 0.13771 -0.32954 -299524215785293114892999039660477906944.00000
0.62757 0.12230 -0.31657 -295536511515528763622617194532385587200.00000
0.62424 0.17531 -0.34061 -292867752059880276828234215208171601920.00000
0.64158 0.16285 -0.33509 -290193577200867615037848041967864250368.00000
0.62324 0.19288 -0.34192 -291543756925773103086299786538723049472.00000
0.63128 0.21315 -0.33108 -246167605359520323935447788858376192000.00000
0.61948 0.22761 -0.34322 -287540394635794732726350654132637925376.00000
0.62587 0.24771 -0.33106 -282202672900401722620880456011697094656.00000
0.60674 0.25641 -0.33480 -283537072910635569669742369621055373312.00000
0.61536 0.25941 -0.32262 -283537113475454776973083217515557945344.00000
0.58121 0.29171 -0.31539 -276880487490765109694955001485241352192.00000
0.59508 0.30056 -0.31062 -278214948348227767698828186936353488896.00000
0.56484 0.31344 -0.30362 -276875335758725782170667318883414704128.00000
0.58324 0.30875 -0.30091 -279544216908831890875072841891136405504.00000
0.56549 0.32903 -0.28849 -280878677766294548878946027342248542208.00000
0.65016 -0.41064 -0.36704 -296886387004290196896012579894475096064.00000
0.68755 -0.42009 -0.37649 -298220807296933647596544917451084660736.00000
0.64599 -0.33429 -0.34729 -300884577279819636080003605751482286080.00000
0.67479 -0.35668 -0.35326 -298215675847303923723927658796509298688.00000
0.66125 -0.32532 -0.35947 -299550197551995392682812116089375293440.00000
0.68526 -0.31818 -0.35536 -294217647831051313753300024517512396800.00000
0.65572 -0.25523 -0.34192 -300884638127048447035014877593236144128.00000
0.67399 -0.26466 -0.33671 -298215756976942338330609354585514442752.00000
0.65944 -0.23700 -0.34253 -296881316401889283978406593081653592064.00000
0.67794 -0.24582 -0.33737 -299550197551995392682812116089375293440.00000
0.66524 -0.19980 -0.34269 -295552027558875557150491514179619389440.00000
0.68621 -0.18778 -0.33714 -294207283519743847749713387472105242624.00000
0.66857 -0.16187 -0.34123 -298210605244903010806321671983687794688.00000
0.67902 -0.16431 -0.32800 -294212475816602382577341917968434462720.00000
0.66144 -0.12093 -0.33017 -295546997521293851536226375261300457472.00000
0.67932 -0.10624 -0.32303 -296886569545976629761046395419736670208.00000
0.68774 -0.07121 -0.35243 -298220969556210476809908309029094948864.00000
0.69391 -0.09087 -0.33547 -300874273815740981031428240547828989952.00000
0.69553 -0.03364 -0.35860 -303548367545115228215132717999131197440.00000
0.71282 -0.05497 -0.35120 -302213926970062173862929956495270346752.00000
0.68971 -0.01388 -0.35240 -300879506677418723162397618938660782080.00000
0.69502 0.00522 -0.33335 -296896994704512906719644304306897682432.00000
0.64808 0.02287 -0.31104 -302224352128598450821527865382431358976.00000
0.67208 0.04162 -0.31228 -296886589828386233412716819366987956224.00000
0.65687 0.07615 -0.32125 -300879466112599515859056771044158210048.00000
0.65680 0.05781 -0.29849 -294212496099011986229012341915685748736.00000
0.66039 0.09479 -0.32571 -298210584962493407154651248036436508672.00000
0.68164 0.11738 -0.32455 -296876184952259560105789334427078230016.00000
0.65888 0.14934 -0.32845 -302193096935399223597404562668199608320.00000
0.67705 0.15422 -0.32324 -291554080672261361786545575689627631616.00000
0.65867 0.18704 -0.33226 -287530010042077663071093593139979485184.00000
0.66893 0.18960 -0.31941 -279554581220139356878659478936543559680.00000
0.65003 0.20192 -0.32579 -280863080593309340744390011906009595904.00000
0.66540 0.22725 -0.32080 -280857827449221994961750209567926517760.00000
0.63484 0.25068 -0.31836 -282202693182811326272550879958948380672.00000
0.65476 0.24092 -0.31315 -279523386874168940609547448064065667072.00000
0.62668 0.28422 -0.31638 -286200822611111954501530633974201712640.00000
0.64716 0.27610 -0.31172 -282192247741865445662282547124536082432.00000
0.61462 0.29429 -0.30707 -282202612053172911665869184169943236608.00000
0.61663 0.31243 -0.29142 -284866219776782070935964480892330573824.00000
0.58409 0.32507 -0.28540 -282202612053172911665869184169943236608.00000
0.60348 0.32044 -0.28168 -283531779201729016583761719388469723136.00000
0.60057 0.38538 -0.31315 -279523346309349733306206600169563095040.00000
0.61332 0.37273 -0.30039 -280857746319583580355068513778921373696.00000
0.76337 -0.48815 -0.39535 -300889688447039756300950440458806362112.00000
0.72862 -0.42924 -0.38564 -296886387004290196896012579894475096064.00000
0.77372 -0.43793 -0.39433 -298210463268035785244628704352928792576.00000
0.72515 -0.37196 -0.37265 -298215736694532734678938930638263156736.00000
0.76742 -0.37562 -0.37948 -298200220651185941151064610991029354496.00000
0.71014 -0.30994 -0.35025 -295552088406104368105502786021373247488.00000
0.73579 -0.30047 -0.34402 -298200220651185941151064610991029354496.00000
0.69712 -0.25498 -0.33138 -300884638127048447035014877593236144128.00000
0.72812 -0.27150 -0.33413 -299539833240687926679225479043968139264.00000
0.71364 -0.22049 -0.34080 -298205352100815665023681869645604716544.00000
0.74778 -0.21260 -0.34273 -298205392665634872327022717540107288576.00000
0.69815 -0.17053 -0.32210 -296870952090581817974819956036246437888.00000
0.69906 -0.15053 -0.32096 -298210605244903010806321671983687794688.00000
0.70800 -0.13342 -0.32720 -302213926970062173862929956495270346752.00000
0.71898 -0.13547 -0.31259 -304877595540900144088036525059411542016.00000
0.73487 -0.09835 -0.32306 -303548367545115228215132717999131197440.00000
0.74125 -0.07870 -0.32728 -300879486395009119510727194991409496064.00000
0.73427 -0.05740 -0.34559 -299545045819956065158524433487548645376.00000
0.74651 -0.05845 -0.33077 -302208714390794035383631002051689840640.00000
0.73146 -0.01569 -0.34207 -304882808120168282567335479502992048128.00000
0.74376 -0.01610 -0.32749 -306196418660558386654012847179782160384.00000
0.71556 0.02487 -0.32801 -294233326133674936494537735742756487168.00000
0.73556 0.04591 -0.32092 -300869101801292049855470133998751055872.00000
0.70990 0.08367 -0.32456 -292883268103227070356108534855405404160.00000
0.73352 0.06626 -0.31974 -299529468929380460675638841998560985088.00000
0.70912 0.12339 -0.32600 -288895563833462719085726689727313084416.00000
0.72942 0.12744 -0.31915 -294217708678280124708311296359266254848.00000
0.70293 0.14167 -0.32191 -287566335837677803212822882667032739840.00000
0.72413 0.16768 -0.31772 -290193617765686822341188889862366822400.00000
0.69547 0.19960 -0.32074 -287550799511921406033278139072547651584.00000
0.70581 0.20217 -0.30611 -288833195423931490199173051929608585216.00000
0.68557 0.21532 -0.31406 -282187096009826118137994864522709434368.00000
0.69289 0.23745 -0.29968 -274175239980239653545479341055963824128.00000
0.66816 0.26693 -0.30611 -280847382008276114351481876733514219520.00000
0.68959 0.25663 -0.29942 -272845971419635530369234686101180907520.00000
0.66381 0.28487 -0.30513 -282186933750549288924631472944699146240.00000
0.67575 0.31200 -0.29634 -278178500858170005647076353725792518144.00000
0.63927 0.32890 -0.29225 -284850703733435277408090161245096771584.00000
0.65488 0.33899 -0.28466 -282181863148148376007025486131877642240.00000
0.61831 0.35188 -0.27962 -280847422573095321654822724628016791552.00000
0.63966 0.34713 -0.27454 -280847422573095321654822724628016791552.00000
0.65626 0.41449 -0.32165 -278178561705398816602087625567546376192.00000
0.66274 0.41673 -0.30413 -278178602270218023905428473462048948224.00000
0.79481 -0.48295 -0.38814 -288874571539522939606837904322232057856.00000
0.82762 -0.47657 -0.37965 -291533149225550393262668062126300463104.00000
0.79248 -0.39113 -0.37222 -299539792675868719375884631149465567232.00000
0.81377 -0.43352 -0.36421 -292867630365422654918211671524663885824.00000
0.78146 -0.35490 -0.35915 -296870911525762610671479108141743865856.00000
0.81090 -0.34427 -0.35039 -299539833240687926679225479043968139264.00000
0.77860 -0.27436 -0.34683 -303543033271389467825811219872042975232.00000
0.79955 -0.30974 -0.33853 -302208653543565224428619730209935982592.00000
0.79449 -0.25760 -0.35672 -303548225568248002653439750368372195328.00000
0.83607 -0.24927 -0.35743 -304877575258490540436366101112160256000.00000
0.77154 -0.19768 -0.33369 -302208714390794035383631002051689840640.00000
0.79518 -0.18124 -0.32308 -304877595540900144088036525059411542016.00000
0.73942 -0.14066 -0.30487 -303543154965847089735833763555550691328.00000
0.78258 -0.15320 -0.31219 -302208714390794035383631002051689840640.00000
0.76318 -0.08195 -0.31961 -300879486395009119510727194991409496064.00000
0.79712 -0.08745 -0.31899 -299545045819956065158524433487548645376.00000
0.76879 -0.06097 -0.32311 -302213926970062173862929956495270346752.00000
0.79640 -0.04132 -0.31705 -296876184952259560105789334427078230016.00000
0.76750 0.00457 -0.32096 -298210625527312614457992095930939080704.00000
0.79963 -0.01866 -0.31899 -299545066102365668810194857434799931392.00000
0.76787 0.02630 -0.32130 -300879486395009119510727194991409496064.00000
0.80073 0.05023 -0.31994 -298210605244903010806321671983687794688.00000
0.76465 0.06949 -0.31959 -302208714390794035383631002051689840640.00000
0.80571 0.09731 -0.32473 -299545045819956065158524433487548645376.00000
0.75633 0.11144 -0.31480 -299519023488434580065370509164148686848.00000
0.78252 0.13868 -0.31006 -288874713516390165168530871952991059968.00000
0.74324 0.15115 -0.30711 -292862458350973723742253564975585951744.00000
0.75559 0.17545 -0.29331 -291538463216866550000319136306137399296.00000
0.72509 0.20877 -0.29807 -282202672900401722620880456011697094656.00000
0.73514 0.21126 -0.28184 -283516303723201430359228247635738492928.00000
0.71130 0.24510 -0.29154 -268842690259295574615967249484100927488.00000
0.73312 0.23226 -0.28237 -279528680583075493695528098296651317248.00000
0.71322 0.29056 -0.29838 -271506338547723941189403394100990836736.00000
0.72649 0.27339 -0.28209 -266173849674008673214902574370881798144.00000
0.74785 0.36324 -0.33328 -278178541422989212950417201620295090176.00000
0.78827 0.36258 -0.33484 -276844121130345762249884864063685525504.00000
0.73016 0.37500 -0.32230 -280847422573095321654822724628016791552.00000
0.74443 0.40917 -0.31184 -276838969398306434725597181461858877440.00000
0.69858 0.42366 -0.30770 -264844702807862171948680463099606597632.00000
0.73759 0.43006 -0.31045 -267513583957968280653085986107328299008.00000
0.71638 0.46873 -0.32775 -259506981072469161843210264978665766912.00000
0.86172 -0.46881 -0.36970 -290209113526624012217392785562349338624.00000
0.89699 -0.45950 -0.35811 -283537032345816362366401521726552801280.00000
0.85492 -0.37006 -0.35313 -295536511515528763622617194532385587200.00000
0.87992 -0.41443 -0.34299 -291528017775920669390050803471725101056.00000
0.87872 -0.32495 -0.36338 -300874253533331377379757816600577703936.00000
0.88720 -0.35699 -0.34109 -294196878643617174442785902532195516416.00000
0.91802 -0.31553 -0.38768 -300874233250921773728087392653326417920.00000
0.93015 -0.31885 -0.36295 -292867630365422654918211671524663885824.00000
0.91560 -0.25345 -0.38073 -295536511515528763622617194532385587200.00000
0.96544 -0.23992 -0.37808 -299545045819956065158524433487548645376.00000
0.94021 -0.17239 -0.39143 -300879486395009119510727194991409496064.00000
0.98125 -0.21368 -0.38604 -298210625527312614457992095930939080704.00000
0.91507 -0.13688 -0.37305 -303548347262705624563462294051879911424.00000
0.93846 -0.11188 -0.35507 -298200220651185941151064610991029354496.00000
0.88277 -0.07587 -0.34934 -299545066102365668810194857434799931392.00000
0.91780 -0.05227 -0.34075 -300863990634071929634523299291426979840.00000
0.85114 0.00376 -0.32703 -299545066102365668810194857434799931392.00000
0.89043 -0.02307 -0.32344 -299534661226238995503267372494890205184.00000
0.83850 0.02831 -0.31866 -299545045819956065158524433487548645376.00000
0.87692 0.05530 -0.31526 -292872863227100397049181049915495677952.00000
0.85632 0.10483 -0.33205 -292898865276212278490664550291644350464.00000
0.88343 0.10844 -0.32048 -296876184952259560105789334427078230016.00000
0.85024 0.12915 -0.32893 -292893672979353743663036019795315130368.00000
0.85491 0.15461 -0.30478 -294207283519743847749713387472105242624.00000
0.79900 0.18889 -0.29841 -295531400348308643401670359825061511168.00000
0.83254 0.17375 -0.29210 -294207303802153451401383811419356528640.00000
0.77617 0.22738 -0.28640 -282176711416109048482737803530050994176.00000
0.80999 0.24019 -0.28283 -280852695999592271089132950913351155712.00000
0.85243 0.31609 -0.34366 -275509680555292707897682102559824674816.00000
0.87982 0.32796 -0.33201 -278173389690949885426129519018468442112.00000
0.83158 0.36039 -0.33501 -275494063099897896111455663176334442496.00000
0.86100 0.34661 -0.32261 -274154470792805514234965219070646943744.00000
0.83956 0.42436 -0.34760 -279507830266002939778332280522329292800.00000
0.84881 0.42753 -0.32416 -272846093114093152279257229784688623616.00000
0.81754 0.43745 -0.33557 -275504569388072587676735267852500598784.00000
0.82604 0.44040 -0.31256 -268837619656894661698361262671279423488.00000
0.98674 -0.41371 -0.37011 -286190275758118055632910181403532984320.00000
0.96333 -0.33286 -0.35021 -288859136625814560685645280464003399680.00000
0.99693 -0.31326 -0.33273 -284850703733435277408090161245096771584.00000
1.00072 -0.25068 -0.36507 -288869521219531630340902341456661839872.00000
1.01798 -0.28858 -0.34181 -282192227459455842010612123177284796416.00000
1.03285 -0.19455 -0.38004 -286211065227961798595094727336101150720.00000
1.05566 -0.23361 -0.35802 -283526668034508896362814884681145647104.00000
1.04625 -0.16429 -0.38628 -286205872931103263767466196839771930624.00000
1.08624 -0.17203 -0.37114 -282192227459455842010612123177284796416.00000
1.02734 -0.06238 -0.37262 -282192227459455842010612123177284796416.00000
1.08987 -0.06785 -0.37027 -280868110630891046358655150824328527872.00000
1.01047 -0.02926 -0.36257 -286200660351835125288167242396191424512.00000
1.09494 -0.03348 -0.37249 -279533649773428388354781965373216391168.00000
0.97354 0.03236 -0.34142 -286200660351835125288167242396191424512.00000
1.07094 0.06910 -0.36012 -279512900868403852695938267335150796800.00000
0.95002 0.08937 -0.32880 -283531779201729016583761719388469723136.00000
0.97576 0.12176 -0.31150 -286195549184615005067220407688867348480.00000
0.93713 0.14504 -0.32309 -288874733798799768820201295900242345984.00000
0.97686 0.18260 -0.31411 -282197500885952791444922349462619160576.00000
0.88560 0.18804 -0.29589 -284871432356050209415263435335911079936.00000
0.96502 0.20990 -0.30918 -283531941461005845797125110966480011264.00000
0.92671 0.28863 -0.32505 -276859779150559781339452151341678329856.00000
0.99556 0.28314 -0.32879 -286190417734985281194603149034291986432.00000
0.94685 0.32869 -0.33920 -280857928861270013220102329304182947840.00000
0.97979 0.37521 -0.32716 -275520247690696210417972979077744689152.00000
0.90355 0.39948 -0.32172 -272820070782571667186103305461288665088.00000
0.91322 0.40256 -0.29614 -264839571358232448076063204445031235584.00000
0.87590 0.44385 -0.31139 -275504609952891794980076115747003170816.00000
0.92975 0.44575 -0.30830 -271511713386268908882065740122581630976.00000
0.84513 0.48302 -0.29950 -264839591640642051727733628392282521600.00000
0.76996 0.50631 -0.26332 -244859673893819242316489126411946164224.00000
0.77513 0.50772 -0.24023 -223508624692970372681244942350172553216.00000
1.20290 -0.15707 -0.38864 -280826673668070785995979026589951197184.00000
1.21424 -0.11905 -0.39310 -279492212810608127992105841138839060480.00000
1.26526 -0.12525 -0.37295 -262155072752731527585431242053819301888.00000
1.16831 0.00059 -0.36984 -282155881381446098217212409702980255744.00000
1.24496 -0.04081 -0.36307 -256822462184558637700907878640202547200.00000
1.16850 0.03824 -0.37000 -284809185640976602438732341221714296832.00000
