# .PCD v0.7 - Point Cloud Data file format
VERSION 0.7
FIELDS x y z
SIZE 4 4 4
TYPE F F F
COUNT 1 1 1
WIDTH 694
HEIGHT 1
VIEWPOINT 0 0 0 1 0 0 0
POINTS 694
DATA ascii
0.35114 -0.06113 -0.28815 -287519625448360593415836532147321044992.00000
0.35505 -0.06959 -0.28777 -283547518351581450280010702455467671552.00000
0.35238 -0.05473 -0.29105 -288869663196398855902595309087420841984.00000
0.35904 -0.04991 -0.29678 -283552852625307210669332200582555893760.00000
0.35551 -0.04215 -0.30068 -284892384085170781590811372846489534464.00000
0.36115 -0.03601 -0.30163 -284882100903501730193906431590087524352.00000
0.35798 -0.02109 -0.30667 -283557943510117727238608611342628683776.00000
0.36308 -0.02938 -0.30830 -284882040056272919238895159748333666304.00000
0.35802 -0.00637 -0.30482 -288895705810329944647419657358072086528.00000
0.36339 -0.01429 -0.30699 -291564586960436053351825180365793787904.00000
0.35758 0.00819 -0.30200 -282223523217474276538076273786019119104.00000
0.36317 0.00072 -0.30467 -290230146385382998999622418861932937216.00000
0.35857 0.02281 -0.30703 -283542447749180537362404715642646167552.00000
0.36346 0.01559 -0.30579 -290219842921304343951047053658279641088.00000
0.35712 0.03708 -0.30208 -287545769474339700419013000154228719616.00000
0.36322 0.03048 -0.30581 -288874977187715012640246383267257778176.00000
0.36243 0.04527 -0.30472 -286226905789862250549695830139355529216.00000
0.36185 0.05259 -0.30377 -288906191816095032561028838086986956800.00000
0.35367 0.05722 -0.29093 -271558504905224533285733786431298469888.00000
0.35741 0.06493 -0.28836 -287566518379364236077856698192294313984.00000
0.35118 0.06997 -0.28395 -276880609185222731604977545168749068288.00000
0.35021 0.07647 -0.28216 -278209837181007647477881352229029412864.00000
0.35343 0.08405 -0.27877 -287540455483023543681361925974391783424.00000
0.35220 0.09038 -0.27647 -287535242903755405202062971530811277312.00000
0.35788 -0.07714 -0.28252 -287550819794331009684948563019798937600.00000
0.35998 -0.06344 -0.28496 -291538584911324171910341679989645115392.00000
0.36455 -0.06464 -0.28320 -295531501760356661660022479561317941248.00000
0.36138 -0.05688 -0.28801 -292873025486377226262544441493505966080.00000
0.36851 -0.05194 -0.29362 -290209397480358463340778720823867342848.00000
0.36600 -0.04463 -0.30243 -288890614925519428078143246597999296512.00000
0.37206 -0.03823 -0.30328 -292883531774551917827824046169672122368.00000
0.36916 -0.03059 -0.31167 -287545769474339700419013000154228719616.00000
0.37514 -0.02360 -0.31209 -292888642941772038048770880876996198400.00000
0.36948 -0.01503 -0.31037 -291559354098758311220855801974961995776.00000
0.37517 -0.00770 -0.31030 -292893774391401761921388139531571560448.00000
0.36946 0.00808 -0.30873 -291554182084309380044897695425884061696.00000
0.37558 0.00014 -0.31133 -296891944384521597453708741441327464448.00000
0.36955 0.01576 -0.30915 -291564586960436053351825180365793787904.00000
0.37470 0.01586 -0.30784 -290230146385382998999622418861932937216.00000
0.37325 0.03122 -0.30330 -286226824660223835943014134350350385152.00000
0.37289 0.03890 -0.30285 -288895705810329944647419657358072086528.00000
0.36672 0.05333 -0.30249 -295567928968004820060103888824627625984.00000
0.37238 0.04653 -0.30212 -288895705810329944647419657358072086528.00000
0.36388 0.05946 -0.29263 -295567908685595216408433464877376339968.00000
0.36302 0.06655 -0.29116 -290230146385382998999622418861932937216.00000
0.36105 0.07277 -0.28534 -287561265235276890295216895854211235840.00000
0.36559 0.08157 -0.28590 -286216419784097162636086649410440658944.00000
0.35743 0.09267 -0.27883 -290209316350720048734097025034862198784.00000
0.36329 0.08745 -0.27962 -291543756925773103086299786538723049472.00000
0.35601 0.09900 -0.27622 -288874875775666994381894263531001348096.00000
0.37307 -0.09152 -0.28545 -292893774391401761921388139531571560448.00000
0.37391 -0.08374 -0.28501 -294217911502376161225015535831779115008.00000
0.36867 -0.07348 -0.28216 -290193739460144444251211433545874538496.00000
0.37340 -0.07482 -0.28003 -291533392614465637082713149493315895296.00000
0.37078 -0.05912 -0.28451 -291522967455929360124115240606154883072.00000
0.37717 -0.05324 -0.28560 -292862620610250552955616956553596239872.00000
0.37474 -0.04579 -0.29460 -291549030352270052520610012824057413632.00000
0.38240 -0.03992 -0.29985 -296891964666931201105379165388578750464.00000
0.37823 -0.03147 -0.30386 -292888642941772038048770880876996198400.00000
0.38586 -0.02481 -0.30881 -291559333816348707569185378027710709760.00000
0.38119 -0.01627 -0.31218 -292893774391401761921388139531571560448.00000
0.38730 -0.00859 -0.31192 -294228214966454816273590901035432411136.00000
0.38117 0.00799 -0.31061 -286216440066506766287757073357691944960.00000
0.38666 0.00795 -0.30904 -288885321216612874992162596365413646336.00000
0.38128 0.01604 -0.31105 -268873925170085198188420128251081392128.00000
0.38677 0.01615 -0.30948 -262201762859639133730747168626279710720.00000
0.37846 0.03160 -0.30188 -291564607242845657003495604313045073920.00000
0.37808 0.03942 -0.30141 -292899027535489107704027941869654638592.00000
0.37754 0.04719 -0.30065 -288895685527920340995749233410820800512.00000
0.37684 0.05488 -0.29959 -284892343520351574287470524951986962432.00000
0.37482 0.06184 -0.29393 -294233427545722954752889855479012917248.00000
0.38015 0.07104 -0.29489 -288895665245510737344078809463569514496.00000
0.37773 0.07769 -0.28870 -288890452666242598864779855019989008384.00000
0.37641 0.08494 -0.28651 -292893774391401761921388139531571560448.00000
0.36899 0.08970 -0.28188 -290209275785900841430756177140359626752.00000
0.37380 0.09104 -0.28000 -292878136653597346483491276200830042112.00000
0.36419 0.10939 -0.27349 -288890513513471409819791126861742866432.00000
0.37053 0.10453 -0.27447 -294228235248864419925261324982683697152.00000
0.38305 -0.10414 -0.28481 -298200220651185941151064610991029354496.00000
0.37875 -0.08522 -0.28260 -302213947252471777514600380442521632768.00000
0.38273 -0.09468 -0.28021 -292867650647832258569882095471915171840.00000
0.37951 -0.07732 -0.28210 -294207303802153451401383811419356528640.00000
0.38654 -0.07176 -0.28341 -298215858388990356588961474321770872832.00000
0.38191 -0.06237 -0.28479 -299539954935145548589248022727475855360.00000
0.38355 -0.05515 -0.28794 -300874415792608206593121208178587992064.00000
0.38640 -0.04849 -0.29530 -298215959801038374847313594058027302912.00000
0.39324 -0.04170 -0.29587 -302219240961378330600581030675107282944.00000
0.39755 -0.03489 -0.30762 -302234817851953935083466622164094943232.00000
0.39866 -0.02655 -0.30976 -291559293251529500265844530133208137728.00000
0.39295 -0.00892 -0.31016 -292893774391401761921388139531571560448.00000
0.39958 -0.01809 -0.31156 -295557402397420524843153860201210183680.00000
0.39344 -0.00055 -0.31126 -300895266109680760510317025952910016512.00000
0.39958 0.00785 -0.31017 -308891403271824395058253990299908964352.00000
0.39233 0.02463 -0.30790 -294228336660912438183613444718940127232.00000
0.39963 0.02509 -0.31072 -300910782153027554038191345600143818752.00000
0.39066 0.03268 -0.30312 -300905691268217037468914934840071028736.00000
0.39736 0.04185 -0.30526 -303579663303133662742596868607865520128.00000
0.38961 0.04903 -0.30175 -302245222728080608390394107104004669440.00000
0.38747 0.05650 -0.29619 -294238579277762282277177538080839565312.00000
0.38541 0.07211 -0.29303 -286231956109853559815631393004925747200.00000
0.39197 0.06534 -0.29280 -295573019852815336629380299584700416000.00000
0.38271 0.08717 -0.28872 -290224913523705256868653040471101145088.00000
0.38945 0.08094 -0.28894 -288895665245510737344078809463569514496.00000
0.37944 0.10154 -0.28336 -284892384085170781590811372846489534464.00000
0.38628 0.09589 -0.28395 -288895705810329944647419657358072086528.00000
0.37641 0.10724 -0.27626 -291559394663577518524196649869464567808.00000
0.38047 0.11680 -0.27457 -295557503809468543101505979937466613760.00000
0.37829 0.12332 -0.27100 -286216419784097162636086649410440658944.00000
0.38799 -0.10585 -0.28177 -302213926970062173862929956495270346752.00000
0.39486 -0.11932 -0.28771 -299555450696082738465451918427458371584.00000
0.38870 -0.08827 -0.27730 -292883268103227070356108534855405404160.00000
0.39381 -0.08983 -0.27440 -294217728960689728359981720306517540864.00000
0.39321 -0.07422 -0.28532 -296886589828386233412716819366987956224.00000
0.39783 -0.08410 -0.28308 -291559272969119896614174106185956851712.00000
0.39714 -0.05919 -0.29233 -299550319246453014592834659772883009536.00000
0.40236 -0.06917 -0.29088 -288895543551053115434056265780061798400.00000
0.40040 -0.04331 -0.29821 -298226283547526633547559383208931885056.00000
0.40623 -0.05325 -0.29757 -299565875854619015424049827314619383808.00000
0.40338 -0.03569 -0.30541 -299565916419438222727390675209121955840.00000
0.41060 -0.02789 -0.30526 -303553600406792970346102096389962989568.00000
0.40466 -0.00962 -0.30619 -304888061264255628349975281841075126272.00000
0.41073 -0.00999 -0.30396 -310220590702790103627816949465686736896.00000
0.40522 -0.00094 -0.30734 -307551729835093598575081850405216321536.00000
0.41343 0.00774 -0.31070 -312889471852896212332222472473408438272.00000
0.40727 0.02557 -0.31347 -303569258427006989435669383667955793920.00000
0.41357 0.01680 -0.31116 -308896555003863722582541672901735612416.00000
0.40533 0.03414 -0.30845 -304903699002060043787872145171816644608.00000
0.40483 0.04286 -0.30785 -304903678719650440136201721224565358592.00000
0.40010 0.05881 -0.29658 -299565916419438222727390675209121955840.00000
0.40850 0.05174 -0.30007 -311565436153969831286947195909457313792.00000
0.39755 0.06634 -0.29070 -298241901002921445333785822592422117376.00000
0.40325 0.06736 -0.28843 -295567827555956801801751769088371195904.00000
0.39470 0.09086 -0.28851 -294233468110542162056230703373515489280.00000
0.40193 0.08438 -0.28856 -295567868120776009105092616982873767936.00000
0.39292 0.09844 -0.28576 -291564586960436053351825180365793787904.00000
0.39984 0.10109 -0.28745 -292899027535489107704027941869654638592.00000
0.38891 0.11296 -0.27949 -287550860359150216988289410914301509632.00000
0.39317 0.12303 -0.27727 -276875335758725782170667318883414704128.00000
0.39352 0.13293 -0.28184 -290219741509256325692694933922023211008.00000
0.41119 -0.14027 -0.30012 -290214386953120961651703011847683702784.00000
0.40177 -0.12311 -0.28900 -296886589828386233412716819366987956224.00000
0.41648 -0.12411 -0.30637 -291548807245764412352235349404293267456.00000
0.40109 -0.10264 -0.28008 -298210686374541425413003367772692938752.00000
0.41124 -0.09879 -0.28608 -295536592645167178229298890321390731264.00000
0.41284 -0.08320 -0.30330 -287555930961551129905895397727123013632.00000
0.41799 -0.09418 -0.30060 -290198870909774168123828692200449900544.00000
0.41528 -0.07506 -0.30734 -288895563833462719085726689727313084416.00000
0.42549 -0.07902 -0.31453 -295541784942025713056927420817719951360.00000
0.41765 -0.05705 -0.30940 -302239908736764451652743032924167733248.00000
0.43002 -0.05103 -0.31989 -307551689270274391271741002510713749504.00000
0.41544 -0.03736 -0.30046 -304893212996294955874262964442901774336.00000
0.41677 -0.02859 -0.30275 -307551689270274391271741002510713749504.00000
0.41431 -0.01890 -0.29543 -303543175248256693387504187502801977344.00000
0.42144 -0.01047 -0.29443 -306212076680772405743580134457774964736.00000
0.41579 -0.00120 -0.29817 -315547927844466044078030086593969127424.00000
0.42252 0.00771 -0.29648 -312873874679911004197666457037169491968.00000
0.41993 0.01692 -0.30877 -308886129845327445623943764014574600192.00000
0.41984 0.02616 -0.30885 -307551689270274391271741002510713749504.00000
0.41714 0.04409 -0.30321 -310220570420380499976146525518435450880.00000
0.42411 0.03552 -0.30130 -311549757851346208545709484684213223424.00000
0.41028 0.05999 -0.28762 -304882808120168282567335479502992048128.00000
0.41907 0.05275 -0.29067 -314218679566271524553455855586437496832.00000
0.40769 0.07667 -0.28403 -298236749270882117809498139990595469312.00000
0.41504 0.06946 -0.28337 -306212117245591613046920982352277536768.00000
0.40767 0.08570 -0.28596 -295567868120776009105092616982873767936.00000
0.40745 0.09476 -0.28761 -292899027535489107704027941869654638592.00000
0.40809 0.11425 -0.29464 -292893835238630572876399411373325418496.00000
0.41453 0.10668 -0.29039 -299550319246453014592834659772883009536.00000
0.40806 0.13424 -0.30103 -290209316350720048734097025034862198784.00000
0.41856 0.13007 -0.30662 -296881519225985320495110832554166452224.00000
0.40219 0.14874 -0.29216 -296891944384521597453708741441327464448.00000
0.41443 0.14744 -0.30281 -296897096116560924977996424043154112512.00000
0.42105 -0.14724 -0.30684 -302224372411008054473198289329682644992.00000
0.42676 -0.14940 -0.30198 -304887980134617213743293586052069982208.00000
0.42675 -0.13039 -0.31338 -291548766680945205048894501509790695424.00000
0.43107 -0.14229 -0.30840 -298231435279565961071847065810758533120.00000
0.42593 -0.11855 -0.30780 -292893632414534536359695171900812558336.00000
0.43569 -0.11253 -0.30897 -296886650675615044367728091208741814272.00000
0.43129 -0.09060 -0.31200 -299539954935145548589248022727475855360.00000
0.44167 -0.10590 -0.31986 -302208876650070864596994393629700128768.00000
0.44152 -0.07535 -0.33178 -302213987817290984817941228337024204800.00000
0.45080 -0.08929 -0.33550 -299539975217555152240918446674727141376.00000
0.44398 -0.06575 -0.33559 -304882828402577886219005903450243334144.00000
0.45087 -0.05607 -0.32960 -302213987817290984817941228337024204800.00000
0.43208 -0.04044 -0.30429 -310220570420380499976146525518435450880.00000
0.43822 -0.03131 -0.29873 -302219200396559123297240182780604710912.00000
0.42785 -0.01086 -0.29168 -307551750117503202226752274352467607552.00000
0.43440 -0.01125 -0.28872 -307551750117503202226752274352467607552.00000
0.42900 0.00767 -0.29377 -307546537538235063747453319908887101440.00000
0.43717 -0.00200 -0.29447 -304882868967397093522346751344745906176.00000
0.43301 0.02678 -0.30348 -312884198426399262897912246188074074112.00000
0.43981 0.02709 -0.30048 -306217248695221336919538241006852898816.00000
0.43066 0.03600 -0.29853 -314218618719042713598444583744683638784.00000
0.43873 0.04652 -0.29939 -307551668987864787620070578563462463488.00000
0.42723 0.05410 -0.29227 -310215357841112361496847571074854944768.00000
0.42426 0.06250 -0.28651 -304872443808860816563748842457584893952.00000
0.42918 0.07243 -0.28169 -303548387827524831866803141946382483456.00000
0.42750 0.08122 -0.27952 -302213947252471777514600380442521632768.00000
0.42281 0.10002 -0.29034 -296881417813937302236758712817910022144.00000
0.43125 0.09292 -0.28991 -299550278681633807289493811878380437504.00000
0.42551 0.12219 -0.30208 -292893693261763347314706443742566416384.00000
0.44119 0.12001 -0.31737 -295552149253333179060514057863127105536.00000
0.42767 0.14564 -0.31385 -295546997521293851536226375261300457472.00000
0.43962 0.14131 -0.31972 -296886589828386233412716819366987956224.00000
0.42427 0.15359 -0.30903 -295562614976688663322452814644790689792.00000
0.42872 0.16568 -0.30472 -296902187001371441547272834803226902528.00000
0.42479 0.17304 -0.29924 -298241840155692634378774550750668259328.00000
0.44423 -0.18535 -0.31302 -298215736694532734678938930638263156736.00000
0.43277 -0.16380 -0.30156 -299539833240687926679225479043968139264.00000
0.44355 -0.15916 -0.30294 -296876164669849956454118910479826944000.00000
0.43706 -0.14445 -0.30340 -288874733798799768820201295900242345984.00000
0.44774 -0.13902 -0.30458 -290214386953120961651703011847683702784.00000
0.44980 -0.12041 -0.32165 -294223002387186677794291946591851905024.00000
0.45654 -0.12245 -0.31672 -299555511543311549420463190269212229632.00000
0.45368 -0.11153 -0.32720 -298200382910462770364428002569039642624.00000
0.46453 -0.10411 -0.32771 -299529570341428478933990961734817415168.00000
0.46078 -0.09258 -0.33732 -302208876650070864596994393629700128768.00000
0.47151 -0.08416 -0.33732 -310205054377033706448272205871201648640.00000
0.46362 -0.05932 -0.33737 -302208836085251657293653545735197556736.00000
0.47457 -0.07364 -0.34155 -312873955809549418804348152826174636032.00000
0.46304 -0.04783 -0.33466 -304888142393894042956656977630080270336.00000
0.46218 -0.03644 -0.33161 -298215939518628771195643170110776016896.00000
0.45590 -0.02421 -0.31741 -302219240961378330600581030675107282944.00000
0.45704 -0.01326 -0.30041 -299560764687398895203102992607295307776.00000
0.45553 -0.00280 -0.29699 -294228194684045212621920477088181125120.00000
0.45607 0.00743 -0.29790 -298226263265117029895888959261680599040.00000
0.44898 0.02765 -0.30193 -299550258399224203637823387931129151488.00000
0.45867 0.01781 -0.30314 -302224392693417658124868713276933931008.00000
0.45478 0.04926 -0.31548 -303553600406792970346102096389962989568.00000
0.46051 0.03900 -0.30764 -298231435279565961071847065810758533120.00000
0.45856 0.05980 -0.30549 -296881438096346905888429136765161308160.00000
0.45472 0.06919 -0.29898 -290204002359403891996445950855025262592.00000
0.43960 0.07521 -0.28696 -299545045819956065158524433487548645376.00000
0.45298 0.07908 -0.29689 -286216318372049144377734529674184228864.00000
0.45086 0.11252 -0.31705 -295552128970923575408843633915875819520.00000
0.45814 0.10316 -0.31105 -300879547242237930465738466833163354112.00000
0.45482 0.13826 -0.33119 -291559212121891085659162834344202993664.00000
0.46267 0.12889 -0.32519 -292862498915792931045594412870088523776.00000
0.45126 0.14748 -0.32648 -294217688395870521056640872412014968832.00000
0.45684 0.16088 -0.32223 -296860628344093559274574166885341855744.00000
0.44998 0.16708 -0.31115 -298195109483965820930117776283705278464.00000
0.44563 0.17514 -0.30550 -300863970351662325982852875344175693824.00000
0.43058 0.17536 -0.29440 -302203542376345104207672895502611906560.00000
0.43416 0.18725 -0.28841 -299534661226238995503267372494890205184.00000
0.46658 -0.20685 -0.34148 -294222799563090641277587707119339044864.00000
0.47304 -0.20942 -0.33414 -299571027586658342948337509916446031872.00000
0.46232 -0.18788 -0.32782 -296886569545976629761046395419736670208.00000
0.47490 -0.18275 -0.32893 -295552128970923575408843633915875819520.00000
0.45690 -0.14364 -0.30489 -300879506677418723162397618938660782080.00000
0.46640 -0.14842 -0.30492 -299545066102365668810194857434799931392.00000
0.46633 -0.12669 -0.31742 -298215878671399960240631898269022158848.00000
0.47333 -0.12881 -0.31183 -295541784942025713056927420817719951360.00000
0.46770 -0.11548 -0.31726 -299534661226238995503267372494890205184.00000
0.47916 -0.10791 -0.31739 -304872403244041609260407994563082321920.00000
0.47564 -0.09610 -0.32778 -306206864101504267264281180014194458624.00000
0.48698 -0.08746 -0.32736 -303543154965847089735833763555550691328.00000
0.48243 -0.07513 -0.33681 -311549798416165415849050332578715795456.00000
0.49350 -0.06545 -0.33572 -307546436126187045489101200172630671360.00000
0.48155 -0.05088 -0.33197 -300874334662969791986439512389582848000.00000
0.48063 -0.03891 -0.32902 -299539954935145548589248022727475855360.00000
0.47647 -0.02654 -0.32019 -302208876650070864596994393629700128768.00000
0.48583 -0.01590 -0.31766 -306212137528001216698591406299528822784.00000
0.46339 0.00739 -0.29413 -292883288385636674007778958802656690176.00000
0.47883 0.00722 -0.30446 -302213926970062173862929956495270346752.00000
0.46851 0.02883 -0.30418 -299560683557760480596421296818290163712.00000
0.47906 0.01834 -0.30493 -307525646656343302526916654240062504960.00000
0.47835 0.04053 -0.30446 -295572979287996129326039451690197843968.00000
0.48019 0.05211 -0.30854 -292914563861245504883572685464139726848.00000
0.46851 0.06143 -0.30644 -292888521247314416138748337193488482304.00000
0.47887 0.06313 -0.30712 -292904138702709227924974776576978714624.00000
0.47066 0.09592 -0.31500 -288874794646028579775212567741996204032.00000
0.48072 0.08677 -0.31317 -295536633209986385532639738215893303296.00000
0.47050 0.11924 -0.31892 -294207364649382262356395083261110386688.00000
0.48119 0.11075 -0.31773 -291543716360953895782958938644220477440.00000
0.47202 0.14458 -0.32724 -299534701791058202806608220389392777216.00000
0.47941 0.14679 -0.32184 -295531380065899039749999935877810225152.00000
0.46370 0.16323 -0.31694 -294191808041216261525179915719374012416.00000
0.47513 0.15642 -0.31675 -292857347183753603521306730268261875712.00000
0.45921 0.17189 -0.31135 -295526268898678919529053101170486149120.00000
0.46589 0.17431 -0.30565 -280847442855504925306493148575268077568.00000
0.44476 0.19510 -0.29314 -292867650647832258569882095471915171840.00000
0.45589 0.19029 -0.29352 -295526228333859712225712253275983577088.00000
0.44790 0.20730 -0.28576 -294207283519743847749713387472105242624.00000
0.48751 -0.22089 -0.34176 -298226222700297822592548111367178027008.00000
0.49419 -0.22351 -0.33345 -303543154965847089735833763555550691328.00000
0.48645 -0.20458 -0.33513 -300879486395009119510727194991409496064.00000
0.50043 -0.19919 -0.33581 -298210625527312614457992095930939080704.00000
0.47718 -0.16734 -0.30980 -299545045819956065158524433487548645376.00000
0.49006 -0.16139 -0.31023 -300879506677418723162397618938660782080.00000
0.49239 -0.14971 -0.31102 -302213947252471777514600380442521632768.00000
0.49444 -0.13786 -0.31153 -299545066102365668810194857434799931392.00000
0.48530 -0.12160 -0.31196 -303532851501768434687258398351897395200.00000
0.49759 -0.11375 -0.31161 -304872423526451212912078418510333607936.00000
0.49090 -0.09971 -0.31703 -302203582941164311511013743397114478592.00000
0.50287 -0.09083 -0.31611 -300869101801292049855470133998751055872.00000
0.49851 -0.07815 -0.32638 -300874273815740981031428240547828989952.00000
0.50672 -0.07970 -0.32066 -296865780076132886798861849487168503808.00000
0.50960 -0.05527 -0.32245 -308849763484908098178873626593018773504.00000
0.50864 -0.04246 -0.31976 -308860168361034771485801111532928499712.00000
0.49561 -0.02848 -0.31636 -302203603223573915162684167344365764608.00000
0.50554 -0.01728 -0.31320 -300874354945379395638109936336834134016.00000
0.49199 -0.00451 -0.30911 -303548387827524831866803141946382483456.00000
0.50672 -0.00522 -0.31471 -298215858388990356588961474321770872832.00000
0.48972 0.03010 -0.30540 -296897014986922510371314728254148968448.00000
0.50098 0.03078 -0.30555 -290235216987783911917228405674754441216.00000
0.48812 0.05290 -0.30391 -296897055551741717674655576148651540480.00000
0.49724 0.04214 -0.29997 -302224352128598450821527865382431358976.00000
0.50087 0.06671 -0.30758 -307536152944517994092196258916228661248.00000
0.50538 0.08029 -0.31617 -295526268898678919529053101170486149120.00000
0.49796 0.09168 -0.32456 -298195150048785028233458624178207850496.00000
0.50674 0.10612 -0.32159 -292867752059880276828234215208171601920.00000
0.49530 0.11563 -0.32366 -294212638075879211790705309546444750848.00000
0.50303 0.13027 -0.31956 -284876685500137555197903237673994158080.00000
0.48687 0.14902 -0.31613 -296865861205771301405543545276173647872.00000
0.49888 0.14099 -0.31501 -287555930961551129905895397727123013632.00000
0.48552 0.16105 -0.31663 -298195109483965820930117776283705278464.00000
0.49292 0.16342 -0.31040 -294202172352523727528766552764781166592.00000
0.47561 0.17933 -0.30514 -288859298885091389899008672042013687808.00000
0.48003 0.19304 -0.29794 -282192288306684652965623395019038654464.00000
0.46491 0.19557 -0.29262 -291533331767236826127701877651562037248.00000
0.46826 0.20844 -0.28459 -290204022641813495648116374802276548608.00000
0.46510 0.21860 -0.28294 -288869602349170044947584037245666983936.00000
0.50170 -0.24310 -0.33099 -300884678691867654338355725487738716160.00000
0.51305 -0.25110 -0.32957 -298210625527312614457992095930939080704.00000
0.50880 -0.21856 -0.33395 -291538463216866550000319136306137399296.00000
0.52903 -0.21756 -0.34201 -294196898926026778094456326479446802432.00000
0.51496 -0.19319 -0.33612 -296876205234669163757459758374329516032.00000
0.52532 -0.18280 -0.32862 -295541784942025713056927420817719951360.00000
0.50734 -0.15772 -0.31665 -298210625527312614457992095930939080704.00000
0.52134 -0.15035 -0.31618 -299545106667184876113535705329302503424.00000
0.51133 -0.13267 -0.31734 -298200220651185941151064610991029354496.00000
0.52491 -0.12424 -0.31639 -300869101801292049855470133998751055872.00000
0.51467 -0.09420 -0.31583 -299534661226238995503267372494890205184.00000
0.52295 -0.09595 -0.30921 -300869101801292049855470133998751055872.00000
0.51501 -0.08126 -0.31458 -295531339501079832446659087983307653120.00000
0.52727 -0.07096 -0.31235 -304872423526451212912078418510333607936.00000
0.52191 -0.05749 -0.32243 -300874354945379395638109936336834134016.00000
0.53069 -0.05870 -0.31609 -304877717235357765998059068742919258112.00000
0.51758 -0.01821 -0.31313 -291559293251529500265844530133208137728.00000
0.52824 -0.03190 -0.31057 -292893774391401761921388139531571560448.00000
0.52324 0.00680 -0.32128 -288900816977550064868366492065396162560.00000
0.53533 -0.00653 -0.31993 -294254257580385905018415249306083655680.00000
0.51987 0.01948 -0.31614 -291569657562836966269431167178615291904.00000
0.53643 0.01996 -0.32142 -292904118420299624273304352629727428608.00000
0.51199 0.04369 -0.30478 -304898364728334283398550647044728422400.00000
0.52645 0.05804 -0.30833 -296902207283781045198943258750478188544.00000
0.51253 0.06861 -0.30729 -302208734673203639035301425998941126656.00000
0.52235 0.08287 -0.30441 -287561244952867286643546471906959949824.00000
0.51825 0.09595 -0.31884 -291538483499276153651989560253388685312.00000
0.52733 0.11108 -0.31484 -287556012091189544512577093516128157696.00000
0.51111 0.13231 -0.31332 -288879926095658303647829826396571566080.00000
0.52350 0.12293 -0.31100 -283552690366030381455968809004545605632.00000
0.50547 0.15577 -0.30927 -292872863227100397049181049915495677952.00000
0.51323 0.15807 -0.30240 -290204002359403891996445950855025262592.00000
0.50385 0.16826 -0.30948 -288869622631579648599254461192918269952.00000
0.50931 0.18313 -0.30210 -284855977159932226842400387530431135744.00000
0.49347 0.20160 -0.30223 -291528159752787894951743771102484103168.00000
0.50037 0.20419 -0.29471 -286195589749434212370561255583369920512.00000
0.48715 0.20982 -0.29534 -294202192634933331180436976712032452608.00000
0.49727 0.21574 -0.29339 -287535202338936197898722123636308705280.00000
0.48061 0.23169 -0.29224 -288869642913989252250924885140169555968.00000
0.48292 0.24474 -0.28217 -280873546316664825006328768687673180160.00000
0.51018 -0.25987 -0.30956 -296881316401889283978406593081653592064.00000
0.53137 -0.26189 -0.31716 -299550197551995392682812116089375293440.00000
0.53580 -0.24919 -0.31921 -299550197551995392682812116089375293440.00000
0.53824 -0.23876 -0.33936 -299529428364561253372297994104058413056.00000
0.55517 -0.23291 -0.33879 -296870952090581817974819956036246437888.00000
0.54819 -0.19711 -0.34246 -296886569545976629761046395419736670208.00000
0.55872 -0.21862 -0.33993 -292878055523958931876809580411824898048.00000
0.54062 -0.17554 -0.32798 -292883247820817466704438110908154118144.00000
0.54635 -0.16104 -0.31291 -298221010121029684113249156923597520896.00000
0.53747 -0.12871 -0.31516 -304877595540900144088036525059411542016.00000
0.54582 -0.13086 -0.30713 -300874273815740981031428240547828989952.00000
0.53446 -0.11297 -0.30866 -304877595540900144088036525059411542016.00000
0.54832 -0.10314 -0.30640 -308875745251610375968686703021916160000.00000
0.53590 -0.08594 -0.30701 -300869101801292049855470133998751055872.00000
0.54454 -0.08756 -0.29965 -302203542376345104207672895502611906560.00000
0.54266 -0.04712 -0.31263 -306206985795961889174303723697702174720.00000
0.55280 -0.06230 -0.30790 -294196939490845985397797174373949374464.00000
0.54312 -0.02017 -0.31181 -300890053530412622031018071509329510400.00000
0.55888 -0.03552 -0.31406 -295526268898678919529053101170486149120.00000
0.54958 0.00657 -0.32021 -295573121264863354887732419320956846080.00000
0.56260 -0.00769 -0.31794 -299539853523097530330895902991219425280.00000
0.54957 0.03403 -0.32054 -295567847838366405453422193035622481920.00000
0.56841 0.02083 -0.32546 -291554080672261361786545575689627631616.00000
0.54869 0.04769 -0.31983 -282228614102284793107352684546091909120.00000
0.55660 0.06215 -0.31143 -283552751213259192410980080846299463680.00000
0.53864 0.08645 -0.30869 -283568429515882815152217792071543554048.00000
0.55175 0.08902 -0.30713 -295567868120776009105092616982873767936.00000
0.53957 0.10041 -0.31139 -267549930035978024446485699581632839680.00000
0.54849 0.10200 -0.30416 -291554182084309380044897695425884061696.00000
0.53589 0.12665 -0.30968 -283547579198810261235021974297221529600.00000
0.54873 0.13050 -0.30790 -292867833189518691434915910997176745984.00000
0.52879 0.16523 -0.30641 -291533291202417618824361029757059465216.00000
0.54698 0.15886 -0.30989 -290198850627364564472158268253198614528.00000
0.52461 0.19147 -0.30605 -280863060310899737092719587958758309888.00000
0.54339 0.18673 -0.31025 -283547538633991053931681126402718957568.00000
0.52196 0.20430 -0.30535 -276870163744276850994709212334336770048.00000
0.53955 0.23095 -0.31465 -283547558916400657583351550349970243584.00000
0.51205 0.24129 -0.30149 -280878677766294548878946027342248542208.00000
0.53603 0.24418 -0.31340 -279544216908831890875072841891136405504.00000
0.50819 0.25309 -0.29969 -280878718331113756182286875236751114240.00000
0.51027 0.26714 -0.28817 -279528619735846682740516826454897459200.00000
0.54476 -0.28542 -0.30017 -298226080723430597030855143736419024896.00000
0.55001 -0.27284 -0.30270 -295567665296679972588388377510360907776.00000
0.55504 -0.25994 -0.30509 -296902187001371441547272834803226902528.00000
0.55274 -0.24413 -0.31839 -298215736694532734678938930638263156736.00000
0.57039 -0.23837 -0.31704 -295552128970923575408843633915875819520.00000
0.57620 -0.21137 -0.33865 -294233305851265332842867311795505201152.00000
0.58080 -0.22909 -0.32660 -296891782125244768240345349863317176320.00000
0.57327 -0.19207 -0.33147 -291564424701159224138461788787783499776.00000
0.59707 -0.18737 -0.33712 -303553478712335348436079552706455273472.00000
0.57448 -0.14359 -0.32477 -304877595540900144088036525059411542016.00000
0.58917 -0.14884 -0.32218 -302208714390794035383631002051689840640.00000
0.58133 -0.13099 -0.33126 -304877595540900144088036525059411542016.00000
0.59651 -0.13587 -0.32883 -303543154965847089735833763555550691328.00000
0.57710 -0.09786 -0.32206 -304872423526451212912078418510333607936.00000
0.60310 -0.08921 -0.33133 -299534681508648599154937796442141491200.00000
0.57490 -0.05211 -0.31539 -299545126949594479765206129276553789440.00000
0.59107 -0.06995 -0.31571 -300879547242237930465738466833163354112.00000
0.59047 -0.02448 -0.33334 -302187985768179103376457727960875532288.00000
0.59824 -0.04038 -0.32230 -298215959801038374847313594058027302912.00000
0.59759 -0.00957 -0.34180 -306186034066841316998755786187123720192.00000
0.60927 0.00600 -0.33409 -298231414997156357420176641863507247104.00000
0.58789 0.03658 -0.32990 -296876266081897974712471030216083374080.00000
0.59818 0.03706 -0.32137 -296886650675615044367728091208741814272.00000
0.58178 0.05099 -0.32280 -296881519225985320495110832554166452224.00000
0.59515 0.06762 -0.31903 -296881478661166113191769984659663880192.00000
0.57288 0.07903 -0.31336 -303527618640090692556289019961065603072.00000
0.58427 0.09580 -0.30824 -300869101801292049855470133998751055872.00000
0.56677 0.12155 -0.30983 -295526289181088523180723525117737435136.00000
0.58539 0.11147 -0.31095 -298200301780824355757746306780034498560.00000
0.58113 0.15894 -0.33213 -290193638048096425992859313809618108416.00000
0.60821 0.15270 -0.34189 -290219700944437118389354086027520638976.00000
0.59132 0.18085 -0.34769 -286211126075190609550105999177855008768.00000
0.61990 0.19373 -0.36085 -283568246974196382287183976546281979904.00000
0.57421 0.22124 -0.33432 -282218330920615741710447743289689899008.00000
0.60100 0.23699 -0.34672 -279554642067368167833670750778297417728.00000
0.56581 0.23210 -0.32660 -286216440066506766287757073357691944960.00000
0.57036 0.24951 -0.31517 -279544237191241494526743265838387691520.00000
0.55470 0.27483 -0.32313 -282192268024275049313952971071787368448.00000
0.57208 0.26882 -0.32111 -279533791750295613916474933003975393280.00000
0.54031 0.29594 -0.31197 -283521536584879172490197626026570285056.00000
0.55734 0.29129 -0.31020 -282207885479669861100179410455277600768.00000
0.53024 0.30256 -0.30241 -283521536584879172490197626026570285056.00000
0.54721 0.31750 -0.30577 -274206474891029277117932219822944288768.00000
0.55704 -0.29451 -0.29602 -295562331022954212199066879383272685568.00000
0.55685 -0.30892 -0.28033 -294238315606437434805462026766572847104.00000
0.57450 -0.27479 -0.30921 -299555410131263531162111070532955799552.00000
0.57560 -0.29075 -0.29403 -296896791880416870202940064834384822272.00000
0.57956 -0.26079 -0.31138 -295552128970923575408843633915875819520.00000
0.59870 -0.25486 -0.30906 -299550156987176185379471268194872721408.00000
0.59941 -0.22168 -0.32440 -308865259245845288055077522293001289728.00000
0.61481 -0.22950 -0.32036 -299534539531781373593244828811382489088.00000
0.60982 -0.21058 -0.33345 -303532668960082001822224582826635821056.00000
0.61860 -0.21334 -0.32144 -303532608112853190867213310984881963008.00000
0.60222 -0.17026 -0.31894 -302192995523351205339052442931943178240.00000
0.62691 -0.16327 -0.32253 -299539772393459115724214207202214281216.00000
0.61954 -0.12685 -0.33208 -302213967534881381166270804389772918784.00000
0.63547 -0.14929 -0.32956 -299539792675868719375884631149465567232.00000
0.63298 -0.11444 -0.34547 -294207384931791866008065507208361672704.00000
0.64999 -0.10047 -0.33968 -298215898953809563892302322216273444864.00000
0.62447 -0.07728 -0.33293 -303538023516217365863216504900975329280.00000
0.64853 -0.08211 -0.33679 -298205433230454079630363565434609860608.00000
0.63535 -0.02833 -0.34246 -292893693261763347314706443742566416384.00000
0.65026 -0.04700 -0.33663 -303548367545115228215132717999131197440.00000
0.65090 -0.01220 -0.35935 -282228593819875189455682260598840623104.00000
0.67121 0.00538 -0.35742 -300895124132813534948624058322151014400.00000
0.63245 0.02265 -0.33870 -292893733826582554618047291637068988416.00000
0.63051 0.03899 -0.31499 -298221030403439287764919580870848806912.00000
0.61282 0.05391 -0.31762 -296886589828386233412716819366987956224.00000
0.62698 0.07170 -0.31247 -300879486395009119510727194991409496064.00000
0.60450 0.10020 -0.31113 -295541724094796902101916148975966093312.00000
0.62398 0.08767 -0.31024 -299539812958278323027555055096716853248.00000
0.62432 0.14005 -0.33656 -300853484345897238069243694615260823552.00000
0.64033 0.12642 -0.33016 -295531339501079832446659087983307653120.00000
0.64859 0.16582 -0.34262 -283531819766548223887102567282972295168.00000
0.64829 0.18445 -0.34451 -278199270045604144957590475711109398528.00000
0.63567 0.21855 -0.35905 -278220181209905509829797565327185281024.00000
0.64570 0.22149 -0.34687 -242185093386614507492694474226613092352.00000
0.63601 0.23507 -0.33916 -267539423747803332881206094905466683392.00000
0.62587 0.24771 -0.33106 -284871513485688624021945131124916224000.00000
0.59007 0.26204 -0.31846 -278199310610423352260931323605611970560.00000
0.60453 0.27014 -0.31390 -284866199494372467284294056945079287808.00000
0.58582 0.27704 -0.31706 -274211606340659000990549478477519650816.00000
0.60000 0.28552 -0.31240 -279544156061603079920061570049382547456.00000
0.57626 0.30604 -0.31348 -278220181209905509829797565327185281024.00000
0.58425 0.32954 -0.30638 -279544216908831890875072841891136405504.00000
0.57181 0.33609 -0.29606 -278209796616188440174540504334526840832.00000
0.56909 -0.31852 -0.27492 -298226019876201786075843871894665166848.00000
0.62187 -0.35078 -0.30718 -300889647882220548997609592564303790080.00000
0.58900 -0.30018 -0.28881 -296896771598007266551269640887133536256.00000
0.60283 -0.30994 -0.28296 -298220807296933647596544917451084660736.00000
0.60820 -0.27866 -0.30200 -298226121288249804334195991630921596928.00000
0.62324 -0.28808 -0.29632 -295552027558875557150491514179619389440.00000
0.63428 -0.26006 -0.32271 -298215756976942338330609354585514442752.00000
0.65575 -0.25194 -0.31863 -295567705861499179891729225404863479808.00000
0.64265 -0.22607 -0.32500 -298205311535996457720341021751102144512.00000
0.64607 -0.20862 -0.32564 -300868919259605616990436318473489481728.00000
0.65905 -0.17687 -0.33381 -298210503832854992547969552247431364608.00000
0.66662 -0.19795 -0.32070 -296881235272250869371724897292648448000.00000
0.66053 -0.15831 -0.33306 -299539752111049512072543783254962995200.00000
0.67902 -0.16431 -0.32800 -294212435251783175274001070073931890688.00000
0.66916 -0.12358 -0.33794 -296876184952259560105789334427078230016.00000
0.68739 -0.10859 -0.33064 -291543554101677066569595547066210189312.00000
0.68774 -0.07121 -0.35243 -300879486395009119510727194991409496064.00000
0.69391 -0.09087 -0.33547 -294217708678280124708311296359266254848.00000
0.69553 -0.03364 -0.35860 -304877595540900144088036525059411542016.00000
0.71282 -0.05497 -0.35120 -299555470978492342117122342374709657600.00000
0.70648 -0.01486 -0.36902 -302208714390794035383631002051689840640.00000
0.72048 0.00493 -0.35708 -300879506677418723162397618938660782080.00000
0.69139 0.02438 -0.35395 -302224352128598450821527865382431358976.00000
0.69467 0.04344 -0.33336 -296876164669849956454118910479826944000.00000
0.65933 0.05873 -0.32297 -299539792675868719375884631149465567232.00000
0.68244 0.07977 -0.32317 -298205392665634872327022717540107288576.00000
0.66312 0.11370 -0.32963 -295541724094796902101916148975966093312.00000
0.69429 0.10121 -0.33525 -299539833240687926679225479043968139264.00000
0.66507 0.13281 -0.33302 -298200220651185941151064610991029354496.00000
0.68491 0.15708 -0.33070 -291554019825032550831534303847873773568.00000
0.66630 0.19061 -0.34003 -284876685500137555197903237673994158080.00000
0.68532 0.17704 -0.33298 -287555930961551129905895397727123013632.00000
0.65561 0.22439 -0.33412 -278209796616188440174540504334526840832.00000
0.66540 0.22725 -0.32080 -280868232325348668268677694507836243968.00000
0.64546 0.23802 -0.32643 -280868212042939064617007270560584957952.00000
0.65125 0.25867 -0.31263 -280857827449221994961750209567926517760.00000
0.61945 0.27850 -0.30866 -287519605165950989764166108200069758976.00000
0.63482 0.28714 -0.30272 -282192247741865445662282547124536082432.00000
0.61462 0.29429 -0.30707 -282207804350031446493497714666272456704.00000
0.61663 0.31243 -0.29142 -283536991780997155063060673832050229248.00000
0.60379 0.32473 -0.30309 -282207723220393031886816018877267312640.00000
0.59718 0.33445 -0.27906 -283531779201729016583761719388469723136.00000
0.58463 0.34583 -0.29032 -279533730903066802961463661162221535232.00000
0.58383 0.36119 -0.27337 -278188946299115886257344686560204816384.00000
0.69641 -0.47971 -0.37008 -296886387004290196896012579894475096064.00000
0.70253 -0.45821 -0.37054 -296881174425022058416713625450894589952.00000
0.74639 -0.47066 -0.37958 -300889729011858963604291288353308934144.00000
0.67636 -0.37808 -0.33448 -302213724145966137346225717022757486592.00000
0.71460 -0.38429 -0.34069 -294212354122144760667319374284926746624.00000
0.65366 -0.28899 -0.30058 -292883247820817466704438110908154118144.00000
0.69113 -0.31526 -0.31169 -294202030375656501967073585134022164480.00000
0.68823 -0.29364 -0.32969 -294222921257548263187610250802846760960.00000
0.71911 -0.31295 -0.33288 -296870911525762610671479108141743865856.00000
0.68725 -0.24871 -0.32227 -300889870988726189165984255984067936256.00000
0.72077 -0.24405 -0.32488 -300874233250921773728087392653326417920.00000
0.68492 -0.20523 -0.31468 -296881316401889283978406593081653592064.00000
0.70653 -0.19297 -0.30779 -296876124105030749150778062585324371968.00000
0.69906 -0.15053 -0.32096 -299550197551995392682812116089375293440.00000
0.70962 -0.15275 -0.30643 -298215756976942338330609354585514442752.00000
0.70800 -0.13342 -0.32720 -300884638127048447035014877593236144128.00000
0.71606 -0.11546 -0.33283 -304887959852207610091623162104818696192.00000
0.72926 -0.07735 -0.34206 -296886569545976629761046395419736670208.00000
0.74463 -0.10068 -0.33114 -302224291281369639866516593540677500928.00000
0.73817 -0.03698 -0.34835 -300879486395009119510727194991409496064.00000
0.75649 -0.05991 -0.33900 -299555410131263531162111070532955799552.00000
0.74244 0.00474 -0.35151 -300879486395009119510727194991409496064.00000
0.75507 0.00465 -0.33661 -299545005255136857855183585593046073344.00000
0.74278 0.02580 -0.35187 -296886569545976629761046395419736670208.00000
0.75452 0.04741 -0.33651 -296876164669849956454118910479826944000.00000
0.71847 0.08514 -0.33210 -296870952090581817974819956036246437888.00000
0.74898 0.08948 -0.33321 -298205392665634872327022717540107288576.00000
0.72687 0.12808 -0.34170 -295541703812387298450245725028714807296.00000
0.74442 0.10995 -0.33040 -298205392665634872327022717540107288576.00000
0.72040 0.14711 -0.33742 -292872842944690793397510625968244391936.00000
0.73349 0.17100 -0.32554 -291538402369637739045307864464383541248.00000
0.70462 0.18295 -0.32690 -292883268103227070356108534855405404160.00000
0.71476 0.20621 -0.31366 -282202591770763308014198760222691950592.00000
0.68557 0.21532 -0.31406 -284850744298254484711431009139599343616.00000
0.69289 0.23745 -0.29968 -272835566543508857062307201161271181312.00000
0.67664 0.27254 -0.31396 -279512981998042267302619963124155940864.00000
0.69854 0.26202 -0.30713 -272840819687596202844947003499354259456.00000
0.67237 0.29100 -0.31313 -279523386874168940609547448064065667072.00000
0.67575 0.31200 -0.29634 -274185604291547119549065978101370978304.00000
0.64518 0.31270 -0.29427 -283531819766548223887102567282972295168.00000
0.65265 0.31541 -0.27916 -279518214859720009433589341514987732992.00000
0.61730 0.32981 -0.27474 -278193996619107195523280249425775034368.00000
0.61662 0.34629 -0.25715 -278178561705398816602087625567546376192.00000
0.59635 0.35009 -0.26191 -278178500858170005647076353725792518144.00000
0.60929 0.35993 -0.25417 -276849333709613900729183818507266031616.00000
0.77674 -0.46565 -0.37263 -287540191811698696209646414660125065216.00000
0.80841 -0.45950 -0.36445 -292877994676730120921798308570071040000.00000
0.75628 -0.38975 -0.34615 -295546855544426625974533407630541455360.00000
0.75615 -0.35898 -0.31538 -298210564680083803502980824089185222656.00000
0.73299 -0.29531 -0.31598 -300874233250921773728087392653326417920.00000
0.78093 -0.32427 -0.32758 -300874233250921773728087392653326417920.00000
0.74954 -0.28185 -0.32636 -303543114401027882432492915661048119296.00000
0.78528 -0.30096 -0.32776 -302208673825974828080290154157187268608.00000
0.74481 -0.23176 -0.31709 -303543114401027882432492915661048119296.00000
0.83607 -0.24927 -0.35743 -306186013784431713347085362239872434176.00000
0.72825 -0.17938 -0.29958 -304861978085505332301810085675921309696.00000
0.77149 -0.17244 -0.30576 -306206823536685059960940332119691886592.00000
0.75871 -0.12480 -0.31844 -304861978085505332301810085675921309696.00000
0.78258 -0.15320 -0.31219 -302208714390794035383631002051689840640.00000
0.78481 -0.08606 -0.33631 -302208754955613242686971849946192412672.00000
0.82643 -0.11755 -0.34120 -298215817824171149285620626427268300800.00000
0.79063 -0.06415 -0.33994 -302213947252471777514600380442521632768.00000
0.81997 -0.04366 -0.33397 -295531339501079832446659087983307653120.00000
0.78872 0.00434 -0.33726 -298205433230454079630363565434609860608.00000
0.82518 0.00399 -0.33713 -303527557792861881601277748119311745024.00000
0.78908 0.02701 -0.33759 -300869101801292049855470133998751055872.00000
0.82437 0.05205 -0.33690 -298205392665634872327022717540107288576.00000
0.79687 0.07345 -0.34440 -299534661226238995503267372494890205184.00000
0.83428 0.07738 -0.34453 -300874273815740981031428240547828989952.00000
0.78790 0.11817 -0.33922 -295531319218670228794988664036056367104.00000
0.80520 0.14449 -0.32648 -290209113526624012217392785562349338624.00000
0.75302 0.15413 -0.31472 -288885138674926442127128780840152072192.00000
0.77651 0.18273 -0.30857 -284892302955532366984129677057484390400.00000
0.73533 0.19150 -0.30421 -284881837232176882722190920275820806144.00000
0.76630 0.20194 -0.30285 -284881958926634504632213463959328522240.00000
0.73060 0.25562 -0.30699 -271511591691811286972043196439073914880.00000
0.82716 0.27839 -0.35210 -279518214859720009433589341514987732992.00000
0.74515 0.31124 -0.32432 -270177171399167836271510858882464350208.00000
0.80958 0.32240 -0.34456 -266168738506788552993955739663557722112.00000
0.73575 0.35410 -0.32327 -275520065149009777552939163552483115008.00000
0.80256 0.37249 -0.34576 -274180493124326999328119143394046902272.00000
0.69056 0.36645 -0.29281 -279518255424539216736930189409490305024.00000
0.75081 0.38793 -0.31305 -279507850548412543430002704469580578816.00000
0.67354 0.37494 -0.28214 -272851285410951687106885760281017843712.00000
0.70518 0.42593 -0.28862 -254190069089329498351595036737544388608.00000
0.66111 0.43544 -0.28382 -255519276802704810572828419850573447168.00000
0.72288 0.47082 -0.30729 -247523119358151572373221031556323213312.00000
0.86172 -0.46881 -0.36970 -292857225489295981611284186584754159616.00000
0.83279 -0.38452 -0.34092 -295536470950709556319276346637883015168.00000
0.86027 -0.40052 -0.33000 -291538442934456946348648712358886113280.00000
0.87872 -0.32495 -0.36338 -299539833240687926679225479043968139264.00000
0.88720 -0.35699 -0.34109 -294202070940475709270414433028524736512.00000
0.88003 -0.29615 -0.36141 -298210605244903010806321671983687794688.00000
0.91043 -0.27870 -0.34777 -296870952090581817974819956036246437888.00000
0.89725 -0.24584 -0.36819 -295536470950709556319276346637883015168.00000
0.94822 -0.26458 -0.36940 -296870952090581817974819956036246437888.00000
0.87573 -0.18167 -0.34956 -299555450696082738465451918427458371584.00000
0.90068 -0.16000 -0.33399 -295552149253333179060514057863127105536.00000
0.86712 -0.12579 -0.34083 -295562574411869456019111966750288117760.00000
0.88880 -0.10269 -0.32425 -294207303802153451401383811419356528640.00000
0.86799 -0.07377 -0.33947 -300879506677418723162397618938660782080.00000
0.91202 -0.07927 -0.33780 -299529468929380460675638841998560985088.00000
0.86475 0.00361 -0.33610 -300858656360346169245201801164338757632.00000
0.92180 -0.02477 -0.34282 -300858656360346169245201801164338757632.00000
0.85149 0.02873 -0.32732 -299539792675868719375884631149465567232.00000
0.87692 0.05530 -0.31526 -292867630365422654918211671524663885824.00000
0.90047 0.11210 -0.36160 -295536470950709556319276346637883015168.00000
0.91940 0.08635 -0.34203 -294202070940475709270414433028524736512.00000
0.89387 0.13827 -0.35820 -298205352100815665023681869645604716544.00000
0.93208 0.17402 -0.35289 -295536511515528763622617194532385587200.00000
0.83373 0.17553 -0.32037 -294207303802153451401383811419356528640.00000
0.90464 0.19512 -0.33721 -291538422652047342696978288411634827264.00000
0.92028 0.29052 -0.38516 -280852675717182667437462526966099869696.00000
0.97360 0.31125 -0.38669 -279528619735846682740516826454897459200.00000
0.95504 0.33521 -0.37750 -283505979976713171658982458484833910784.00000
0.93535 0.35739 -0.36771 -280821461088802647516680072146370691072.00000
0.88454 0.36332 -0.36899 -274159622524844841759252901672473591808.00000
0.89331 0.39621 -0.34665 -276807673640288000198133030853124554752.00000
0.84392 0.39754 -0.34707 -278173328843721074471118247176714584064.00000
0.84881 0.42753 -0.32416 -274175280545058860848820188950466396160.00000
0.81754 0.43745 -0.33557 -274175239980239653545479341055963824128.00000
0.82604 0.44040 -0.31256 -266184295114954553825170907205294096384.00000
0.76585 0.48077 -0.30991 -252829646747574166209579198804786151424.00000
0.81287 0.49026 -0.31139 -246167950160483586013844995961648054272.00000
0.98674 -0.41371 -0.37011 -283521394608011946928504658395811282944.00000
1.01102 -0.35679 -0.37839 -292841567469081962521716899306761355264.00000
1.04692 -0.33580 -0.35967 -283521414890421550580175082343062568960.00000
1.00072 -0.25068 -0.36507 -288869582066760441295913613298415697920.00000
1.01373 -0.25342 -0.33753 -284850744298254484711431009139599343616.00000
0.97388 -0.20955 -0.34765 -288869541501941233992572765403913125888.00000
1.03123 -0.22594 -0.34505 -283516303723201430359228247635738492928.00000
0.96061 -0.14481 -0.33712 -283547376374714224718317734824708669440.00000
1.00447 -0.12205 -0.32701 -283516303723201430359228247635738492928.00000
1.00593 -0.06030 -0.36041 -284866260341601278239305328786833145856.00000
1.05804 -0.09821 -0.35426 -280847422573095321654822724628016791552.00000
1.01289 0.00213 -0.36377 -284855875747884208584048267794174705664.00000
1.09494 -0.03348 -0.37249 -282181863148148376007025486131877642240.00000
0.99280 0.03298 -0.35239 -288859136625814560685645280464003399680.00000
1.09563 0.07095 -0.37303 -282166205127934356917458198853884837888.00000
1.00123 0.12672 -0.35881 -287524696050761506333442518960142548992.00000
1.08405 0.13916 -0.36832 -278199270045604144957590475711109398528.00000
1.02557 0.19604 -0.37510 -280862958898851718834367468222501879808.00000
1.02105 0.26120 -0.37587 -276870123179457643691368364439834198016.00000
1.05890 0.27207 -0.36064 -284876766629775969804584933462999302144.00000
0.94627 0.39290 -0.34431 -279487040796159196816147734589761126400.00000
0.95484 0.42836 -0.31912 -266158394477890690642039526565401853952.00000
1.11281 -0.21306 -0.34792 -275504508540843776721723996010746740736.00000
1.15749 -0.18677 -0.36804 -276844121130345762249884864063685525504.00000
1.21825 -0.15879 -0.35348 -264823933620428032638166341114289717248.00000
1.12353 -0.10652 -0.34973 -274175219697830049893808917108712538112.00000
1.19709 -0.11589 -0.34344 -263489493045374978285963579610428866560.00000
1.16831 0.00059 -0.36984 -278168156829272143295160140627636649984.00000
1.21164 -0.03906 -0.34868 -255482849595056652172747010587263762432.00000
1.16850 0.03824 -0.37000 -282155861099036494565541985755728969728.00000
1.24539 0.08120 -0.36344 -256801571302666876480371212971377950720.00000
1.16084 0.11286 -0.36720 -278142093932931450898665368409734119424.00000
1.22012 -0.07870 -0.31104 -242154203276788145998638802562904489984.00000
1.29434 -0.12775 -0.29608 -207469356025631442664998727874944958464.00000
1.22617 -0.03954 -0.31302 -247491965577000363407449848578347892736.00000
1.24274 -0.00003 -0.27728 -202147231463223640694084545190243074048.00000
1.26337 0.04089 -0.32732 -255477738427836531951800175879939686400.00000
