# .PCD v0.7 - Point Cloud Data file format
VERSION 0.7
FIELDS x y z
SIZE 4 4 4
TYPE F F F
COUNT 1 1 1
WIDTH 718
HEIGHT 1
VIEWPOINT 0 0 0 1 0 0 0
POINTS 718
DATA ascii
0.36022 -0.07507 -0.31126 -287524797462809524591794638696398979072.00000
0.36063 -0.06717 -0.30968 -292862580045431345652276108659093667840.00000
0.35625 -0.05819 -0.30948 -295515803175323435267114344388822564864.00000
0.35745 -0.05129 -0.31228 -291528119187968687648402923207981531136.00000
0.36168 -0.03834 -0.32729 -284892384085170781590811372846489534464.00000
0.36564 -0.04666 -0.32348 -290188567445695513075253326996796604416.00000
0.36731 -0.03318 -0.35148 -286226824660223835943014134350350385152.00000
0.37487 -0.02625 -0.35796 -288895726092739548299090081305323372544.00000
0.37136 -0.01776 -0.36710 -288895726092739548299090081305323372544.00000
0.37697 -0.01825 -0.36575 -291564607242845657003495604313045073920.00000
0.36731 0.00797 -0.34660 -284887252635541057718194114191914172416.00000
0.37510 -0.00061 -0.35609 -290224994653343671475334736260106289152.00000
0.34832 0.02114 -0.25994 -283552812060488003365991352688053321728.00000
0.35417 0.01496 -0.26577 -291559435228396725827537497763967139840.00000
0.35316 0.02801 -0.26238 -287556154068056770074270061146887159808.00000
0.35453 0.03509 -0.26916 -286221713493003715722067299643026309120.00000
0.39281 0.06037 -0.46864 -287556174350466373725940485094138445824.00000
0.36243 0.04527 -0.30472 -287556154068056770074270061146887159808.00000
0.35562 0.06601 -0.30235 -280873607163893635961340040529427038208.00000
0.36113 0.05982 -0.30255 -292883511492142314176153622222420836352.00000
0.35368 0.07976 -0.29877 -278199432304880974170953867289119686656.00000
0.35933 0.07401 -0.29936 -288885341499022478643833020312664932352.00000
0.35046 0.09198 -0.29003 -290204083489042306603127646644030406656.00000
0.35706 0.08771 -0.29519 -287550880641559820639959834861552795648.00000
0.36810 -0.08857 -0.32660 -291533331767236826127701877651562037248.00000
0.37313 -0.09012 -0.32440 -288869703761218063205936156981923414016.00000
0.36497 -0.07643 -0.30940 -290198911474593375427169540094952472576.00000
0.37153 -0.07080 -0.31099 -292873005203967622610874017546254680064.00000
0.36825 -0.05421 -0.31413 -294197061185303607307819718057457090560.00000
0.37186 -0.06259 -0.30935 -295536673774805592835980586110395875328.00000
0.37197 -0.04842 -0.32713 -294197081467713210959490142004708376576.00000
0.37575 -0.04214 -0.34055 -288885361781432082295503444259916218368.00000
0.37960 -0.03534 -0.35443 -287561285517686493946887319801462521856.00000
0.38626 -0.02753 -0.35485 -292899047817898711355698365816905924608.00000
0.38273 -0.01874 -0.36428 -291564586960436053351825180365793787904.00000
0.38863 -0.01925 -0.36268 -294233468110542162056230703373515489280.00000
0.37819 0.00790 -0.34407 -291559333816348707569185378027710709760.00000
0.38810 -0.00116 -0.35914 -294233447828132558404560279426264203264.00000
0.36627 0.01555 -0.29585 -295552291230200404622207025493886107648.00000
0.37118 0.02318 -0.29474 -295557503809468543101505979937466613760.00000
0.36171 0.03642 -0.27927 -287561265235276890295216895854211235840.00000
0.36777 0.02997 -0.28232 -287561265235276890295216895854211235840.00000
0.36566 0.05280 -0.29811 -292909472976434988314296274704066936832.00000
0.37124 0.04608 -0.29774 -288900918389598083126718611801652592640.00000
0.36508 0.06795 -0.29971 -291554202366718983696568119373135347712.00000
0.37092 0.06158 -0.29980 -292888642941772038048770880876996198400.00000
0.36292 0.08212 -0.29590 -286216440066506766287757073357691944960.00000
0.36891 0.07621 -0.29639 -290219761791665929344365357869274497024.00000
0.36637 0.09032 -0.29196 -291554182084309380044897695425884061696.00000
0.36493 0.09714 -0.28938 -291554182084309380044897695425884061696.00000
0.36337 0.10378 -0.28658 -287550860359150216988289410914301509632.00000
0.38337 -0.11261 -0.32714 -288864470899540321074966778591091621888.00000
0.37826 -0.09170 -0.32206 -290204164618680721209809342433035550720.00000
0.38272 -0.10205 -0.32059 -292872984921558018959203593599003394048.00000
0.38564 -0.08594 -0.32376 -291549010069860448868939588876806127616.00000
0.38612 -0.07706 -0.32226 -292883450644913503221142350380666978304.00000
0.37827 -0.06481 -0.31238 -292878197500826157438502548042583900160.00000
0.38517 -0.05845 -0.31353 -292878156936006950135161700148081328128.00000
0.38814 -0.05148 -0.32163 -299550359811272221896175507667385581568.00000
0.39424 -0.04569 -0.34072 -302234858416773142386807470058597515264.00000
0.38957 -0.03626 -0.34513 -292899027535489107704027941869654638592.00000
0.39824 -0.02888 -0.35120 -291564566678026449700154756418542501888.00000
0.39468 -0.01977 -0.36095 -295567908685595216408433464877376339968.00000
0.39981 -0.01075 -0.35455 -291564607242845657003495604313045073920.00000
0.38963 0.00782 -0.34106 -284892404367580385242481796793740820480.00000
0.40031 -0.00156 -0.35570 -292899047817898711355698365816905924608.00000
0.37999 0.01597 -0.30642 -270208386027547856192293313702193528832.00000
0.38535 0.02418 -0.30500 -274216900049565554076530128710105300992.00000
0.37606 0.03108 -0.29322 -296902349260648270760636226381237190656.00000
0.38088 0.03922 -0.29125 -299571210128344775813371325441707606016.00000
0.37565 0.05433 -0.29525 -292893774391401761921388139531571560448.00000
0.38156 0.04739 -0.29472 -300900397559310484382934284607485378560.00000
0.37500 0.06998 -0.29663 -296891944384521597453708741441327464448.00000
0.38015 0.07104 -0.29489 -292893794673811365573058563478822846464.00000
0.37259 0.08459 -0.29257 -288885300934203271340492172418162360320.00000
0.37894 0.07852 -0.29294 -294228214966454816273590901035432411136.00000
0.36966 0.09858 -0.28751 -291554182084309380044897695425884061696.00000
0.37611 0.09304 -0.28823 -290224893241295653216982616523849859072.00000
0.36626 0.11184 -0.28153 -292888602376952830745430032982493626368.00000
0.37276 0.10685 -0.28254 -295562655541507870625793662539293261824.00000
0.38867 -0.11446 -0.32415 -291533331767236826127701877651562037248.00000
0.39406 -0.11634 -0.32099 -298205514360092494237045261223615004672.00000
0.38883 -0.09494 -0.31692 -302198390644305776683385212900785258496.00000
0.39338 -0.10554 -0.31483 -291533311484827222476031453704310751232.00000
0.39162 -0.07850 -0.31983 -303537982951398158559875657006472757248.00000
0.39723 -0.07997 -0.31725 -302208754955613242686971849946192412672.00000
0.39042 -0.06842 -0.31307 -303548387827524831866803141946382483456.00000
0.39786 -0.06180 -0.31409 -304882828402577886219005903450243334144.00000
0.39223 -0.05169 -0.31441 -299560703840170084248091720765541449728.00000
0.39943 -0.04452 -0.31499 -304898445857972698005232342833733566464.00000
0.39812 -0.03657 -0.33007 -299571169563525568510030477547205033984.00000
0.40189 -0.02755 -0.31967 -296897096116560924977996424043154112512.00000
0.40255 -0.01053 -0.34108 -295567928968004820060103888824627625984.00000
0.40453 -0.01925 -0.32668 -294223063234415488749303218433605763072.00000
0.39679 0.00783 -0.32182 -307572742411442981705641059757548634112.00000
0.40083 -0.00088 -0.31418 -300900417841720088034604708554736664576.00000
0.39091 0.02444 -0.30332 -298247275841466413026448168614012911616.00000
0.39660 0.02471 -0.30150 -303569298991826196739010231562458365952.00000
0.38927 0.03240 -0.29866 -299571250693163983116712173336210178048.00000
0.38885 0.04050 -0.29815 -303564126977377265563052125013380431872.00000
0.38615 0.05593 -0.29190 -303558853550880316128741898728046067712.00000
0.39380 0.04924 -0.29546 -303569258427006989435669383667955793920.00000
0.38522 0.06370 -0.29049 -295562655541507870625793662539293261824.00000
0.39080 0.07321 -0.29102 -291559333816348707569185378027710709760.00000
0.38271 0.08717 -0.28872 -292888602376952830745430032982493626368.00000
0.38945 0.08094 -0.28894 -291559333816348707569185378027710709760.00000
0.37944 0.10154 -0.28336 -291554202366718983696568119373135347712.00000
0.38628 0.09589 -0.28395 -291554182084309380044897695425884061696.00000
0.37564 0.11512 -0.27704 -291564586960436053351825180365793787904.00000
0.38254 0.11005 -0.27793 -294233468110542162056230703373515489280.00000
0.37829 0.12332 -0.27100 -294233468110542162056230703373515489280.00000
0.39775 -0.11632 -0.31206 -302214008099700588469611652284275490816.00000
0.40189 -0.12723 -0.30858 -299550319246453014592834659772883009536.00000
0.40441 -0.10915 -0.30834 -300879547242237930465738466833163354112.00000
0.40544 -0.10003 -0.30792 -298210666092131821761332943825441652736.00000
0.40296 -0.08146 -0.31449 -299550298964043410941164235825631723520.00000
0.40879 -0.08299 -0.31155 -298221070968258495068260428765351378944.00000
0.40339 -0.07224 -0.31315 -299550258399224203637823387931129151488.00000
0.40928 -0.07364 -0.31034 -294217708678280124708311296359266254848.00000
0.40534 -0.04549 -0.31265 -302224331846188847169857441435180072960.00000
0.41138 -0.04648 -0.31014 -299560642992941273293080448923787591680.00000
0.40675 -0.03694 -0.31521 -306232886433025752357435104337594417152.00000
0.41235 -0.02840 -0.31009 -303553640971612177649442944284465561600.00000
0.40631 -0.00988 -0.31095 -304898567552430319915254886517241282560.00000
0.41164 -0.01913 -0.30715 -302219240961378330600581030675107282944.00000
0.40395 0.00784 -0.30349 -306232947280254563312446376179348275200.00000
0.41132 -0.00114 -0.30514 -312894724996983558114862274811491516416.00000
0.40401 0.02517 -0.30405 -307567367572898014012978713735957839872.00000
0.41014 0.01662 -0.30179 -311560304704340107414329937254881951744.00000
0.40216 0.03353 -0.29929 -307572539587346945188936820285035773952.00000
0.40812 0.03396 -0.29714 -306227653571348010226465725946762625024.00000
0.39948 0.04996 -0.29344 -304898486422791905308573190728236138496.00000
0.40594 0.05970 -0.29433 -304893233278704559525933388390153060352.00000
0.39630 0.07434 -0.28886 -299555531825721153072133614216463515648.00000
0.40325 0.06736 -0.28843 -300889911553545396469325103878570508288.00000
0.39328 0.08986 -0.28428 -298215919236219167543972746163524730880.00000
0.40043 0.08346 -0.28432 -298215878671399960240631898269022158848.00000
0.39099 0.10581 -0.28275 -299550380093681825547845931614636867584.00000
0.39629 0.10742 -0.28010 -298210726939360632716344215667195510784.00000
0.38757 0.11169 -0.27539 -287556052656008751815917941410630729728.00000
0.38539 0.11852 -0.27195 -266210216034428020659972711792437624832.00000
0.38929 0.12835 -0.26935 -287556072938418355467588365357882015744.00000
0.40775 -0.14054 -0.31002 -303548428392344039170143989840885055488.00000
0.40735 -0.12922 -0.30472 -298210666092131821761332943825441652736.00000
0.40879 -0.12014 -0.30487 -298205494077682890585374837276363718656.00000
0.41006 -0.11099 -0.30481 -299539995499964755892588870621978427392.00000
0.41901 -0.10523 -0.30619 -294217810090328142966663416095522684928.00000
0.41401 -0.09400 -0.30924 -287545566650243663902308760681715859456.00000
0.42284 -0.08751 -0.31029 -283557902945298519935267763448126111744.00000
0.41721 -0.07628 -0.31251 -291554040107442154483204727795125059584.00000
0.42341 -0.07775 -0.30926 -292909351281977366404273731020559220736.00000
0.41570 -0.04672 -0.30258 -300900275864852862472911740923977662464.00000
0.42196 -0.05730 -0.30147 -306227673853757613878136149894013911040.00000
0.41677 -0.02859 -0.30275 -307551709552683994923411426457965035520.00000
0.42358 -0.03887 -0.30245 -311549798416165415849050332578715795456.00000
0.41607 -0.01928 -0.30000 -304882889249806697174017175291997192192.00000
0.42329 -0.01074 -0.29897 -307536132662108390440525834968977375232.00000
0.41579 -0.00120 -0.29817 -314223932710358870336095657924520574976.00000
0.42210 -0.00141 -0.29564 -312873874679911004197666457037169491968.00000
0.41634 0.01675 -0.29946 -311555092125071968935030982811301445632.00000
0.41626 0.02575 -0.29956 -307556901849542529751039956954294255616.00000
0.41594 0.03472 -0.29929 -307556841002313718796028685112540397568.00000
0.41539 0.04365 -0.29865 -310225742434829431152104632067513384960.00000
0.41192 0.06062 -0.29191 -306217268977630940571208664954104184832.00000
0.42085 0.05330 -0.29507 -315553079576505371602317769195795775488.00000
0.40769 0.07667 -0.28403 -308886150127737049275614187961825886208.00000
0.41674 0.07021 -0.28760 -304893233278704559525933388390153060352.00000
0.40609 0.08476 -0.28176 -302213987817290984817941228337024204800.00000
0.41187 0.08609 -0.27901 -299545106667184876113535705329302503424.00000
0.40386 0.10149 -0.28045 -300874395510198602941450784231336706048.00000
0.40324 0.11030 -0.28144 -295541845789254524011938692659473809408.00000
0.40243 0.11908 -0.28219 -291564546395616846048484332471291215872.00000
0.40687 0.12969 -0.27936 -295562614976688663322452814644790689792.00000
0.39721 0.13326 -0.27438 -292893774391401761921388139531571560448.00000
0.40102 0.14358 -0.27080 -298231536691613979330199185547014963200.00000
0.42105 -0.14724 -0.30684 -303558853550880316128741898728046067712.00000
0.42467 -0.15877 -0.30107 -300905508726530604603881119314809454592.00000
0.42014 -0.12406 -0.29683 -295552149253333179060514057863127105536.00000
0.42638 -0.13757 -0.29717 -299565936701847826379061099156373241856.00000
0.42161 -0.11475 -0.29710 -296886569545976629761046395419736670208.00000
0.42501 -0.10705 -0.30234 -298226263265117029895888959261680599040.00000
0.42824 -0.09900 -0.30731 -298231536691613979330199185547014963200.00000
0.43683 -0.10243 -0.30868 -295562655541507870625793662539293261824.00000
0.43190 -0.08054 -0.31102 -294243791857030420756476492524420071424.00000
0.43842 -0.08209 -0.30728 -292914563861245504883572685464139726848.00000
0.43033 -0.05944 -0.30320 -304893233278704559525933388390153060352.00000
0.43686 -0.05065 -0.29817 -306217268977630940571208664954104184832.00000
0.43003 -0.03976 -0.29946 -312879066976769539025294987533498712064.00000
0.43661 -0.04067 -0.29626 -310210185826663430320889464525777010688.00000
0.42978 -0.01113 -0.29619 -307541345241376528919824789412557881344.00000
0.43849 -0.01181 -0.29779 -306217329824859751526219936795858042880.00000
0.42900 0.00767 -0.29377 -308880978113288118099656081412747952128.00000
0.43973 0.00756 -0.29995 -307551790682322409530093122246970179584.00000
0.42908 0.02635 -0.29432 -314223912427949266684425233977269288960.00000
0.43571 0.02666 -0.29140 -310220631267609310931157797360189308928.00000
0.42873 0.03566 -0.29402 -314223892145539663032754810030018002944.00000
0.43533 0.03615 -0.29108 -308886170410146652927284611909077172224.00000
0.42723 0.05410 -0.29227 -308891322142185980451572294510903820288.00000
0.43254 0.06415 -0.28779 -304888020699436421046634433946572554240.00000
0.42131 0.07996 -0.28264 -304893233278704559525933388390153060352.00000
0.42918 0.07243 -0.28169 -307551709552683994923411426457965035520.00000
0.41746 0.09665 -0.27744 -298215898953809563892302322216273444864.00000
0.42557 0.08980 -0.27701 -300889952118364603772665951773073080320.00000
0.41620 0.11502 -0.27933 -296897055551741717674655576148651540480.00000
0.42655 0.11002 -0.28366 -294238640124991093232188809922593423360.00000
0.41590 0.13483 -0.28457 -295562594694279059670782390697539403776.00000
0.42671 0.13069 -0.28953 -296897014986922510371314728254148968448.00000
0.41279 0.14216 -0.28017 -296897055551741717674655576148651540480.00000
0.41675 0.15314 -0.27586 -298231475844385168375187913705261105152.00000
0.40453 0.15394 -0.26650 -296897055551741717674655576148651540480.00000
0.44423 -0.18535 -0.31302 -304867190664773470781109040119501815808.00000
0.43028 -0.16097 -0.29577 -298210625527312614457992095930939080704.00000
0.44355 -0.15916 -0.30294 -294217708678280124708311296359266254848.00000
0.43646 -0.13233 -0.29847 -290214407235530565303373435794934988800.00000
0.44309 -0.14662 -0.29815 -282218168661338912497084351711679610880.00000
0.45223 -0.13097 -0.31078 -299545066102365668810194857434799931392.00000
0.45654 -0.12245 -0.31672 -302203542376345104207672895502611906560.00000
0.45458 -0.10049 -0.32639 -291564546395616846048484332471291215872.00000
0.46065 -0.11349 -0.32237 -302198431209124983986726060795287830528.00000
0.46236 -0.09112 -0.32081 -306217309542450147874549512848606756864.00000
0.46281 -0.07989 -0.31957 -312889512417715419635563320367911010304.00000
0.45313 -0.06616 -0.31668 -304893233278704559525933388390153060352.00000
0.46558 -0.05847 -0.32163 -300884739539096465293366997329492574208.00000
0.45768 -0.04613 -0.32329 -307536132662108390440525834968977375232.00000
0.46707 -0.03661 -0.32205 -300879608089466741420749738674917212160.00000
0.46104 -0.02521 -0.32825 -302214008099700588469611652284275490816.00000
0.46868 -0.02586 -0.32436 -304877717235357765998059068742919258112.00000
0.45544 -0.00308 -0.31534 -299565997549076637334072370998127099904.00000
0.46343 0.00733 -0.31259 -296907521275097201936594332930315124736.00000
0.44898 0.02765 -0.30193 -302219200396559123297240182780604710912.00000
0.45867 0.01781 -0.30314 -302229645837505003907508515615017009152.00000
0.45240 0.04873 -0.31044 -303558812986061108825401050833543495680.00000
0.45808 0.03861 -0.30277 -296897055551741717674655576148651540480.00000
0.45132 0.05889 -0.30919 -300889911553545396469325103878570508288.00000
0.45954 0.07083 -0.30871 -291543655513725084827947666802466619392.00000
0.43960 0.07521 -0.28696 -302213947252471777514600380442521632768.00000
0.45564 0.09091 -0.30398 -299539975217555152240918446674727141376.00000
0.43735 0.10442 -0.28776 -291580163851011657834710771854781448192.00000
0.45090 0.09937 -0.29623 -292883450644913503221142350380666978304.00000
0.44252 0.12923 -0.30410 -287576781278623683823091215501445038080.00000
0.45484 0.12379 -0.30895 -288890472948652202516450278967240294400.00000
0.43794 0.14797 -0.30011 -291559232404300689310833258291454279680.00000
0.45292 0.14559 -0.31064 -288890371536604184258098159230983864320.00000
0.43422 0.15593 -0.29515 -295557361832601317539813012306707611648.00000
0.44317 0.17268 -0.30017 -298221030403439287764919580870848806912.00000
0.41638 0.17064 -0.26541 -304888040981846024698304857893823840256.00000
0.42762 0.17972 -0.27389 -299545086384775272461865281382051217408.00000
0.45963 -0.19877 -0.32677 -299539812958278323027555055096716853248.00000
0.45241 -0.16429 -0.30303 -298221030403439287764919580870848806912.00000
0.45583 -0.17666 -0.29538 -303537982951398158559875657006472757248.00000
0.45690 -0.14364 -0.30489 -296891802407654371892015773810568462336.00000
0.46640 -0.14842 -0.30492 -296897014986922510371314728254148968448.00000
0.46336 -0.12451 -0.31151 -302203542376345104207672895502611906560.00000
0.47025 -0.12659 -0.30601 -296865780076132886798861849487168503808.00000
0.46770 -0.11548 -0.31726 -302198410926715380335055636848036544512.00000
0.47916 -0.10791 -0.31739 -303538003233807762211546080953724043264.00000
0.47608 -0.08430 -0.32647 -306217309542450147874549512848606756864.00000
0.48375 -0.08593 -0.32142 -303548387827524831866803141946382483456.00000
0.47605 -0.06076 -0.32284 -303558833268470712477071474780794781696.00000
0.48396 -0.07397 -0.31993 -306227653571348010226465725946762625024.00000
0.47765 -0.03818 -0.32335 -298215919236219167543972746163524730880.00000
0.48644 -0.05106 -0.32146 -308875846663658394227038822758172590080.00000
0.47938 -0.02708 -0.32573 -300884800386325276248378269171246432256.00000
0.48887 -0.01629 -0.32315 -304888061264255628349975281841075126272.00000
0.47594 -0.00397 -0.31810 -292893733826582554618047291637068988416.00000
0.48750 0.00710 -0.32007 -302229524143047381997485971931509293056.00000
0.46851 0.02883 -0.30418 -300895124132813534948624058322151014400.00000
0.48458 0.03001 -0.31517 -303553519277154555739420400600957845504.00000
0.47240 0.05133 -0.31286 -295572959005586525674369027742946557952.00000
0.48019 0.05211 -0.30854 -299571027586658342948337509916446031872.00000
0.46955 0.07282 -0.30965 -283552629518801570500957537162791747584.00000
0.47717 0.07398 -0.30524 -294233407263313351101219431531761631232.00000
0.46761 0.08328 -0.30740 -283552690366030381455968809004545605632.00000
0.47511 0.08462 -0.30292 -295557503809468543101505979937466613760.00000
0.46505 0.11611 -0.30826 -294207425496611073311406355102864244736.00000
0.47543 0.10786 -0.30708 -291528180035197498603414195049735389184.00000
0.46355 0.13864 -0.31044 -295552189818152386363854905757629677568.00000
0.47443 0.13113 -0.30980 -294196898926026778094456326479446802432.00000
0.46370 0.16323 -0.31694 -290224852676476445913641768629347287040.00000
0.47062 0.16560 -0.31135 -286211166640009816853446847072357580800.00000
0.45921 0.17189 -0.31135 -298215878671399960240631898269022158848.00000
0.46378 0.18522 -0.30519 -287540394635794732726350654132637925376.00000
0.44717 0.18516 -0.29410 -279528498041389060830494282771389743104.00000
0.45067 0.19754 -0.28714 -295531420630718247053340783772312797184.00000
0.44790 0.20730 -0.28576 -295526228333859712225712253275983577088.00000
0.48019 -0.22792 -0.33263 -302219038137282294083876791202594422784.00000
0.49419 -0.22351 -0.33345 -303553519277154555739420400600957845504.00000
0.48254 -0.20051 -0.32776 -295572959005586525674369027742946557952.00000
0.47750 -0.17743 -0.29531 -298221010121029684113249156923597520896.00000
0.47626 -0.15336 -0.30464 -300884638127048447035014877593236144128.00000
0.48038 -0.16664 -0.29679 -296881356966708491281747440976156164096.00000
0.48368 -0.13325 -0.31185 -300863868939614307724500755607919263744.00000
0.48884 -0.14704 -0.30492 -304877595540900144088036525059411542016.00000
0.48530 -0.12160 -0.31196 -300874294098150584683098664495080275968.00000
0.49759 -0.11375 -0.31161 -303553519277154555739420400600957845504.00000
0.49090 -0.09971 -0.31703 -302213926970062173862929956495270346752.00000
0.50287 -0.09083 -0.31611 -300879486395009119510727194991409496064.00000
0.49833 -0.06561 -0.32443 -304893192713885352222592540495650488320.00000
0.50660 -0.06696 -0.31887 -299545066102365668810194857434799931392.00000
0.49779 -0.05312 -0.32212 -306206904666323474567622027908697030656.00000
0.50864 -0.04246 -0.31976 -303543276660304711645856307239058407424.00000
0.50040 -0.01718 -0.32393 -306217268977630940571208664954104184832.00000
0.51076 -0.03039 -0.32232 -306212157810410820350261830246780108800.00000
0.50152 -0.00516 -0.32542 -304893212996294955874262964442901774336.00000
0.51362 -0.00568 -0.32591 -296897075834151321326326000095902826496.00000
0.49897 0.03099 -0.32123 -300879506677418723162397618938660782080.00000
0.51459 0.01945 -0.32738 -287550799511921406033278139072547651584.00000
0.49211 0.04200 -0.31001 -302219139549330312342228910938850852864.00000
0.50242 0.05497 -0.30914 -302203582941164311511013743397114478592.00000
0.48671 0.06412 -0.30245 -302224352128598450821527865382431358976.00000
0.49468 0.06512 -0.29746 -302214048664519795772952500178778062848.00000
0.49651 0.08958 -0.30302 -295531501760356661660022479561317941248.00000
0.49684 0.10192 -0.30520 -294197020620484400004478870162954518528.00000
0.48552 0.12303 -0.30867 -291543655513725084827947666802466619392.00000
0.49317 0.12496 -0.30306 -288859217755452975292326976253008543744.00000
0.49234 0.13708 -0.30400 -290193617765686822341188889862366822400.00000
0.49116 0.14913 -0.30458 -295547078650932266142908071050305601536.00000
0.48236 0.15873 -0.31095 -292893774391401761921388139531571560448.00000
0.48781 0.17287 -0.30471 -292872964639148415307533169651752108032.00000
0.47335 0.19051 -0.30456 -288874875775666994381894263531001348096.00000
0.48003 0.19304 -0.29794 -283526668034508896362814884681145647104.00000
0.47422 0.20102 -0.29137 -292867752059880276828234215208171601920.00000
0.46826 0.20844 -0.28459 -292857347183753603521306730268261875712.00000
0.46510 0.21860 -0.28294 -290198870909774168123828692200449900544.00000
0.50644 -0.24851 -0.33920 -304867109535135056174427344330496671744.00000
0.51305 -0.25110 -0.32957 -300874212968512170076416968706075131904.00000
0.50430 -0.21406 -0.32633 -294186494049900104787528841539537076224.00000
0.51924 -0.20862 -0.32646 -295531359783489436098329511930558939136.00000
0.49426 -0.17529 -0.30179 -298205433230454079630363565434609860608.00000
0.50804 -0.16922 -0.30169 -302203562658754707859343319449863192576.00000
0.51075 -0.15716 -0.30280 -298200240933595544802735034938280640512.00000
0.51314 -0.14490 -0.30361 -299534681508648599154937796442141491200.00000
0.50899 -0.11780 -0.31111 -298215756976942338330609354585514442752.00000
0.51518 -0.13245 -0.30410 -299545045819956065158524433487548645376.00000
0.51095 -0.09255 -0.30997 -303548367545115228215132717999131197440.00000
0.51818 -0.10710 -0.30404 -303548347262705624563462294051879911424.00000
0.51501 -0.08126 -0.31458 -296876184952259560105789334427078230016.00000
0.52727 -0.07096 -0.31235 -300879506677418723162397618938660782080.00000
0.52191 -0.05749 -0.32243 -299545126949594479765206129276553789440.00000
0.53069 -0.05870 -0.31609 -302224372411008054473198289329682644992.00000
0.52120 -0.01864 -0.31872 -295547017803703455187896799208551743488.00000
0.53605 -0.03321 -0.32203 -294217728960689728359981720306517540864.00000
0.52324 0.00680 -0.32128 -294212577228650400835694037704690892800.00000
0.53934 -0.00679 -0.32579 -304882848684987489870676327397494620160.00000
0.52725 0.01977 -0.32753 -298210625527312614457992095930939080704.00000
0.53616 0.03322 -0.32131 -303537922104169347604864385164718899200.00000
0.51890 0.04470 -0.31546 -312858176094877777804758321864674115584.00000
0.53017 0.05877 -0.31379 -307520434077075164047617699796481998848.00000
0.51040 0.08053 -0.30516 -302193198347447241855756682404456038400.00000
0.52107 0.06968 -0.30136 -304862018650324539605150933570423881728.00000
0.51158 0.10635 -0.31006 -299524276632521925848010311502231764992.00000
0.52318 0.09617 -0.30703 -288864410052311510119955506749337763840.00000
0.50808 0.11770 -0.30642 -299519043770844183717040933111399972864.00000
0.51925 0.13436 -0.30672 -288869561784350837644243189351164411904.00000
0.50672 0.14315 -0.30870 -299529428364561253372297994104058413056.00000
0.51462 0.14532 -0.30202 -292872883509510000700851473862746963968.00000
0.50385 0.16826 -0.30948 -291533311484827222476031453704310751232.00000
0.51145 0.17068 -0.30242 -290193617765686822341188889862366822400.00000
0.49607 0.18986 -0.30307 -286190336605346866587921453245286842368.00000
0.50037 0.20419 -0.29471 -287524736615580713636783366854645121024.00000
0.48383 0.20662 -0.28975 -295531380065899039749999935877810225152.00000
0.49373 0.21239 -0.28774 -290193638048096425992859313809618108416.00000
0.47051 0.23458 -0.27900 -286200700916654332591508090290693996544.00000
0.48333 0.23053 -0.27866 -286211186922419420505117271019608866816.00000
0.58834 -0.34531 -0.40699 -300884556997410032428333181804231000064.00000
0.54815 -0.28507 -0.36410 -299539752111049512072543783254962995200.00000
0.56628 -0.28008 -0.36364 -299539792675868719375884631149465567232.00000
0.54744 -0.23010 -0.34903 -290203961794584684693105102960522690560.00000
0.55517 -0.23291 -0.33879 -295541724094796902101916148975966093312.00000
0.53477 -0.20252 -0.32615 -292872842944690793397510625968244391936.00000
0.54565 -0.19174 -0.31803 -298210605244903010806321671983687794688.00000
0.53113 -0.16878 -0.31408 -296876184952259560105789334427078230016.00000
0.54635 -0.16104 -0.31291 -300879486395009119510727194991409496064.00000
0.52706 -0.13706 -0.30262 -304882808120168282567335479502992048128.00000
0.54582 -0.13086 -0.30713 -302208673825974828080290154157187268608.00000
0.53029 -0.11095 -0.30272 -306212015833543594788568862616021106688.00000
0.54393 -0.10129 -0.30051 -311549798416165415849050332578715795456.00000
0.53590 -0.08594 -0.30701 -300879486395009119510727194991409496064.00000
0.54005 -0.07370 -0.31134 -300874294098150584683098664495080275968.00000
0.54266 -0.04712 -0.31263 -299560683557760480596421296818290163712.00000
0.55724 -0.06348 -0.31380 -295541784942025713056927420817719951360.00000
0.54725 -0.02065 -0.31755 -304882828402577886219005903450243334144.00000
0.56809 -0.03702 -0.32620 -300869101801292049855470133998751055872.00000
0.54958 0.00657 -0.32021 -300879547242237930465738466833163354112.00000
0.56353 0.00645 -0.31899 -304851573209378658994882600736011583488.00000
0.54957 0.03403 -0.32054 -300879526959828326814068042885912068096.00000
0.55908 0.03447 -0.31347 -299550400376091429199516355561888153600.00000
0.54723 0.06121 -0.31855 -292857286336524792566295458426508017664.00000
0.55814 0.04838 -0.31274 -286216440066506766287757073357691944960.00000
0.54116 0.07356 -0.31104 -296881498943575716843440408606915166208.00000
0.55175 0.08902 -0.30713 -295562635259098266974123238592041975808.00000
0.53561 0.09903 -0.30583 -272872034315976222765729458319083438080.00000
0.54471 0.11460 -0.30069 -292883410080094295917801502486164406272.00000
0.53194 0.12485 -0.30407 -284876766629775969804584933462999302144.00000
0.54452 0.12861 -0.30223 -292878177218416553786832124095332614144.00000
0.53709 0.17041 -0.31841 -295526106639402090315689709592475860992.00000
0.55605 0.16391 -0.32223 -290203961794584684693105102960522690560.00000
0.54683 0.20796 -0.33872 -287519625448360593415836532147321044992.00000
0.56256 0.19959 -0.33673 -288864430334721113771625930696589049856.00000
0.53489 0.21468 -0.32454 -284855977159932226842400387530431135744.00000
0.53955 0.23095 -0.31465 -286211207204829024156787694966860152832.00000
0.51984 0.23312 -0.30939 -271521956003118752975629833484481069056.00000
0.53140 0.23994 -0.30675 -282213057494118792276137517004355534848.00000
0.50005 0.26000 -0.29133 -279539004329563752395773887447555899392.00000
0.52343 0.26492 -0.30329 -283537113475454776973083217515557945344.00000
0.60788 -0.37901 -0.39033 -296891640148377542678652382232558174208.00000
0.61274 -0.36127 -0.39100 -298220888426572062203226613240089804800.00000
0.60047 -0.33100 -0.39368 -300884597562229239731674029698733572096.00000
0.59639 -0.30539 -0.38277 -300879425547780308555715923149655638016.00000
0.56898 -0.24101 -0.33643 -298215756976942338330609354585514442752.00000
0.57893 -0.26426 -0.33195 -303543114401027882432492915661048119296.00000
0.56667 -0.22139 -0.32952 -302219078702101501387217639097096994816.00000
0.58452 -0.21413 -0.32782 -300874192686102566424746544758823845888.00000
0.57327 -0.19207 -0.33147 -296881316401889283978406593081653592064.00000
0.59707 -0.18737 -0.33712 -303532668960082001822224582826635821056.00000
0.57261 -0.15862 -0.32485 -303548326980296020911791870104628625408.00000
0.58345 -0.14590 -0.31524 -300874253533331377379757816600577703936.00000
0.56551 -0.12359 -0.31106 -304877554976080936784695677164908969984.00000
0.58608 -0.11515 -0.31426 -303543154965847089735833763555550691328.00000
0.56230 -0.09249 -0.30335 -304877595540900144088036525059411542016.00000
0.58132 -0.08252 -0.30538 -300869101801292049855470133998751055872.00000
0.57985 -0.05315 -0.32159 -306191287210928662781395588525206798336.00000
0.58583 -0.06861 -0.30949 -300884759821506068945037421276743860224.00000
0.59585 -0.02508 -0.34005 -306186034066841316998755786187123720192.00000
0.61806 -0.02699 -0.34504 -302224352128598450821527865382431358976.00000
0.58191 -0.00861 -0.32228 -310184122930322737924394692307874480128.00000
0.57802 0.00633 -0.31726 -306191226363699851826384316683452940288.00000
0.57324 0.03531 -0.31165 -296881478661166113191769984659663880192.00000
0.58831 0.02123 -0.30947 -300874273815740981031428240547828989952.00000
0.57223 0.04970 -0.31089 -292888622659362434397100456929744912384.00000
0.58682 0.05106 -0.30848 -302234858416773142386807470058597515264.00000
0.56378 0.07689 -0.30196 -300879547242237930465738466833163354112.00000
0.57940 0.09442 -0.30245 -303522365496003346773649217622982524928.00000
0.55777 0.11804 -0.29842 -298205514360092494237045261223615004672.00000
0.57563 0.10823 -0.29930 -300863929786843118679512027449673121792.00000
0.57088 0.15387 -0.31899 -288879926095658303647829826396571566080.00000
0.59662 0.14766 -0.32792 -295541764659616109405256996870468665344.00000
0.58421 0.19374 -0.34124 -290198870909774168123828692200449900544.00000
0.60700 0.18675 -0.34512 -288869582066760441295913613298415697920.00000
0.57988 0.22531 -0.34179 -283537154040273984276424065410060517376.00000
0.60100 0.23699 -0.34672 -282213057494118792276137517004355534848.00000
0.56581 0.23210 -0.32660 -284881979209044108283883887906579808256.00000
0.57036 0.24951 -0.31517 -278225272094716026399073976087258071040.00000
0.54417 0.26467 -0.30868 -283526708599328103666155732575648219136.00000
0.55119 0.26742 -0.29809 -280883809215924272751563285996823904256.00000
0.53513 0.29025 -0.30469 -283537113475454776973083217515557945344.00000
0.55181 0.28568 -0.30294 -280883809215924272751563285996823904256.00000
0.53636 0.30501 -0.29117 -274206454608619673466261795875693002752.00000
0.63220 -0.39574 -0.37123 -295557219855734091978120044675948609536.00000
0.63770 -0.37760 -0.37228 -299560541580893255034728329187531161600.00000
0.62530 -0.34635 -0.37680 -299550156987176185379471268194872721408.00000
0.63816 -0.33148 -0.36272 -299550156987176185379471268194872721408.00000
0.60095 -0.28014 -0.33746 -299539792675868719375884631149465567232.00000
0.61351 -0.26718 -0.32592 -299545045819956065158524433487548645376.00000
0.59543 -0.23708 -0.32309 -299550197551995392682812116089375293440.00000
0.61481 -0.22950 -0.32036 -303543154965847089735833763555550691328.00000
0.61989 -0.19853 -0.34218 -306196357813329575699001575338028302336.00000
0.62916 -0.20128 -0.33015 -303527537510452277949607324172060459008.00000
0.62230 -0.18149 -0.34215 -304861896955866917695128389886916165632.00000
0.64894 -0.17428 -0.34641 -296876184952259560105789334427078230016.00000
0.61954 -0.12685 -0.33208 -300879547242237930465738466833163354112.00000
0.64344 -0.13449 -0.33609 -298215919236219167543972746163524730880.00000
0.61975 -0.10978 -0.33051 -294207303802153451401383811419356528640.00000
0.64353 -0.11642 -0.33438 -295546997521293851536226375261300457472.00000
0.63539 -0.06269 -0.34404 -306201631239826525133311801623362666496.00000
0.65568 -0.08390 -0.34436 -300879425547780308555715923149655638016.00000
0.64590 -0.04710 -0.35489 -302213926970062173862929956495270346752.00000
0.66038 -0.03047 -0.34663 -300889911553545396469325103878570508288.00000
0.61306 -0.00994 -0.31722 -288900776412730857565025644170893590528.00000
0.62472 0.00593 -0.30857 -302224412975827261776539137224185217024.00000
0.60312 0.03709 -0.30632 -296886691240434251671068939103244386304.00000
0.61931 0.02202 -0.30295 -300884759821506068945037421276743860224.00000
0.60728 0.05318 -0.31145 -298215878671399960240631898269022158848.00000
0.62698 0.07170 -0.31247 -300884698974277257990026149434990002176.00000
0.59732 0.08264 -0.30193 -294217708678280124708311296359266254848.00000
0.61819 0.08636 -0.30411 -298215797541761545633950202480017014784.00000
0.61215 0.13546 -0.32277 -295541724094796902101916148975966093312.00000
0.62757 0.12230 -0.31657 -295541724094796902101916148975966093312.00000
0.62424 0.17531 -0.34061 -291533311484827222476031453704310751232.00000
0.63483 0.16000 -0.32784 -284866219776782070935964480892330573824.00000
0.63567 0.21855 -0.35905 -287540435200613940029691502027140497408.00000
0.64570 0.22149 -0.34687 -244822739625930992624647118467354329088.00000
0.61677 0.24470 -0.34325 -278214887500998956743816915094599630848.00000
0.63601 0.23507 -0.33916 -270182323131207163795798541484290998272.00000
0.60019 0.25147 -0.32702 -279549287511232803792678828703957909504.00000
0.60453 0.27014 -0.31390 -283542244925084500845700476170133307392.00000
0.57507 0.28597 -0.30788 -276880487490765109694955001485241352192.00000
0.58224 0.28872 -0.29578 -280883809215924272751563285996823904256.00000
0.56420 0.29398 -0.29854 -279549368640871218399360524492963053568.00000
0.56529 0.30962 -0.28395 -282213098058937999579478364898858106880.00000
0.55944 0.32227 -0.28124 -279544216908831890875072841891136405504.00000
0.65016 -0.41064 -0.36704 -296881255554660473023395321239899734016.00000
0.68176 -0.44068 -0.37587 -298215635282484716420586810902006726656.00000
0.66146 -0.37292 -0.36910 -299550177269585789031141692142124007424.00000
0.71142 -0.39071 -0.39102 -299550156987176185379471268194872721408.00000
0.66125 -0.32532 -0.35947 -296886528981157422457705547525234098176.00000
0.69643 -0.32722 -0.36662 -299539792675868719375884631149465567232.00000
0.65150 -0.27319 -0.34100 -302208673825974828080290154157187268608.00000
0.69406 -0.27865 -0.35659 -299539792675868719375884631149465567232.00000
0.67148 -0.22379 -0.35196 -300869040954063238900458862156997197824.00000
0.69081 -0.23230 -0.34693 -300874233250921773728087392653326417920.00000
0.66524 -0.19980 -0.34269 -298205372383225268675352293592856002560.00000
0.68621 -0.18778 -0.33714 -296881397531527698585088288870658736128.00000
0.66857 -0.16187 -0.34123 -298215919236219167543972746163524730880.00000
0.67902 -0.16431 -0.32800 -291559252686710292962503682238705565696.00000
0.66836 -0.10446 -0.33556 -298231475844385168375187913705261105152.00000
0.67999 -0.12561 -0.32518 -294228133836816401666909205246427267072.00000
0.67446 -0.08732 -0.34032 -296886569545976629761046395419736670208.00000
0.67969 -0.06960 -0.34442 -299555450696082738465451918427458371584.00000
0.68735 -0.03278 -0.35048 -306217268977630940571208664954104184832.00000
0.69927 -0.03350 -0.33789 -298210605244903010806321671983687794688.00000
0.69362 -0.01382 -0.33221 -302208714390794035383631002051689840640.00000
0.68718 0.00531 -0.32603 -299545086384775272461865281382051217408.00000
0.64752 0.04001 -0.31076 -302213947252471777514600380442521632768.00000
0.67933 0.04220 -0.31905 -298210706656951029064673791719944224768.00000
0.66382 0.07737 -0.32816 -302213906687652570211259532548019060736.00000
0.68515 0.06141 -0.32498 -295541784942025713056927420817719951360.00000
0.66039 0.09479 -0.32571 -299545005255136857855183585593046073344.00000
0.68946 0.11947 -0.33191 -299529448646970857023968418051309699072.00000
0.65787 0.13051 -0.32578 -298210605244903010806321671983687794688.00000
0.68369 0.13716 -0.32789 -294207344366972658704724659313859100672.00000
0.68532 0.17704 -0.33298 -286232037239491974422313088793930891264.00000
0.68493 0.19698 -0.33475 -276896186075798336087863136657736728576.00000
0.66349 0.22888 -0.34225 -282187197421874136396346984258965864448.00000
0.68378 0.21684 -0.33603 -274216879767155950424859704762854014976.00000
0.65311 0.24279 -0.33439 -282192328871503860268964242913541226496.00000
0.65917 0.26398 -0.32045 -282192268024275049313952971071787368448.00000
0.63101 0.26761 -0.31754 -286179992576449004236005240147130974208.00000
0.64254 0.29317 -0.31048 -284850683451025673756419737297845485568.00000
0.60765 0.28837 -0.29955 -287509139442595505502227351418406174720.00000
0.61663 0.31243 -0.29142 -284855814900655397629036995952420847616.00000
0.57764 0.31839 -0.27821 -282202632335582515317539608117194522624.00000
0.59662 0.31385 -0.27456 -282192146329817427403930427388279652352.00000
0.56502 0.34375 -0.27248 -275546046915712055342752239981380501504.00000
0.57695 0.35324 -0.26597 -276854444876834020950130653214590107648.00000
0.76337 -0.48815 -0.39535 -299560501016074047731387481293028589568.00000
0.74386 -0.44416 -0.40056 -302213784993194948301236988864511344640.00000
0.77372 -0.43793 -0.39433 -296881316401889283978406593081653592064.00000
0.73889 -0.38376 -0.38581 -300874172403692962773076120811572559872.00000
0.76265 -0.39946 -0.37960 -300884638127048447035014877593236144128.00000
0.73447 -0.32804 -0.37310 -299539792675868719375884631149465567232.00000
0.79035 -0.33764 -0.39162 -296876164669849956454118910479826944000.00000
0.74180 -0.28337 -0.37262 -307546436126187045489101200172630671360.00000
0.78133 -0.27895 -0.37688 -298215797541761545633950202480017014784.00000
0.72412 -0.22607 -0.35034 -300874233250921773728087392653326417920.00000
0.74778 -0.21260 -0.34273 -300858676642755772896872225111590043648.00000
0.69815 -0.17053 -0.32210 -296881377249118094933417864923407450112.00000
0.71888 -0.15626 -0.31419 -298221030403439287764919580870848806912.00000
0.69916 -0.13046 -0.31934 -299555470978492342117122342374709657600.00000
0.71820 -0.11469 -0.31049 -306206864101504267264281180014194458624.00000
0.72003 -0.07556 -0.33393 -296886569545976629761046395419736670208.00000
0.72551 -0.09612 -0.31531 -302213926970062173862929956495270346752.00000
0.72495 -0.05601 -0.33740 -298210605244903010806321671983687794688.00000
0.74651 -0.05845 -0.33077 -304882808120168282567335479502992048128.00000
0.72241 -0.01518 -0.33413 -304877595540900144088036525059411542016.00000
0.74536 0.00476 -0.32864 -299545045819956065158524433487548645376.00000
0.71479 0.04466 -0.32762 -291559293251529500265844530133208137728.00000
0.75452 0.04741 -0.33651 -296876184952259560105789334427078230016.00000
0.72738 0.08666 -0.33993 -295552128970923575408843633915875819520.00000
0.74898 0.08948 -0.33321 -300869040954063238900458862156997197824.00000
0.71431 0.10451 -0.32940 -295557321267782110236472164412205039616.00000
0.73871 0.12987 -0.32686 -292888480682495208835407489298985910272.00000
0.71296 0.16543 -0.33247 -286231976392263163467301816952177033216.00000
0.72413 0.16768 -0.31772 -288874835210847787078553415636498776064.00000
0.70419 0.20359 -0.32861 -284897616946848523721780751237321326592.00000
0.71476 0.20621 -0.31366 -284855977159932226842400387530431135744.00000
0.69192 0.23947 -0.32234 -283521496020059965186856778132067713024.00000
0.71326 0.22691 -0.31463 -282166245692753564220799046748387409920.00000
0.68905 0.25908 -0.32246 -282181822583329168703684638237375070208.00000
0.69854 0.26202 -0.30713 -275509660272883104246011678612573388800.00000
0.67237 0.29100 -0.31313 -283521414890421550580175082343062568960.00000
0.65890 0.30243 -0.30381 -286190296040527659284580605350784270336.00000
0.63927 0.32890 -0.29225 -283516263158382223055887399741235920896.00000
0.66113 0.32236 -0.28673 -279518154012491198478578069673233874944.00000
0.62496 0.33707 -0.28219 -283516283440791826707557823688487206912.00000
0.61831 0.35188 -0.27962 -282181863148148376007025486131877642240.00000
0.61138 0.36625 -0.27689 -283500706550216222224672232199499546624.00000
0.62532 0.37697 -0.26916 -275514913416970450028651480950656466944.00000
0.79994 -0.45667 -0.38750 -291538402369637739045307864464383541248.00000
0.80276 -0.48551 -0.36469 -291543574384086670221265971013461475328.00000
0.78758 -0.41602 -0.37242 -294207283519743847749713387472105242624.00000
0.79248 -0.39113 -0.37222 -300858656360346169245201801164338757632.00000
0.79691 -0.36614 -0.37187 -304861978085505332301810085675921309696.00000
0.82725 -0.35517 -0.36283 -303527537510452277949607324172060459008.00000
0.81976 -0.32550 -0.38318 -303548326980296020911791870104628625408.00000
0.84753 -0.33926 -0.37474 -303532668960082001822224582826635821056.00000
0.80859 -0.26493 -0.36796 -302219098984511105038888063044348280832.00000
0.86824 -0.26427 -0.38121 -303543134683437486084163339608299405312.00000
0.75996 -0.19278 -0.32456 -304877595540900144088036525059411542016.00000
0.83527 -0.19612 -0.35239 -304877595540900144088036525059411542016.00000
0.73857 -0.11913 -0.30279 -302208714390794035383631002051689840640.00000
0.77129 -0.14953 -0.30398 -304877595540900144088036525059411542016.00000
0.76318 -0.08195 -0.31961 -303543154965847089735833763555550691328.00000
0.80140 -0.11171 -0.32312 -302208714390794035383631002051689840640.00000
0.77313 -0.03949 -0.32584 -304877595540900144088036525059411542016.00000
0.80321 -0.06523 -0.32255 -303543154965847089735833763555550691328.00000
0.78872 0.00434 -0.33726 -298205412948044475978693141487358574592.00000
0.82332 -0.01997 -0.33597 -303543154965847089735833763555550691328.00000
0.78908 0.02701 -0.33759 -304872423526451212912078418510333607936.00000
0.82437 0.05205 -0.33690 -300869101801292049855470133998751055872.00000
0.78567 0.07207 -0.33577 -300869101801292049855470133998751055872.00000
0.81761 0.09928 -0.33329 -302203542376345104207672895502611906560.00000
0.77692 0.11583 -0.33072 -295536531797938367274287618479636873216.00000
0.80520 0.14449 -0.32648 -292867650647832258569882095471915171840.00000
0.75302 0.15413 -0.31472 -296870952090581817974819956036246437888.00000
0.77651 0.18273 -0.30857 -291533311484827222476031453704310751232.00000
0.73533 0.19150 -0.30421 -286195528902205401415549983741616062464.00000
0.76630 0.20194 -0.30285 -288864450617130717423296354643840335872.00000
0.72073 0.25024 -0.29910 -274170027400971515066180386612383318016.00000
0.76429 0.24755 -0.30548 -283516324005611034010898671582989778944.00000
0.72335 0.29713 -0.30661 -270177130834348628968170010987961778176.00000
0.73671 0.27942 -0.28977 -268842690259295574615967249484100927488.00000
0.73575 0.35410 -0.32327 -276859718303330970384440879499924471808.00000
0.75667 0.36631 -0.31402 -276870143461867247343038788387085484032.00000
0.70114 0.37564 -0.30174 -278188966581525489909015110507456102400.00000
0.73832 0.37790 -0.30332 -279533832315114821219815780898477965312.00000
0.68367 0.38433 -0.29078 -276859779150559781339452151341678329856.00000
0.74418 0.46408 -0.32001 -256843332784040795269774120361775857664.00000
0.70913 0.48904 -0.32633 -256838120204772656790475165918195351552.00000
0.81025 -0.48785 -0.34080 -290214163846615321483328348427919556608.00000
0.84376 -0.48181 -0.33042 -280868070066071839055314302929825955840.00000
0.84133 -0.45203 -0.35486 -291538402369637739045307864464383541248.00000
0.87538 -0.44305 -0.34369 -283531799484138620235432143335721009152.00000
0.85492 -0.37006 -0.35313 -298189775210240060540796278156617056256.00000
0.87992 -0.41443 -0.34299 -291528058340739876693391651366227673088.00000
0.89769 -0.33556 -0.37659 -299550197551995392682812116089375293440.00000
0.90906 -0.33887 -0.35223 -294202070940475709270414433028524736512.00000
0.89845 -0.30555 -0.37414 -298220928991391269506567461134592376832.00000
0.93015 -0.31885 -0.36295 -294202030375656501967073585134022164480.00000
0.89725 -0.24584 -0.36819 -298215736694532734678938930638263156736.00000
0.94509 -0.23250 -0.36527 -299545045819956065158524433487548645376.00000
0.90913 -0.19241 -0.37217 -304882808120168282567335479502992048128.00000
0.92233 -0.19488 -0.34910 -298210605244903010806321671983687794688.00000
0.88228 -0.12930 -0.35102 -304877615823309747739706949006662828032.00000
0.85963 -0.09729 -0.30614 -296886589828386233412716819366987956224.00000
0.84051 -0.06985 -0.32109 -302208714390794035383631002051689840640.00000
0.85294 -0.07092 -0.30122 -298210625527312614457992095930939080704.00000
0.90979 0.00312 -0.36611 -300869081518882446203799710051499769856.00000
0.90572 -0.02390 -0.33289 -298205392665634872327022717540107288576.00000
0.86510 0.02918 -0.33639 -295531339501079832446659087983307653120.00000
0.92276 0.05878 -0.34359 -295541724094796902101916148975966093312.00000
0.85632 0.10483 -0.33205 -300869081518882446203799710051499769856.00000
0.87385 0.08091 -0.31384 -295536511515528763622617194532385587200.00000
0.85024 0.12915 -0.32893 -299529448646970857023968418051309699072.00000
0.90737 0.13996 -0.33629 -299524215785293114892999039660477906944.00000
0.86120 0.18374 -0.33892 -296865820640952094102202697381671075840.00000
0.90920 0.22501 -0.34174 -291533311484827222476031453704310751232.00000
0.85253 0.23388 -0.33660 -291538544346504964607000832095142543360.00000
0.89725 0.27809 -0.33823 -280863040028490133441049164011507023872.00000
0.85243 0.31609 -0.34366 -276844121130345762249884864063685525504.00000
0.87982 0.32796 -0.33201 -276844121130345762249884864063685525504.00000
0.87785 0.35637 -0.33352 -272840799405186599193276579552102973440.00000
0.87498 0.38467 -0.33469 -271506358830133544841073818048242122752.00000
0.85363 0.40078 -0.32393 -275509680555292707897682102559824674816.00000
0.83185 0.41508 -0.31290 -272846093114093152279257229784688623616.00000
0.79535 0.44877 -0.32337 -270177191681577439923181282829715636224.00000
0.82604 0.44040 -0.31256 -267518735690007608177373668709154947072.00000
0.85107 -0.48411 -0.30514 -279523326026940129654536176222311809024.00000
0.92951 -0.48022 -0.34612 -280857827449221994961750209567926517760.00000
0.98580 -0.44878 -0.37298 -284866260341601278239305328786833145856.00000
0.96206 -0.39891 -0.35531 -287524716333171109985112942907393835008.00000
1.02428 -0.39639 -0.35279 -284840258292489396797821828410684473344.00000
0.96333 -0.33286 -0.35021 -292852012910027843131985232141173653504.00000
0.96260 -0.30008 -0.34724 -291528078623149480345062075313478959104.00000
0.98232 -0.27628 -0.35647 -290198850627364564472158268253198614528.00000
1.01373 -0.25342 -0.33753 -286185144308488331760292922748957622272.00000
0.97388 -0.20955 -0.34765 -290203982076994288344775526907773976576.00000
1.00157 -0.18460 -0.32781 -283531819766548223887102567282972295168.00000
0.98018 -0.14926 -0.34835 -286211065227961798595094727336101150720.00000
0.99357 -0.15111 -0.32232 -282197399473904773186570229726362730496.00000
0.93124 -0.05307 -0.31781 -286195508619795797763879559794364776448.00000
0.99963 -0.05918 -0.32304 -279533791750295613916474933003975393280.00000
1.03446 0.00189 -0.37606 -286195508619795797763879559794364776448.00000
1.02496 -0.02974 -0.33590 -278199351175242559564272171500114542592.00000
1.01316 0.03364 -0.36399 -290203982076994288344775526907773976576.00000
1.04771 0.06737 -0.34797 -280842128864188768568842074395431141376.00000
0.94449 0.11754 -0.32637 -292846840895578911956027125592095719424.00000
1.00111 0.09479 -0.32408 -282171356859973684441745881455711485952.00000
0.96378 0.18062 -0.33957 -284855855465474604932377843846923419648.00000
1.02828 0.16263 -0.34003 -296850284315195696922657953787185987584.00000
0.99876 0.25364 -0.36295 -280857827449221994961750209567926517760.00000
1.03474 0.26394 -0.34779 -286185205155717142715304194590711480320.00000
0.98286 0.28030 -0.35571 -279523427438988147912888295958568239104.00000
0.99917 0.31755 -0.33281 -284855956877522623190729963583179849728.00000
0.95829 0.33174 -0.31304 -282192430283551878527316362649797656576.00000
0.93786 0.35333 -0.30434 -278178723964675645815451017145556664320.00000
0.91647 0.37304 -0.29520 -266158414760300294293709950512653139968.00000
0.91322 0.40256 -0.29614 -266147949036944810031771193730989555712.00000
0.88078 0.41595 -0.31107 -275509680555292707897682102559824674816.00000
0.88972 0.41891 -0.28600 -276813028196423364239124952927464062976.00000
0.82721 0.46803 -0.28831 -262186327945930754809554544768051052544.00000
0.85238 0.48547 -0.27454 -258183026503181195404616684203719786496.00000
1.03457 -0.36320 -0.31960 -274149278495946979407336688574317723648.00000
1.07622 -0.27390 -0.33353 -282161012831075822089829668357555617792.00000
1.14676 -0.29712 -0.32797 -259486151037806211577684871151595028480.00000
1.06896 -0.23610 -0.32827 -279492151963379317037094569297085202432.00000
1.12624 -0.21525 -0.31581 -258156983889250106659792335933068541952.00000
1.08704 -0.13610 -0.33312 -280826612820841975040967754748197339136.00000
1.14199 -0.18209 -0.32143 -260825844756946611712527434993538957312.00000
1.10475 -0.06874 -0.34012 -283495473688538480093702853808667754496.00000
1.13772 -0.10774 -0.31773 -264818721041159894158867386670709211136.00000
1.13963 0.00089 -0.35618 -283495493970948083745373277755919040512.00000
1.21164 -0.03906 -0.34868 -256812077590841568045650817647544107008.00000
1.11298 0.03648 -0.34353 -282166245692753564220799046748387409920.00000
1.21214 0.07875 -0.34907 -258146376189027396836160611520645955584.00000
1.12502 0.14482 -0.35085 -279513002280451870954290387071407226880.00000
1.01304 0.35533 -0.30779 -276849414839252315335865514296271175680.00000
0.98777 0.44576 -0.30293 -255477758710246135603470599827190972416.00000
0.98502 0.47955 -0.30453 -263484341313335650761675897008602218496.00000
0.90632 0.49259 -0.27053 -262170751055355150326668953279063392256.00000
1.19954 -0.15449 -0.30441 -246141948111371704572361495585499381760.00000
1.23046 -0.19954 -0.27568 -200807659438540862469264525031806861312.00000
1.18005 -0.11285 -0.29606 -247476388686424758924564257089360232448.00000
1.16303 -0.10992 -0.25081 -206150573470792407402363253649076912128.00000
1.19458 -0.03789 -0.30078 -246147140408230239399990026081828601856.00000
1.21063 0.00031 -0.26625 -203481712603095902349628154588606496768.00000
1.22947 0.03982 -0.31419 -250155613865428729980885993195237801984.00000
1.17398 -0.11086 -0.21602 -183485954294372640983782549805015760896.00000
