# .PCD v0.7 - Point Cloud Data file format
VERSION 0.7
FIELDS x y z
SIZE 4 4 4
TYPE F F F
COUNT 1 1 1
WIDTH 709
HEIGHT 1
VIEWPOINT 0 0 0 1 0 0 0
POINTS 709
DATA ascii
0.35495 -0.06493 -0.30645 -292857387748572810824647578162764447744.00000
0.35913 -0.07392 -0.30632 -288874835210847787078553415636498776064.00000
0.35524 -0.05729 -0.30469 -291528139470378291300073347155232817152.00000
0.35987 -0.05840 -0.30317 -290209336633129652385767448982113484800.00000
0.35649 -0.04283 -0.30528 -290214528929988187213395979478442704896.00000
0.36220 -0.03661 -0.30623 -287540496047842750984702773868894355456.00000
0.35828 -0.02871 -0.30957 -288869703761218063205936156981923414016.00000
0.36308 -0.02938 -0.30830 -290204164618680721209809342433035550720.00000
0.35802 -0.00637 -0.30482 -291554202366718983696568119373135347712.00000
0.36282 -0.00666 -0.30370 -295557503809468543101505979937466613760.00000
0.35835 0.00088 -0.30578 -284908021822975197028708236177231052800.00000
0.36317 0.00072 -0.30467 -287576902973081305733113759184952754176.00000
0.35666 0.02250 -0.29822 -284871655462555849583638098755675226112.00000
0.36243 0.01552 -0.30135 -292893916368268987483081107162330562560.00000
0.35618 0.03675 -0.29775 -291538666040962586517023375778650259456.00000
0.36119 0.02999 -0.29705 -294207526908659091569758474839120674816.00000
0.35709 0.05186 -0.30495 -279549530900148047612723916070973341696.00000
0.36185 0.05259 -0.30377 -290224994653343671475334736260106289152.00000
0.35641 0.05898 -0.30377 -272892904915458380334595700040656748544.00000
0.36130 0.06769 -0.30554 -291543797490592310389640634433225621504.00000
0.35564 0.07373 -0.30512 -278220201492315113481467989274436567040.00000
0.35461 0.08063 -0.30319 -278209776333778836522870080387275554816.00000
0.35133 0.09300 -0.29427 -290193617765686822341188889862366822400.00000
0.35802 0.08868 -0.29955 -291533372332056033431042725546064609280.00000
0.36325 -0.08315 -0.30569 -290198891192183771775499116147701186560.00000
0.36800 -0.08461 -0.30360 -287524858310038335546805910538152837120.00000
0.36269 -0.07411 -0.29968 -291543756925773103086299786538723049472.00000
0.36427 -0.06738 -0.30309 -295547078650932266142908071050305601536.00000
0.36460 -0.05952 -0.30153 -292878217783235761090172971989835186176.00000
0.36943 -0.06068 -0.29978 -294212638075879211790705309546444750848.00000
0.36600 -0.04463 -0.30243 -288885341499022478643833020312664932352.00000
0.36707 -0.03741 -0.30481 -292873066051196433565885289388008538112.00000
0.36916 -0.03059 -0.31167 -291538584911324171910341679989645115392.00000
0.37514 -0.02360 -0.31209 -295547098933341869794578494997556887552.00000
0.36948 -0.01503 -0.31037 -292888622659362434397100456929744912384.00000
0.37585 -0.01581 -0.31372 -295557503809468543101505979937466613760.00000
0.36923 0.00043 -0.30801 -291564546395616846048484332471291215872.00000
0.37583 0.00802 -0.31206 -292898986970669900400687093975152066560.00000
0.36837 0.02327 -0.30475 -296876347211536389319152726005088518144.00000
0.37470 0.01586 -0.30784 -300905650703397830165574086945568456704.00000
0.36675 0.03805 -0.29977 -291538625476143379213682527884147687424.00000
0.37289 0.03890 -0.30285 -292873025486377226262544441493505966080.00000
0.36734 0.04590 -0.30347 -290219761791665929344365357869274497024.00000
0.37406 0.05522 -0.31015 -291564546395616846048484332471291215872.00000
0.36816 0.06198 -0.31027 -299550400376091429199516355561888153600.00000
0.36724 0.06943 -0.30870 -294212638075879211790705309546444750848.00000
0.36502 0.08395 -0.30477 -286211207204829024156787694966860152832.00000
0.37116 0.07790 -0.30528 -291559374381167914872526225922213281792.00000
0.36268 0.08999 -0.29797 -290214528929988187213395979478442704896.00000
0.36130 0.09680 -0.29544 -288880088354935132861193217974581854208.00000
0.35882 0.10229 -0.28841 -286216419784097162636086649410440658944.00000
0.38181 -0.11077 -0.32143 -292872964639148415307533169651752108032.00000
0.37473 -0.09717 -0.31240 -292873025486377226262544441493505966080.00000
0.38349 -0.09331 -0.31957 -298200423475281977667768850463542214656.00000
0.37983 -0.08067 -0.30302 -292873025486377226262544441493505966080.00000
0.38037 -0.07234 -0.30189 -292873025486377226262544441493505966080.00000
0.37438 -0.06185 -0.29790 -292878197500826157438502548042583900160.00000
0.37943 -0.06306 -0.29589 -292878197500826157438502548042583900160.00000
0.37597 -0.04651 -0.29912 -292893814956220969224728987426074132480.00000
0.38375 -0.04058 -0.30449 -299550359811272221896175507667385581568.00000
0.37952 -0.03202 -0.30855 -296881519225985320495110832554166452224.00000
0.38726 -0.02527 -0.31363 -295547058368522662491237647103054315520.00000
0.38253 -0.01662 -0.31703 -294223063234415488749303218433605763072.00000
0.38808 -0.01710 -0.31535 -291554202366718983696568119373135347712.00000
0.38249 0.00796 -0.31536 -284892404367580385242481796793740820480.00000
0.38805 0.00792 -0.31376 -288890533795881013471461550808994152448.00000
0.38121 0.02411 -0.31117 -284871554050507831325285979019418796032.00000
0.38670 0.02436 -0.30960 -283537113475454776973083217515557945344.00000
0.37970 0.03188 -0.30638 -298210767504179840019685063561698082816.00000
0.38604 0.04072 -0.30889 -302219240961378330600581030675107282944.00000
0.38060 0.05662 -0.31328 -288895726092739548299090081305323372544.00000
0.38605 0.05745 -0.31158 -298236830400520532416179835779600613376.00000
0.37971 0.06452 -0.31186 -292899007253079504052357517922403352576.00000
0.38677 0.07507 -0.31793 -290214488365168979910055131583940132864.00000
0.38007 0.08180 -0.31773 -291559333816348707569185378027710709760.00000
0.37870 0.08951 -0.31540 -290224893241295653216982616523849859072.00000
0.38111 0.09736 -0.30600 -294212577228650400835694037704690892800.00000
0.37940 0.10472 -0.30310 -298215878671399960240631898269022158848.00000
0.36733 0.11310 -0.28570 -295541886354073731315279540553976381440.00000
0.37510 0.10930 -0.29103 -296876306646717182015811878110585946112.00000
0.39583 -0.11829 -0.32678 -298210666092131821761332943825441652736.00000
0.39508 -0.10728 -0.32035 -292872924074329208004192321757249536000.00000
0.39595 -0.09818 -0.31953 -295552169535742782712184481810378391552.00000
0.38557 -0.07370 -0.29959 -299539995499964755892588870621978427392.00000
0.39667 -0.08908 -0.31849 -298215878671399960240631898269022158848.00000
0.38628 -0.05687 -0.29695 -300879628371876345072420162622168498176.00000
0.39165 -0.05801 -0.29472 -302208815802842053641983121787946270720.00000
0.38780 -0.04926 -0.29989 -298215939518628771195643170110776016896.00000
0.39472 -0.04238 -0.30046 -306222522121718286353848467292187262976.00000
0.39038 -0.03352 -0.30492 -300889992683183811076006799667575652352.00000
0.39866 -0.02655 -0.30976 -295562574411869456019111966750288117760.00000
0.39376 -0.01759 -0.31353 -290219761791665929344365357869274497024.00000
0.39958 -0.01809 -0.31156 -294233386980903747449549007584510345216.00000
0.39494 -0.00068 -0.31609 -299566078678715051940754066787132243968.00000
0.39958 0.00785 -0.31017 -306243392721200443922714709013760573440.00000
0.39379 0.02482 -0.31259 -303553722101250592256124640073470705664.00000
0.39971 0.01647 -0.31062 -304914083595777113443129206164475084800.00000
0.39308 0.04168 -0.31182 -307556982979180944357721652743299399680.00000
0.39936 0.03370 -0.31049 -304914083595777113443129206164475084800.00000
0.39163 0.05831 -0.30975 -298231638103661997588551305283271393280.00000
0.39976 0.05130 -0.31375 -304914083595777113443129206164475084800.00000
0.39238 0.07622 -0.31594 -291538483499276153651989560253388685312.00000
0.39812 0.07739 -0.31379 -294212617793469608139034885599193464832.00000
0.38948 0.09226 -0.31128 -295541845789254524011938692659473809408.00000
0.39667 0.08562 -0.31154 -295547078650932266142908071050305601536.00000
0.38640 0.09884 -0.30382 -291543756925773103086299786538723049472.00000
0.39134 0.10919 -0.30305 -298215919236219167543972746163524730880.00000
0.38785 0.11523 -0.29510 -306222603251356700960530163081192407040.00000
0.38432 0.12089 -0.28713 -300884840951144483551719117065749004288.00000
0.38204 0.12765 -0.28340 -295547078650932266142908071050305601536.00000
0.40139 -0.12023 -0.32338 -304882828402577886219005903450243334144.00000
0.40572 -0.13154 -0.31998 -300879506677418723162397618938660782080.00000
0.40063 -0.10909 -0.31716 -298210645809722218109662519878190366720.00000
0.40920 -0.10333 -0.31876 -295552210100561990015525329704880963584.00000
0.40235 -0.09069 -0.31560 -298221030403439287764919580870848806912.00000
0.40879 -0.08299 -0.31155 -292893713544172950966376867689817702400.00000
0.39838 -0.06890 -0.29825 -299555470978492342117122342374709657600.00000
0.40402 -0.07024 -0.29555 -291559252686710292962503682238705565696.00000
0.39886 -0.05134 -0.29542 -299555470978492342117122342374709657600.00000
0.40623 -0.05325 -0.29757 -299565896137028619075720251261870669824.00000
0.40338 -0.03569 -0.30541 -304898445857972698005232342833733566464.00000
0.41060 -0.02789 -0.30526 -304882828402577886219005903450243334144.00000
0.40466 -0.00962 -0.30619 -303564045847738850956370429224375287808.00000
0.41073 -0.00999 -0.30396 -310220590702790103627816949465686736896.00000
0.40522 -0.00094 -0.30734 -306232967562664166964116800126599561216.00000
0.40999 0.00780 -0.30133 -314229125007217405163724188420849795072.00000
0.40562 0.02537 -0.30870 -307572539587346945188936820285035773952.00000
0.41183 0.01671 -0.30641 -310230975296507173283074010458345177088.00000
0.41144 0.03459 -0.30624 -310230975296507173283074010458345177088.00000
0.41439 0.04436 -0.31517 -308896534721454118930871248954484326400.00000
0.40913 0.05319 -0.32146 -307572539587346945188936820285035773952.00000
0.42005 0.06527 -0.33330 -304888020699436421046634433946572554240.00000
0.40565 0.07951 -0.31637 -296881478661166113191769984659663880192.00000
0.41173 0.08075 -0.31385 -299550339528862618244505083720134295552.00000
0.40236 0.09626 -0.31135 -298215919236219167543972746163524730880.00000
0.41008 0.08935 -0.31143 -298215898953809563892302322216273444864.00000
0.40045 0.10434 -0.30839 -295547038086113058839567223155803029504.00000
0.40793 0.10724 -0.31049 -298215878671399960240631898269022158848.00000
0.39615 0.11980 -0.30163 -291543756925773103086299786538723049472.00000
0.39917 0.12903 -0.29483 -278199351175242559564272171500114542592.00000
0.39653 0.13619 -0.29074 -292878197500826157438502548042583900160.00000
0.40979 -0.14295 -0.31584 -300889911553545396469325103878570508288.00000
0.41136 -0.13360 -0.31600 -299555470978492342117122342374709657600.00000
0.42077 -0.12832 -0.31769 -291543675796134688479618090749717905408.00000
0.41715 -0.10688 -0.32089 -296881478661166113191769984659663880192.00000
0.42324 -0.10874 -0.31715 -291554161801899776393227271478632775680.00000
0.42419 -0.09886 -0.31653 -282213098058937999579478364898858106880.00000
0.42495 -0.08895 -0.31566 -284887130941083435808171570508406456320.00000
0.41528 -0.07506 -0.30734 -290224852676476445913641768629347287040.00000
0.42341 -0.07775 -0.30926 -295547038086113058839567223155803029504.00000
0.41576 -0.05613 -0.30443 -300900377276900880731263860660234092544.00000
0.42386 -0.04852 -0.30457 -307551750117503202226752274352467607552.00000
0.41544 -0.03736 -0.30046 -312879107541588746328635835428001284096.00000
0.42308 -0.02929 -0.30005 -314213507551822593377497749037359562752.00000
0.41517 -0.01010 -0.29698 -310215357841112361496847571074854944768.00000
0.42237 -0.01982 -0.29738 -306201651522236128784982225570613952512.00000
0.41579 -0.00120 -0.29817 -316887520151558425954520530699656626176.00000
0.42210 -0.00141 -0.29564 -314208274690144851246528370646527770624.00000
0.41803 0.02595 -0.30414 -308880917266059307144644809570994094080.00000
0.42268 0.01687 -0.29695 -311544585836897277369751378135135289344.00000
0.41770 0.03505 -0.30386 -310215357841112361496847571074854944768.00000
0.42931 0.04613 -0.31494 -311554990713023950676678863075045015552.00000
0.42669 0.06628 -0.33060 -306217248695221336919538241006852898816.00000
0.43467 0.05755 -0.32928 -311554990713023950676678863075045015552.00000
0.42174 0.08400 -0.32119 -303553640971612177649442944284465561600.00000
0.43202 0.07694 -0.32573 -304888020699436421046634433946572554240.00000
0.42244 0.09219 -0.30568 -299555470978492342117122342374709657600.00000
0.42228 0.10207 -0.30760 -299545086384775272461865281382051217408.00000
0.41762 0.11165 -0.31755 -302219200396559123297240182780604710912.00000
0.42330 0.12345 -0.31572 -298215878671399960240631898269022158848.00000
0.41546 0.14142 -0.32153 -291564607242845657003495604313045073920.00000
0.42152 0.14351 -0.31781 -292904240114757246183326896313235144704.00000
0.41053 0.14726 -0.31165 -295567928968004820060103888824627625984.00000
0.41692 0.16113 -0.31343 -296891944384521597453708741441327464448.00000
0.42335 -0.14979 -0.31270 -304898445857972698005232342833733566464.00000
0.42706 -0.16157 -0.30694 -300889891271135792817654679931319222272.00000
0.42514 -0.14014 -0.31314 -295562574411869456019111966750288117760.00000
0.43107 -0.14229 -0.30840 -298236647858834099551146020254339039232.00000
0.42819 -0.12054 -0.31339 -291569698127656173572772015073117863936.00000
0.43810 -0.11442 -0.31458 -290240510696690465003209055907340091392.00000
0.43355 -0.09211 -0.31747 -300900417841720088034604708554736664576.00000
0.44167 -0.10590 -0.31986 -298226384959574651805911502945188315136.00000
0.43190 -0.08054 -0.31102 -298215919236219167543972746163524730880.00000
0.44354 -0.07429 -0.31675 -300884759821506068945037421276743860224.00000
0.43463 -0.06143 -0.31339 -303548428392344039170143989840885055488.00000
0.44594 -0.05416 -0.31852 -302213987817290984817941228337024204800.00000
0.43003 -0.03976 -0.29946 -311544626401716484673092226029637861376.00000
0.44038 -0.03187 -0.30353 -304882868967397093522346751344745906176.00000
0.42785 -0.01086 -0.29168 -310210185826663430320889464525777010688.00000
0.43440 -0.01125 -0.28872 -307551750117503202226752274352467607552.00000
0.42855 -0.00163 -0.29292 -310210185826663430320889464525777010688.00000
0.43562 0.00762 -0.29085 -307551750117503202226752274352467607552.00000
0.43102 0.02656 -0.29884 -314218699848681128205126279533688782848.00000
0.43783 0.01723 -0.29581 -310215378123521965148517995022106230784.00000
0.43467 0.03669 -0.30790 -314223892145539663032754810030018002944.00000
0.44301 0.04750 -0.30890 -307562114428810668230338911397874761728.00000
0.44167 0.05843 -0.32621 -307562114428810668230338911397874761728.00000
0.44040 0.06838 -0.32458 -303558772421241901522060202939040923648.00000
0.43455 0.07631 -0.31233 -306217248695221336919538241006852898816.00000
0.43281 0.08565 -0.31000 -306217268977630940571208664954104184832.00000
0.42861 0.10368 -0.30429 -298215858388990356588961474321770872832.00000
0.43740 0.09628 -0.30386 -299545066102365668810194857434799931392.00000
0.43236 0.11664 -0.31592 -299550319246453014592834659772883009536.00000
0.44119 0.12001 -0.31737 -296897055551741717674655576148651540480.00000
0.42984 0.14763 -0.31924 -295567888403185612756763040930125053952.00000
0.43962 0.14131 -0.31972 -294228214966454816273590901035432411136.00000
0.43479 0.16014 -0.31538 -298221111533077702371601276659853950976.00000
0.43093 0.16799 -0.31004 -302219240961378330600581030675107282944.00000
0.42479 0.17304 -0.29924 -304877717235357765998059068742919258112.00000
0.43861 -0.17867 -0.30048 -302213886405242966559589108600767774720.00000
0.43277 -0.16380 -0.30156 -296881316401889283978406593081653592064.00000
0.44355 -0.15916 -0.30294 -294228093271997194363568357351924695040.00000
0.44147 -0.13688 -0.30973 -286247512718019560646846560546662121472.00000
0.44574 -0.14917 -0.30387 -283568145562148364028831856810025549824.00000
0.44572 -0.12886 -0.31582 -292909371564386970055944154967810506752.00000
0.45223 -0.13097 -0.31078 -292893774391401761921388139531571560448.00000
0.45096 -0.10963 -0.32123 -295557503809468543101505979937466613760.00000
0.46164 -0.10233 -0.32174 -296881478661166113191769984659663880192.00000
0.45829 -0.07971 -0.32971 -303553661254021781301113368231716847616.00000
0.46562 -0.08127 -0.32531 -311560284421930503762659513307630665728.00000
0.46110 -0.06967 -0.33374 -306217309542450147874549512848606756864.00000
0.46860 -0.07108 -0.32943 -311565436153969831286947195909457313792.00000
0.46218 -0.03644 -0.33161 -302219240961378330600581030675107282944.00000
0.47071 -0.04888 -0.33055 -300884780103915672596707845223995146240.00000
0.45590 -0.02421 -0.31741 -302214028382110192121282076231526776832.00000
0.45704 -0.01326 -0.30041 -303558873833289919780412322675297353728.00000
0.44450 0.00755 -0.29216 -306217350107269355177890360743109328896.00000
0.45149 0.00750 -0.28874 -298221111533077702371601276659853950976.00000
0.44898 0.02765 -0.30193 -300884759821506068945037421276743860224.00000
0.45628 0.01771 -0.29838 -304893273843523766829274236284655632384.00000
0.46301 0.03941 -0.31265 -299560724122579687899762144712792735744.00000
0.47008 0.05174 -0.32760 -295562594694279059670782390697539403776.00000
0.46120 0.06171 -0.33012 -296897055551741717674655576148651540480.00000
0.46886 0.06267 -0.32620 -296897035269332114022985152201400254464.00000
0.45795 0.08271 -0.32610 -304861978085505332301810085675921309696.00000
0.46861 0.09689 -0.33041 -294212617793469608139034885599193464832.00000
0.45334 0.11401 -0.32243 -295562614976688663322452814644790689792.00000
0.46332 0.10587 -0.32166 -295541906636483334966949964501227667456.00000
0.44968 0.13449 -0.31987 -291564485548388035093473060629537357824.00000
0.45998 0.12714 -0.31962 -294217830372737746618333840042773970944.00000
0.44749 0.15631 -0.32148 -292893733826582554618047291637068988416.00000
0.45684 0.16088 -0.32223 -294212556946240797184023613757439606784.00000
0.44352 0.16473 -0.31619 -298215898953809563892302322216273444864.00000
0.43939 0.17275 -0.31065 -302208815802842053641983121787946270720.00000
0.43070 0.18750 -0.29890 -304867312359231092691131583803009531904.00000
0.43648 0.18991 -0.29355 -302198431209124983986726060795287830528.00000
0.44715 -0.18426 -0.30033 -299545025537546461506854009540297359360.00000
0.45599 -0.19004 -0.29989 -302213926970062173862929956495270346752.00000
0.44987 -0.17437 -0.30177 -299550258399224203637823387931129151488.00000
0.45855 -0.16658 -0.29684 -294228214966454816273590901035432411136.00000
0.45192 -0.15138 -0.29826 -294228174401635608970250053140929839104.00000
0.46338 -0.14584 -0.29910 -294212638075879211790705309546444750848.00000
0.45881 -0.13309 -0.30547 -300879547242237930465738466833163354112.00000
0.47025 -0.12659 -0.30601 -303522365496003346773649217622982524928.00000
0.46770 -0.11548 -0.31726 -299545147232004083416876553223805075456.00000
0.47916 -0.10791 -0.31739 -304872443808860816563748842457584893952.00000
0.47564 -0.09610 -0.32778 -299545106667184876113535705329302503424.00000
0.48322 -0.09789 -0.32256 -304877615823309747739706949006662828032.00000
0.47928 -0.07380 -0.33072 -310220590702790103627816949465686736896.00000
0.48714 -0.07528 -0.32575 -306212036115953198440239286563272392704.00000
0.48155 -0.05088 -0.33197 -300879547242237930465738466833163354112.00000
0.48961 -0.05199 -0.32720 -307541304676557321616483941518055309312.00000
0.47647 -0.02654 -0.32019 -303553640971612177649442944284465561600.00000
0.48583 -0.01590 -0.31766 -304888040981846024698304857893823840256.00000
0.46282 -0.00304 -0.29321 -292893733826582554618047291637068988416.00000
0.48163 0.00719 -0.30952 -302224352128598450821527865382431358976.00000
0.46596 0.02858 -0.29935 -300895124132813534948624058322151014400.00000
0.48186 0.01846 -0.30999 -302219159831739915993899334886102138880.00000
0.48401 0.04140 -0.31467 -300895124132813534948624058322151014400.00000
0.48899 0.05396 -0.32446 -300900336712081673427923012765731520512.00000
0.48079 0.07654 -0.33119 -282218209226158119800425199606182182912.00000
0.49068 0.06628 -0.32854 -294228133836816401666909205246427267072.00000
0.48228 0.10115 -0.33746 -286216419784097162636086649410440658944.00000
0.49297 0.09145 -0.33555 -298226384959574651805911502945188315136.00000
0.47944 0.11202 -0.33406 -294223083516825092400973642380857049088.00000
0.47629 0.12256 -0.33024 -288890493231061806168120702914491580416.00000
0.46911 0.14254 -0.32147 -292893733826582554618047291637068988416.00000
0.48032 0.13481 -0.32082 -290219599532389100131001966291264208896.00000
0.46797 0.15412 -0.32225 -295546997521293851536226375261300457472.00000
0.47359 0.16802 -0.31703 -287540374353385129074680230185386639360.00000
0.46200 0.17441 -0.31703 -295536633209986385532639738215893303296.00000
0.46669 0.18799 -0.31086 -287529989759668059419423169192728199168.00000
0.44972 0.18784 -0.29942 -287530030324487266722764017087230771200.00000
0.45332 0.20045 -0.29242 -296871033220220232581501651825251581952.00000
0.45054 0.21041 -0.29110 -288869582066760441295913613298415697920.00000
0.47205 -0.20369 -0.31231 -300884698974277257990026149434990002176.00000
0.47823 -0.20611 -0.30461 -295572959005586525674369027742946557952.00000
0.48254 -0.20051 -0.32776 -300889870988726189165984255984067936256.00000
0.49625 -0.19523 -0.32844 -298215817824171149285620626427268300800.00000
0.47056 -0.16139 -0.29760 -299545106667184876113535705329302503424.00000
0.48302 -0.15564 -0.29803 -298210666092131821761332943825441652736.00000
0.48039 -0.13093 -0.30593 -304867170382363867129438616172250529792.00000
0.48749 -0.13307 -0.29970 -304877554976080936784695677164908969984.00000
0.48661 -0.10984 -0.31176 -306206864101504267264281180014194458624.00000
0.49268 -0.12367 -0.30582 -303553519277154555739420400600957845504.00000
0.49090 -0.09971 -0.31703 -303537962668988554908205233059221471232.00000
0.50287 -0.09083 -0.31611 -300879506677418723162397618938660782080.00000
0.49851 -0.07815 -0.32638 -302208694108384431731960578104438554624.00000
0.51018 -0.06817 -0.32476 -300879547242237930465738466833163354112.00000
0.50117 -0.05410 -0.32796 -307546476691006252792442048067133243392.00000
0.50960 -0.05527 -0.32245 -308860168361034771485801111532928499712.00000
0.49885 -0.02905 -0.32192 -303543175248256693387504187502801977344.00000
0.50893 -0.01769 -0.31871 -302187965485769499724787304013624246272.00000
0.49825 -0.00494 -0.31983 -303558772421241901522060202939040923648.00000
0.51012 -0.00545 -0.32023 -304856846635875608429192827021345947648.00000
0.49271 0.03039 -0.31053 -300879506677418723162397618938660782080.00000
0.50747 0.03139 -0.31611 -291559212121891085659162834344202993664.00000
0.49727 0.05479 -0.31962 -299555470978492342117122342374709657600.00000
0.51018 0.04406 -0.32103 -304887980134617213743293586052069982208.00000
0.50032 0.08006 -0.32716 -298205554924911701540386109118117576704.00000
0.51085 0.06928 -0.32390 -307530859235611441006215608683643011072.00000
0.50186 0.10590 -0.33311 -300869264060568879068833525576761344000.00000
0.51327 0.09574 -0.33063 -295546997521293851536226375261300457472.00000
0.49503 0.12826 -0.32543 -290198830344954960820487844305947328512.00000
0.50683 0.11913 -0.32369 -295536633209986385532639738215893303296.00000
0.48687 0.14902 -0.31613 -294217728960689728359981720306517540864.00000
0.49888 0.14099 -0.31501 -295541724094796902101916148975966093312.00000
0.48386 0.17298 -0.31681 -288869642913989252250924885140169555968.00000
0.49629 0.16585 -0.31617 -292878116371187742831820852253578756096.00000
0.47645 0.19341 -0.31031 -291522947173519756472444816658903597056.00000
0.48897 0.18731 -0.31004 -282192268024275049313952971071787368448.00000
0.47083 0.20152 -0.30371 -295515782892913831615443920441571278848.00000
0.47439 0.21490 -0.29559 -291533352049646429779372301598813323264.00000
0.47443 0.22911 -0.29990 -288869663196398855902595309087420841984.00000
0.49279 -0.23293 -0.31552 -302213866122833362907918684653516488704.00000
0.49899 -0.23535 -0.30646 -300884638127048447035014877593236144128.00000
0.49996 -0.20973 -0.31898 -284876624652908744242891965832240300032.00000
0.50667 -0.21226 -0.31038 -295552128970923575408843633915875819520.00000
0.50623 -0.18564 -0.32164 -296871053502629836233172075772502867968.00000
0.52076 -0.17922 -0.32152 -298205554924911701540386109118117576704.00000
0.51075 -0.15716 -0.30280 -300863990634071929634523299291426979840.00000
0.51314 -0.14490 -0.30361 -299534701791058202806608220389392777216.00000
0.50373 -0.12798 -0.30515 -298215756976942338330609354585514442752.00000
0.51687 -0.11984 -0.30425 -298210605244903010806321671983687794688.00000
0.51467 -0.09420 -0.31583 -302213947252471777514600380442521632768.00000
0.52209 -0.10902 -0.30990 -302213926970062173862929956495270346752.00000
0.52251 -0.07084 -0.32473 -296876225517078767409130182321580802048.00000
0.53124 -0.07226 -0.31823 -303548428392344039170143989840885055488.00000
0.52191 -0.05749 -0.32243 -299550319246453014592834659772883009536.00000
0.53362 -0.04610 -0.31932 -296876286364307578364141454163334660096.00000
0.52315 -0.03177 -0.32237 -300884759821506068945037421276743860224.00000
0.53605 -0.03321 -0.32203 -295541845789254524011938692659473809408.00000
0.52699 0.00675 -0.32707 -294212577228650400835694037704690892800.00000
0.53934 -0.00679 -0.32579 -302214048664519795772952500178778062848.00000
0.52725 0.01977 -0.32753 -294228174401635608970250053140929839104.00000
0.54044 0.02011 -0.32728 -296881478661166113191769984659663880192.00000
0.52497 0.05861 -0.32559 -304877595540900144088036525059411542016.00000
0.53795 0.06029 -0.32523 -302213947252471777514600380442521632768.00000
0.52470 0.08490 -0.32742 -298200261216005148454405458885531926528.00000
0.53363 0.08626 -0.32107 -291538503781685757303659984200639971328.00000
0.52194 0.09728 -0.32461 -292857326901343999869636306321010589696.00000
0.53122 0.11266 -0.32063 -290204144336271117558138918485784264704.00000
0.51881 0.12277 -0.32336 -292857367466163207172977154215513161728.00000
0.52732 0.12470 -0.31672 -286205994625560885677488740523279646720.00000
0.51274 0.16047 -0.32097 -292867630365422654918211671524663885824.00000
0.52470 0.16535 -0.31991 -292857225489295981611284186584754159616.00000
0.51119 0.17345 -0.32137 -291533291202417618824361029757059465216.00000
0.51903 0.17595 -0.31408 -290188466033647494816901207260540174336.00000
0.50325 0.19583 -0.31492 -284861149174381158018358494079509069824.00000
0.51449 0.20164 -0.31344 -284866341471239692845987024575838289920.00000
0.49413 0.21656 -0.30710 -291538463216866550000319136306137399296.00000
0.50864 0.22651 -0.31156 -286211105792781005898435575230603722752.00000
0.48760 0.23941 -0.30428 -287545647779882078508990456470721003520.00000
0.49010 0.25305 -0.29405 -279554642067368167833670750778297417728.00000
0.53824 -0.28759 -0.33216 -299550116422356978076130420300370149376.00000
0.51957 -0.25363 -0.31958 -298215756976942338330609354585514442752.00000
0.54720 -0.26074 -0.33582 -298215756976942338330609354585514442752.00000
0.53136 -0.21567 -0.32483 -291548827528174016003905773351544553472.00000
0.54392 -0.22297 -0.32274 -294217688395870521056640872412014968832.00000
0.53987 -0.20678 -0.33376 -292878116371187742831820852253578756096.00000
0.55087 -0.19571 -0.32533 -298215878671399960240631898269022158848.00000
0.53579 -0.17210 -0.32090 -295541784942025713056927420817719951360.00000
0.54866 -0.17809 -0.31903 -292872863227100397049181049915495677952.00000
0.53133 -0.13960 -0.30878 -304877554976080936784695677164908969984.00000
0.55858 -0.15310 -0.32696 -302208714390794035383631002051689840640.00000
0.53540 -0.09949 -0.30803 -302208734673203639035301425998941126656.00000
0.54832 -0.10314 -0.30640 -311549757851346208545709484684213223424.00000
0.54008 -0.08751 -0.31290 -300874334662969791986439512389582848000.00000
0.55332 -0.07654 -0.30986 -298195129766375424581788200230956564480.00000
0.54372 -0.06105 -0.31517 -303522507472870572335342185253741527040.00000
0.55724 -0.06348 -0.31380 -298200261216005148454405458885531926528.00000
0.54725 -0.02065 -0.31755 -306186176043708542560448753817882722304.00000
0.56341 -0.03626 -0.32003 -288859197473043371640656552305757257728.00000
0.54958 0.00657 -0.32021 -303532932631406849293940094140902539264.00000
0.56718 -0.00798 -0.32395 -300863970351662325982852875344175693824.00000
0.55415 0.02046 -0.32661 -302208856367661260945323969682448842752.00000
0.56350 0.03486 -0.31929 -300864031198891136937864147185929551872.00000
0.54869 0.04769 -0.31983 -283542184077855689890689204328379449344.00000
0.56097 0.06297 -0.31720 -291533352049646429779372301598813323264.00000
0.54521 0.07455 -0.31670 -294212577228650400835694037704690892800.00000
0.54265 0.08763 -0.31431 -287556072938418355467588365357882015744.00000
0.53957 0.10041 -0.31139 -267539464312622540184546942799969255424.00000
0.54001 0.11445 -0.31365 -275546128045350469949433935770385645568.00000
0.54373 0.14473 -0.32295 -287556052656008751815917941410630729728.00000
0.55758 0.13447 -0.31980 -294207466061430280614747202997366816768.00000
0.54281 0.15898 -0.32404 -292883349232865484962790230644410548224.00000
0.55457 0.17849 -0.32282 -291543635231315481176277242855215333376.00000
0.53100 0.18125 -0.31240 -290188526880876305771912479102294032384.00000
0.53654 0.19717 -0.30372 -279544237191241494526743265838387691520.00000
0.52314 0.22050 -0.31060 -275556451791838728649679724921290227712.00000
0.53368 0.21032 -0.30290 -282223523217474276538076273786019119104.00000
0.51565 0.22922 -0.30305 -276896084663750317829511016921480298496.00000
0.51205 0.24129 -0.30149 -278225414071583251960766943718017073152.00000
0.50005 0.26000 -0.29133 -278214988913046975002169034830856060928.00000
0.51895 0.26023 -0.29672 -280873444904616806747976648951416750080.00000
0.58660 -0.33210 -0.35607 -298226101005840200682525567683670310912.00000
0.56931 -0.29784 -0.35019 -299560541580893255034728329187531161600.00000
0.58861 -0.29289 -0.34887 -299545045819956065158524433487548645376.00000
0.58588 -0.27063 -0.34091 -302213926970062173862929956495270346752.00000
0.59019 -0.25530 -0.34232 -299539833240687926679225479043968139264.00000
0.57277 -0.22631 -0.33767 -299555450696082738465451918427458371584.00000
0.59100 -0.21890 -0.33593 -302208673825974828080290154157187268608.00000
0.57925 -0.19619 -0.33932 -295541724094796902101916148975966093312.00000
0.59707 -0.18737 -0.33712 -306217167565582922312856545217847754752.00000
0.59175 -0.15260 -0.34696 -303543154965847089735833763555550691328.00000
0.60766 -0.15833 -0.34465 -303537942386578951256534809111970185216.00000
0.59898 -0.13925 -0.35380 -304877554976080936784695677164908969984.00000
0.61593 -0.12736 -0.35014 -302213805275604551952907412811762630656.00000
0.57710 -0.09786 -0.32206 -306211995551133991136898438668769820672.00000
0.59737 -0.08745 -0.32450 -300874233250921773728087392653326417920.00000
0.57985 -0.05315 -0.32159 -302208714390794035383631002051689840640.00000
0.59107 -0.06995 -0.31571 -303538003233807762211546080953724043264.00000
0.59047 -0.02448 -0.33334 -299539833240687926679225479043968139264.00000
0.60949 -0.04216 -0.33558 -304872423526451212912078418510333607936.00000
0.58696 -0.00892 -0.32857 -303543154965847089735833763555550691328.00000
0.59827 0.00614 -0.32114 -306206843819094663612610756066943172608.00000
0.58831 0.02123 -0.30947 -300874273815740981031428240547828989952.00000
0.58792 0.03619 -0.30928 -300874273815740981031428240547828989952.00000
0.57056 0.06393 -0.30952 -299545106667184876113535705329302503424.00000
0.58197 0.05041 -0.30275 -304882808120168282567335479502992048128.00000
0.56826 0.07794 -0.30757 -300884759821506068945037421276743860224.00000
0.57777 0.07914 -0.29939 -299555450696082738465451918427458371584.00000
0.56677 0.12155 -0.30983 -292867812907109087783245487049925459968.00000
0.58043 0.10982 -0.30503 -298200301780824355757746306780034498560.00000
0.58653 0.16162 -0.33905 -288864410052311510119955506749337763840.00000
0.60821 0.15270 -0.34189 -294197000338074796352808446215703232512.00000
0.59132 0.18085 -0.34769 -286211085510371402246765151283352436736.00000
0.60553 0.20365 -0.34607 -280883890345562687358244981785829048320.00000
0.56605 0.19890 -0.32049 -280889062360011618534203088334906982400.00000
0.58862 0.22824 -0.33129 -282202672900401722620880456011697094656.00000
0.55543 0.22403 -0.31278 -284892384085170781590811372846489534464.00000
0.57036 0.24951 -0.31517 -286195549184615005067220407688867348480.00000
0.53920 0.25989 -0.30187 -282192227459455842010612123177284796416.00000
0.55119 0.26742 -0.29809 -286179931729220193280993968305377116160.00000
0.52542 0.26283 -0.28688 -283526668034508896362814884681145647104.00000
0.54141 0.27512 -0.28929 -283537113475454776973083217515557945344.00000
0.51148 0.28063 -0.27572 -278214968630637371350498610883604774912.00000
0.52167 0.28811 -0.27142 -272882439192102896072656943258993164288.00000
0.61502 -0.38153 -0.37478 -290229902996467755179577331494917505024.00000
0.63770 -0.37760 -0.37228 -296896893292464888461292184570641252352.00000
0.61602 -0.33677 -0.36523 -298220989838620080461578732976346234880.00000
0.64299 -0.35933 -0.37329 -299555430413673134813781494480207085568.00000
0.62136 -0.27770 -0.35804 -298205392665634872327022717540107288576.00000
0.64759 -0.29550 -0.36470 -299539833240687926679225479043968139264.00000
0.61740 -0.25429 -0.34933 -300874273815740981031428240547828989952.00000
0.63810 -0.24616 -0.34637 -300874233250921773728087392653326417920.00000
0.61989 -0.19853 -0.34218 -304877514411261729481354829270406397952.00000
0.62916 -0.20128 -0.33015 -302208633261155620776949306262684696576.00000
0.62955 -0.18555 -0.35053 -298205311535996457720341021751102144512.00000
0.64894 -0.17428 -0.34641 -299539833240687926679225479043968139264.00000
0.63247 -0.15013 -0.34888 -303537901821759743953193961217467613184.00000
0.65080 -0.13742 -0.34398 -298210625527312614457992095930939080704.00000
0.63227 -0.09663 -0.34305 -299545066102365668810194857434799931392.00000
0.64353 -0.11642 -0.33438 -296886589828386233412716819366987956224.00000
0.63539 -0.06269 -0.34404 -303548428392344039170143989840885055488.00000
0.65568 -0.08390 -0.34436 -296886589828386233412716819366987956224.00000
0.65595 -0.03055 -0.36542 -294228174401635608970250053140929839104.00000
0.68007 -0.05159 -0.36804 -302219139549330312342228910938850852864.00000
0.65805 -0.01263 -0.36732 -291569698127656173572772015073117863936.00000
0.67121 0.00538 -0.35742 -302219159831739915993899334886102138880.00000
0.62029 0.02222 -0.32517 -291569698127656173572772015073117863936.00000
0.63051 0.03899 -0.31499 -300884719256686861641696573382241288192.00000
0.60728 0.05318 -0.31145 -298221030403439287764919580870848806912.00000
0.62112 0.07066 -0.30630 -300884678691867654338355725487738716160.00000
0.60258 0.08384 -0.30782 -295541724094796902101916148975966093312.00000
0.62998 0.08903 -0.31658 -299550238116814599986152963983877865472.00000
0.62432 0.14005 -0.33656 -295541784942025713056927420817719951360.00000
0.64707 0.12860 -0.33733 -295541744377206505753586572923217379328.00000
0.63783 0.18184 -0.35618 -292872903791919604352521897809998249984.00000
0.66347 0.17211 -0.35862 -283531860331367431190443415177474867200.00000
0.63706 0.20024 -0.35785 -290209316350720048734097025034862198784.00000
0.64570 0.22149 -0.34687 -248836486509626432639853311866097893376.00000
0.61948 0.22761 -0.34322 -283537133757864380624753641462809231360.00000
0.62587 0.24771 -0.33106 -286195589749434212370561255583369920512.00000
0.58399 0.25710 -0.31117 -282187014880187703531313168733704290304.00000
0.60864 0.25441 -0.31509 -284861149174381158018358494079509069824.00000
0.58582 0.27704 -0.31706 -279512941433223059999279115229653368832.00000
0.59348 0.27991 -0.30493 -280873384057387995792965377109662892032.00000
0.57010 0.29988 -0.30585 -276880528055584316998295849379743924224.00000
0.57134 0.31597 -0.29110 -275566917515194212911618481702953811968.00000
0.54775 0.31352 -0.28649 -274216879767155950424859704762854014976.00000
0.54760 0.32766 -0.27137 -280873444904616806747976648951416750080.00000
0.67584 -0.46129 -0.37532 -294238335888847038457132450713824133120.00000
0.66198 -0.42407 -0.38047 -292903875031384380453259265262711996416.00000
0.66894 -0.42630 -0.36217 -294233082744759692674492648375741054976.00000
0.66146 -0.37292 -0.36910 -298231232455469924555142826338245672960.00000
0.68630 -0.36737 -0.36513 -300879303853322686645693379466147921920.00000
0.68286 -0.34432 -0.38288 -299539792675868719375884631149465567232.00000
0.70821 -0.33676 -0.37852 -296881316401889283978406593081653592064.00000
0.67045 -0.28763 -0.36112 -299560561863302858686398753134782447616.00000
0.66483 -0.26167 -0.35151 -302219038137282294083876791202594422784.00000
0.66842 -0.24285 -0.35191 -299550156987176185379471268194872721408.00000
0.67794 -0.24582 -0.33737 -300874212968512170076416968706075131904.00000
0.66524 -0.19980 -0.34269 -298210524115264596199639976194682650624.00000
0.66724 -0.18090 -0.34217 -296881377249118094933417864923407450112.00000
0.66857 -0.16187 -0.34123 -299545066102365668810194857434799931392.00000
0.67902 -0.16431 -0.32800 -295541724094796902101916148975966093312.00000
0.66144 -0.12093 -0.33017 -299550319246453014592834659772883009536.00000
0.67205 -0.12292 -0.31767 -298220969556210476809908309029094948864.00000
0.68774 -0.07121 -0.35243 -300884698974277257990026149434990002176.00000
0.69391 -0.09087 -0.33547 -296886528981157422457705547525234098176.00000
0.70058 -0.05391 -0.36429 -303548367545115228215132717999131197440.00000
0.70405 -0.03454 -0.36704 -304877595540900144088036525059411542016.00000
0.70787 0.00501 -0.37020 -306196418660558386654012847179782160384.00000
0.72819 -0.01581 -0.36446 -306206864101504267264281180014194458624.00000
0.69139 0.02438 -0.35395 -306191246646109455478054740630704226304.00000
0.70279 0.04410 -0.34094 -298210605244903010806321671983687794688.00000
0.65687 0.07615 -0.32125 -296886528981157422457705547525234098176.00000
0.69015 0.08111 -0.33039 -298215756976942338330609354585514442752.00000
0.66753 0.09638 -0.33282 -298220969556210476809908309029094948864.00000
0.68946 0.11947 -0.33191 -295541724094796902101916148975966093312.00000
0.67389 0.15486 -0.34358 -296876225517078767409130182321580802048.00000
0.69170 0.13969 -0.33546 -294207303802153451401383811419356528640.00000
0.68257 0.17798 -0.35435 -292867772342289880479904639155422887936.00000
0.69344 0.20091 -0.34291 -278214988913046975002169034830856060928.00000
0.66349 0.22888 -0.34225 -279528619735846682740516826454897459200.00000
0.68378 0.21684 -0.33603 -280873444904616806747976648951416750080.00000
0.66260 0.24575 -0.32083 -279533791750295613916474933003975393280.00000
0.65125 0.25867 -0.31263 -282192268024275049313952971071787368448.00000
0.62383 0.26235 -0.30995 -286190417734985281194603149034291986432.00000
0.63482 0.28714 -0.30272 -284850744298254484711431009139599343616.00000
0.60765 0.28837 -0.29955 -283537113475454776973083217515557945344.00000
0.62223 0.29710 -0.29349 -284861149174381158018358494079509069824.00000
0.59788 0.33936 -0.30078 -282202530923534497059187488380938092544.00000
0.61817 0.33454 -0.29690 -282197338626675962231558957884608872448.00000
0.60880 0.39502 -0.32257 -280857827449221994961750209567926517760.00000
0.62380 0.40739 -0.31639 -278183733719847747778045732116624310272.00000
0.70253 -0.45821 -0.37054 -299560419886435633124705785504023445504.00000
0.74639 -0.47066 -0.37958 -302224088457273603349812354068164640768.00000
0.71433 -0.41525 -0.37165 -302218875878005464870513399624584134656.00000
0.74231 -0.40943 -0.36583 -296881235272250869371724897292648448000.00000
0.72515 -0.37196 -0.37265 -302198167537800136515010549481021112320.00000
0.75283 -0.36408 -0.36652 -300874212968512170076416968706075131904.00000
0.72198 -0.31874 -0.36137 -299539833240687926679225479043968139264.00000
0.74833 -0.30901 -0.35496 -299539792675868719375884631149465567232.00000
0.69712 -0.25498 -0.33138 -307530859235611441006215608683643011072.00000
0.73170 -0.25035 -0.33427 -303537922104169347604864385164718899200.00000
0.70363 -0.21517 -0.33170 -302187904638540688769776032171870388224.00000
0.72622 -0.20234 -0.32447 -296860587779274351971233318990839283712.00000
0.69906 -0.15053 -0.32096 -298205392665634872327022717540107288576.00000
0.70962 -0.15275 -0.30643 -300874273815740981031428240547828989952.00000
0.69916 -0.13046 -0.31934 -302219078702101501387217639097096994816.00000
0.71820 -0.11469 -0.31049 -303543114401027882432492915661048119296.00000
0.72003 -0.07556 -0.33393 -295552088406104368105502786021373247488.00000
0.73487 -0.09835 -0.32306 -300884638127048447035014877593236144128.00000
0.73427 -0.05740 -0.34559 -298210605244903010806321671983687794688.00000
0.75059 -0.03773 -0.33350 -302213926970062173862929956495270346752.00000
0.74090 -0.01623 -0.35033 -303537982951398158559875657006472757248.00000
0.75507 0.00465 -0.33661 -299545025537546461506854009540297359360.00000
0.73334 0.02547 -0.34359 -299545025537546461506854009540297359360.00000
0.75452 0.04741 -0.33651 -299550197551995392682812116089375293440.00000
0.73051 0.06650 -0.34193 -294207283519743847749713387472105242624.00000
0.75236 0.06859 -0.33525 -296876164669849956454118910479826944000.00000
0.72687 0.12808 -0.34170 -292893612132124932708024747953561272320.00000
0.73871 0.12987 -0.32686 -290235135858145497310546709885749297152.00000
0.72208 0.16871 -0.34061 -287545505803014852947297488839962001408.00000
0.74146 0.15209 -0.33056 -288895502986233908130715417885559226368.00000
0.72288 0.19039 -0.34326 -291543675796134688479618090749717905408.00000
0.73384 0.21482 -0.32978 -286200700916654332591508090290693996544.00000
0.69192 0.23947 -0.32234 -283526668034508896362814884681145647104.00000
0.71326 0.22691 -0.31463 -278194057466336006478291521267528892416.00000
0.68029 0.25375 -0.31441 -283516263158382223055887399741235920896.00000
0.68959 0.25663 -0.29942 -272845951137225926717564262153929621504.00000
0.65562 0.27901 -0.29748 -282171397424792891745086729350214057984.00000
0.67575 0.31200 -0.29634 -275520024584190570249598315657980542976.00000
0.65641 0.34412 -0.30875 -283521414890421550580175082343062568960.00000
0.67934 0.33728 -0.30299 -280857746319583580355068513778921373696.00000
0.67959 0.38887 -0.33537 -282186933750549288924631472944699146240.00000
0.66292 0.39696 -0.32356 -282186933750549288924631472944699146240.00000
0.65626 0.41449 -0.32165 -280847382008276114351481876733514219520.00000
0.66274 0.41673 -0.30413 -282166245692753564220799046748387409920.00000
0.77674 -0.46565 -0.37263 -291548604421668375835531109931780407296.00000
0.80841 -0.45950 -0.36445 -294212394686963967970660222179429318656.00000
0.77144 -0.40248 -0.35888 -295546875826836229626203831577792741376.00000
0.77983 -0.40532 -0.33764 -290203961794584684693105102960522690560.00000
0.78146 -0.35490 -0.35915 -300874273815740981031428240547828989952.00000
0.81090 -0.34427 -0.35039 -299539833240687926679225479043968139264.00000
0.76211 -0.28966 -0.33653 -307546436126187045489101200172630671360.00000
0.79955 -0.30974 -0.33853 -302208673825974828080290154157187268608.00000
0.76841 -0.24403 -0.33592 -306211975268724387485228014721518534656.00000
0.82125 -0.24236 -0.34648 -300884638127048447035014877593236144128.00000
0.77154 -0.19768 -0.33369 -308865299810664495358418370187503861760.00000
0.79518 -0.18124 -0.32308 -304882808120168282567335479502992048128.00000
0.73857 -0.11913 -0.30279 -304861937520686124998469237781418737664.00000
0.77129 -0.14953 -0.30398 -302208714390794035383631002051689840640.00000
0.75304 -0.08002 -0.31178 -304877554976080936784695677164908969984.00000
0.78972 -0.10898 -0.31468 -300874273815740981031428240547828989952.00000
0.76282 -0.03846 -0.31790 -303543114401027882432492915661048119296.00000
0.79178 -0.06358 -0.31432 -303543154965847089735833763555550691328.00000
0.76750 0.00457 -0.32096 -300869040954063238900458862156997197824.00000
0.79963 -0.01866 -0.31899 -304877595540900144088036525059411542016.00000
0.77825 0.02665 -0.32927 -304861978085505332301810085675921309696.00000
0.80073 0.05023 -0.31994 -299539833240687926679225479043968139264.00000
0.78567 0.07207 -0.33577 -303527537510452277949607324172060459008.00000
0.80971 0.07439 -0.32689 -300874273815740981031428240547828989952.00000
0.77692 0.11583 -0.33072 -295536511515528763622617194532385587200.00000
0.80520 0.14449 -0.32648 -290214366670711358000032587900432416768.00000
0.75467 0.17677 -0.31759 -286231854697805541557279273268669317120.00000
0.77651 0.18273 -0.30857 -284892323237941970635800101004735676416.00000
0.75534 0.19947 -0.31993 -282218168661338912497084351711679610880.00000
0.76578 0.22481 -0.30441 -284861108609561950715017646185006497792.00000
0.73305 0.23443 -0.30654 -282192268024275049313952971071787368448.00000
0.76429 0.24755 -0.30548 -282187116292235721789665288469960720384.00000
0.71322 0.29056 -0.29838 -270182323131207163795798541484290998272.00000
0.74741 0.28573 -0.29782 -267508290249061727567105335874742648832.00000
0.74785 0.36324 -0.33328 -275520065149009777552939163552483115008.00000
0.78827 0.36258 -0.33484 -274180493124326999328119143394046902272.00000
0.73650 0.40634 -0.33158 -279523407156578544261217872011316953088.00000
0.76402 0.39853 -0.32333 -279513022562861474605960811018658512896.00000
0.73014 0.42742 -0.33043 -275514933699380053680321904897907752960.00000
0.75119 0.44253 -0.32126 -267508432225928953128798303505501650944.00000
0.70913 0.48904 -0.32633 -254164067040217616910111536361395716096.00000
0.83593 -0.47929 -0.35526 -287545404390966834688945369103705571328.00000
0.84376 -0.48181 -0.33042 -279544034367145458010039026365874831360.00000
0.84133 -0.45203 -0.35486 -291543554101677066569595547066210189312.00000
0.85522 -0.42771 -0.33024 -280883748368695461796552014155070046208.00000
0.85492 -0.37006 -0.35313 -296870952090581817974819956036246437888.00000
0.84184 -0.38748 -0.31782 -287529989759668059419423169192728199168.00000
0.87660 -0.35374 -0.36505 -298205352100815665023681869645604716544.00000
0.90906 -0.33887 -0.35223 -292862438068564120090583141028334665728.00000
0.88003 -0.29615 -0.36141 -296876083540211541847437214690821799936.00000
0.92975 -0.28755 -0.36007 -300858656360346169245201801164338757632.00000
0.91290 -0.22277 -0.37667 -302219078702101501387217639097096994816.00000
0.94822 -0.26458 -0.36940 -298205392665634872327022717540107288576.00000
0.92726 -0.19825 -0.38444 -302224331846188847169857441435180072960.00000
0.95431 -0.17469 -0.36749 -294228133836816401666909205246427267072.00000
0.89824 -0.13299 -0.36175 -303548387827524831866803141946382483456.00000
0.92103 -0.10866 -0.34426 -300874334662969791986439512389582848000.00000
0.85393 -0.07176 -0.33006 -303537982951398158559875657006472757248.00000
0.87209 -0.04780 -0.31249 -303522446625641761380330913411987668992.00000
0.82572 0.00404 -0.31009 -302208734673203639035301425998941126656.00000
0.84870 -0.02081 -0.29767 -302187965485769499724787304013624246272.00000
0.83729 0.05266 -0.31813 -299545045819956065158524433487548645376.00000
0.85109 0.02856 -0.29904 -296870952090581817974819956036246437888.00000
0.88502 0.10956 -0.35126 -294207283519743847749713387472105242624.00000
0.90346 0.08445 -0.33216 -295536511515528763622617194532385587200.00000
0.89387 0.13827 -0.35820 -298215756976942338330609354585514442752.00000
0.91502 0.16973 -0.34225 -295531319218670228794988664036056367104.00000
0.83661 0.20185 -0.32392 -292893835238630572876399411373325418496.00000
0.88874 0.19041 -0.32726 -295531380065899039749999935877810225152.00000
0.86744 0.23972 -0.34677 -288874936622895805336905535372755206144.00000
0.89725 0.27809 -0.33823 -283511212838390913789951836875665702912.00000
0.86858 0.32472 -0.35487 -276823392507730830242711589972871217152.00000
0.87982 0.32796 -0.33201 -278168237958910557901841836416641794048.00000
0.83158 0.36039 -0.33501 -272825161667382183755379716221361455104.00000
0.84146 0.36356 -0.31281 -272840799405186599193276579552102973440.00000
0.82287 0.41200 -0.33563 -278178521140579609298746777673043804160.00000
0.85363 0.40078 -0.32393 -274175239980239653545479341055963824128.00000
0.81754 0.43745 -0.33557 -275509680555292707897682102559824674816.00000
0.82604 0.44040 -0.31256 -270187616840113716881779191716876648448.00000
0.78173 0.49616 -0.32179 -252829646747574166209579198804786151424.00000
0.81287 0.49026 -0.31139 -252840153035748857774858803480952307712.00000
0.92951 -0.48022 -0.34612 -276885760917262059129265227770575716352.00000
0.98580 -0.44878 -0.37298 -286200782046292747198189786079699140608.00000
0.96206 -0.39891 -0.35531 -286185164590897935411963346696208908288.00000
1.02428 -0.39639 -0.35279 -284840298857308604101162676305187045376.00000
0.96333 -0.33286 -0.35021 -292836476584271445952440488546688565248.00000
0.96260 -0.30008 -0.34724 -292846922025217326562708821381100863488.00000
0.98232 -0.27628 -0.35647 -291528098905559083996732499260730245120.00000
1.01373 -0.25342 -0.33753 -284866300906420485542646176681335717888.00000
0.99509 -0.21626 -0.35992 -288885158957336045778799204787403358208.00000
1.03123 -0.22594 -0.34505 -280862999463670926137708316117004451840.00000
1.01172 -0.12436 -0.36529 -286211065227961798595094727336101150720.00000
1.04861 -0.13009 -0.35020 -280852655434773063785792103018848583680.00000
0.98570 -0.05834 -0.34887 -286190417734985281194603149034291986432.00000
1.04210 -0.06326 -0.34526 -282192268024275049313952971071787368448.00000
0.93540 -0.02523 -0.31980 -287519625448360593415836532147321044992.00000
0.98703 0.00246 -0.31591 -279523346309349733306206600169563095040.00000
0.93638 0.05941 -0.32053 -288859136625814560685645280464003399680.00000
0.98734 0.03264 -0.31612 -279523346309349733306206600169563095040.00000
0.96239 0.12043 -0.33660 -291528017775920669390050803471725101056.00000
1.01536 0.12813 -0.33228 -290172747166204664772322648140793511936.00000
0.97345 0.15250 -0.34391 -291538422652047342696978288411634827264.00000
1.02828 0.16263 -0.34003 -300863929786843118679512027449673121792.00000
0.95800 0.23983 -0.33933 -279539004329563752395773887447555899392.00000
1.01204 0.25630 -0.33572 -279549490335328840309383068176470769664.00000
0.96236 0.27242 -0.34377 -278204584036920301695241549890946334720.00000
0.97759 0.30832 -0.32121 -279549409205690425702701372387465625600.00000
0.90828 0.34036 -0.31893 -280852695999592271089132950913351155712.00000
0.95829 0.33174 -0.31304 -280883971475201101964926677574834192384.00000
0.86738 0.37689 -0.29995 -268842730824114781919308097378603499520.00000
0.89800 0.36250 -0.28508 -263499918203911255244561488497589878784.00000
0.85756 0.43050 -0.30016 -272851346258180498061897032122771701760.00000
0.88972 0.41891 -0.28600 -275494225359174725324819054754344730624.00000
0.82721 0.46803 -0.28831 -259517548207872664363501141496585781248.00000
0.85238 0.48547 -0.27454 -254185018769338189085659473871974170624.00000
0.79480 0.50033 -0.27536 -246173223586980535448155222246982418432.00000
1.03457 -0.36320 -0.31960 -268832325947988108612380612438693773312.00000
1.05528 -0.30152 -0.32528 -276823270813273208332689046289363501056.00000
1.08577 -0.20582 -0.33488 -280826572256022767737626906853694767104.00000
1.13713 -0.25569 -0.32203 -262155011905502716630419970212065443840.00000
1.14111 -0.14588 -0.35903 -276838949115896831073926757514607591424.00000
1.15175 -0.11042 -0.36322 -274175219697830049893808917108712538112.00000
1.11275 0.00118 -0.34336 -279512981998042267302619963124155940864.00000
1.11298 0.03648 -0.34353 -279507830266002939778332280522329292800.00000
1.10591 0.10645 -0.34096 -278162944250004004815861186184056143872.00000
0.99037 0.34465 -0.29661 -274180574253965413934800839183052046336.00000
0.98777 0.44576 -0.30293 -255482910442285463127758282429017620480.00000
0.98502 0.47955 -0.30453 -264823953902837636289836765061541003264.00000
