# .PCD v0.7 - Point Cloud Data file format
VERSION 0.7
FIELDS x y z
SIZE 4 4 4
TYPE F F F
COUNT 1 1 1
WIDTH 697
HEIGHT 1
VIEWPOINT 0 0 0 1 0 0 0
POINTS 697
DATA ascii
0.34980 -0.06736 -0.28505 -287519625448360593415836532147321044992.00000
0.35551 -0.06227 -0.28661 -291522967455929360124115240606154883072.00000
0.35238 -0.05473 -0.29105 -292862580045431345652276108659093667840.00000
0.35804 -0.04915 -0.29234 -290193739460144444251211433545874538496.00000
0.35456 -0.04149 -0.29619 -288869663196398855902595309087420841984.00000
0.36012 -0.03543 -0.29714 -283547538633991053931681126402718957568.00000
0.35700 -0.02070 -0.30213 -291533392614465637082713149493315895296.00000
0.36202 -0.02887 -0.30368 -284887191788312246763182842350160314368.00000
0.35757 -0.01357 -0.30361 -291538584911324171910341679989645115392.00000
0.36234 -0.01398 -0.30245 -294212678640698419094046157440947322880.00000
0.35392 0.00828 -0.28521 -282233988940829760800015030567682703360.00000
0.35940 0.00823 -0.28822 -286237310665988923856623315079265255424.00000
0.35225 0.02178 -0.27799 -282218452615073363620470286973197615104.00000
0.35854 0.01526 -0.28461 -288906293228143050819380957823243386880.00000
0.35350 0.03581 -0.28537 -286216480631325973591097921252194516992.00000
0.35926 0.02951 -0.28870 -288885402346251289598844292154418790400.00000
0.35614 0.05135 -0.30054 -275572130094462351390917436146534318080.00000
0.36185 0.05259 -0.30377 -288906110686456617954347142297981812736.00000
0.35547 0.05838 -0.29939 -272898097212316915162224230536985968640.00000
0.36029 0.06697 -0.30108 -286226865225043043246354982244852957184.00000
0.35379 0.07217 -0.29634 -278225414071583251960766943718017073152.00000
0.35278 0.07891 -0.29446 -279549449770509633006042220281968197632.00000
0.35612 0.08676 -0.29093 -283557943510117727238608611342628683776.00000
0.35484 0.09332 -0.28854 -283557943510117727238608611342628683776.00000
0.35890 -0.07828 -0.28691 -291517815723890032599827558004328235008.00000
0.36340 -0.07967 -0.28493 -287524898874857542850146758432655409152.00000
0.35998 -0.06344 -0.28496 -292862640892660156607287380500847525888.00000
0.36455 -0.06464 -0.28320 -294202334611800556742129944342791454720.00000
0.36138 -0.05688 -0.28801 -295531522042766265311692903508569227264.00000
0.36739 -0.05115 -0.28921 -292873106616015640869226137282511110144.00000
0.36382 -0.04325 -0.29341 -291538605193733775562012103936896401408.00000
0.37088 -0.03761 -0.29871 -291559394663577518524196649869464567808.00000
0.36801 -0.03006 -0.30694 -286226824660223835943014134350350385152.00000
0.37391 -0.02317 -0.30736 -291564586960436053351825180365793787904.00000
0.36833 -0.01472 -0.30573 -290230146385382998999622418861932937216.00000
0.37396 -0.00748 -0.30566 -294233468110542162056230703373515489280.00000
0.36702 0.00067 -0.29904 -292899027535489107704027941869654638592.00000
0.37202 0.00050 -0.29775 -295567908685595216408433464877376339968.00000
0.36416 0.02264 -0.28767 -291559475793215933130878345658469711872.00000
0.37013 0.01558 -0.29039 -292893936650678591134751531109581848576.00000
0.36466 0.03737 -0.29128 -284892404367580385242481796793740820480.00000
0.36988 0.03045 -0.29041 -286226844942633439594684558297601671168.00000
0.36672 0.05333 -0.30249 -294233427545722954752889855479012917248.00000
0.37238 0.04653 -0.30212 -288895685527920340995749233410820800512.00000
0.36597 0.06069 -0.30123 -291564586960436053351825180365793787904.00000
0.37111 0.06970 -0.30265 -292893835238630572876399411373325418496.00000
0.36396 0.08302 -0.30028 -284892384085170781590811372846489534464.00000
0.37002 0.07705 -0.30078 -290224954088524464171993888365603717120.00000
0.36166 0.08900 -0.29363 -287561265235276890295216895854211235840.00000
0.36029 0.09573 -0.29113 -287561265235276890295216895854211235840.00000
0.36337 0.10378 -0.28658 -290219741509256325692694933922023211008.00000
0.37212 -0.09927 -0.28571 -288874814928438183426882991689247490048.00000
0.36838 -0.08998 -0.28784 -290209316350720048734097025034862198784.00000
0.37307 -0.09152 -0.28545 -292883349232865484962790230644410548224.00000
0.36983 -0.07457 -0.28655 -290204144336271117558138918485784264704.00000
0.37644 -0.06912 -0.28798 -292878177218416553786832124095332614144.00000
0.37195 -0.06001 -0.28886 -292873045768786829914214865440757252096.00000
0.37842 -0.05405 -0.28996 -291554182084309380044897695425884061696.00000
0.37474 -0.04579 -0.29460 -292888663224181641700441304824247484416.00000
0.38109 -0.03928 -0.29532 -295567908685595216408433464877376339968.00000
0.37823 -0.03147 -0.30386 -292899027535489107704027941869654638592.00000
0.37913 -0.02376 -0.30580 -292899027535489107704027941869654638592.00000
0.37920 -0.00779 -0.30420 -292899027535489107704027941869654638592.00000
0.38529 -0.01640 -0.30582 -290230146385382998999622418861932937216.00000
0.37837 0.00021 -0.30074 -291564586960436053351825180365793787904.00000
0.38370 0.00003 -0.29919 -292899027535489107704027941869654638592.00000
0.37511 0.02326 -0.28919 -278215049760275785957180306672609918976.00000
0.38281 0.01593 -0.29601 -263536243999511395386290778024643133440.00000
0.37687 0.03906 -0.29704 -292899047817898711355698365816905924608.00000
0.38252 0.03172 -0.29597 -292899047817898711355698365816905924608.00000
0.37684 0.05488 -0.29959 -288895665245510737344078809463569514496.00000
0.38283 0.04786 -0.29905 -298236769553291721461168563937846755328.00000
0.37620 0.07074 -0.30102 -294223063234415488749303218433605763072.00000
0.38247 0.06409 -0.30097 -296881519225985320495110832554166452224.00000
0.37625 0.07907 -0.30358 -291548969505041241565598740982303555584.00000
0.37616 0.08746 -0.30591 -290214528929988187213395979478442704896.00000
0.37350 0.09374 -0.29887 -291548969505041241565598740982303555584.00000
0.37689 0.10232 -0.29408 -299550400376091429199516355561888153600.00000
0.36802 0.10530 -0.28463 -291554182084309380044897695425884061696.00000
0.36626 0.11184 -0.28153 -288890574360700220774802398703496724480.00000
0.37684 -0.10091 -0.28303 -290209235221081634127415329245857054720.00000
0.38008 -0.08650 -0.28711 -302213947252471777514600380442521632768.00000
0.38413 -0.09611 -0.28476 -292878116371187742831820852253578756096.00000
0.38083 -0.07848 -0.28654 -295546956956474644232885527366797885440.00000
0.38794 -0.07284 -0.28787 -300889911553545396469325103878570508288.00000
0.38355 -0.05515 -0.28794 -299565916419438222727390675209121955840.00000
0.38844 -0.06455 -0.28693 -300889911553545396469325103878570508288.00000
0.38638 -0.04015 -0.29342 -296902349260648270760636226381237190656.00000
0.39180 -0.04950 -0.29317 -298231455561975564723517489758009819136.00000
0.39141 -0.02543 -0.30698 -294233468110542162056230703373515489280.00000
0.39755 -0.03489 -0.30762 -300905691268217037468914934840071028736.00000
0.39801 -0.01772 -0.30679 -294233447828132558404560279426264203264.00000
0.39720 -0.00902 -0.30358 -296902308695829063457295378486734618624.00000
0.39085 0.00794 -0.30275 -302240131843270091821117696343931879424.00000
0.39772 -0.00060 -0.30470 -299571189845935172161700901494456320000.00000
0.38952 0.02426 -0.29886 -302234980111230764296830013742105231360.00000
0.39667 0.01630 -0.30138 -304903658437240836484531297277314072576.00000
0.39022 0.04088 -0.30259 -302240131843270091821117696343931879424.00000
0.39783 0.03339 -0.30582 -310220590702790103627816949465686736896.00000
0.38961 0.04903 -0.30175 -302240091278450884517776848449429307392.00000
0.39440 0.05794 -0.29867 -298241880720511841682115398645170831360.00000
0.38809 0.07369 -0.30184 -288880088354935132861193217974581854208.00000
0.39482 0.06675 -0.30162 -295567908685595216408433464877376339968.00000
0.38956 0.08335 -0.30897 -291543756925773103086299786538723049472.00000
0.39505 0.09368 -0.30899 -294217830372737746618333840042773970944.00000
0.38503 0.09770 -0.29923 -294202233199752538483777824606535024640.00000
0.38195 0.10386 -0.29188 -296860709473731973881255862674346999808.00000
0.37882 0.10966 -0.28447 -291548969505041241565598740982303555584.00000
0.37683 0.11642 -0.28115 -290230146385382998999622418861932937216.00000
0.37951 0.12473 -0.27503 -291564586960436053351825180365793787904.00000
0.38978 -0.11746 -0.29117 -306222522121718286353848467292187262976.00000
0.39302 -0.10759 -0.27855 -299550319246453014592834659772883009536.00000
0.39166 -0.09094 -0.28631 -294207344366972658704724659313859100672.00000
0.39691 -0.09255 -0.28334 -295536633209986385532639738215893303296.00000
0.39404 -0.08386 -0.29054 -299545106667184876113535705329302503424.00000
0.39943 -0.08538 -0.28766 -296871073785039439884842499719754153984.00000
0.39714 -0.05919 -0.29233 -296897055551741717674655576148651540480.00000
0.40402 -0.07024 -0.29555 -292878156936006950135161700148081328128.00000
0.40040 -0.04331 -0.29821 -300900417841720088034604708554736664576.00000
0.40623 -0.05325 -0.29757 -296897075834151321326326000095902826496.00000
0.40338 -0.03569 -0.30541 -300895266109680760510317025952910016512.00000
0.41060 -0.02789 -0.30526 -302219240961378330600581030675107282944.00000
0.40305 -0.00937 -0.30155 -304903719284469647439542569119067930624.00000
0.40991 -0.01875 -0.30243 -302219220678968726948910606727855996928.00000
0.40360 -0.00080 -0.30269 -303569258427006989435669383667955793920.00000
0.41169 0.00777 -0.30596 -314239529883344078470651673360759521280.00000
0.40401 0.02517 -0.30405 -308896555003863722582541672901735612416.00000
0.41183 0.01671 -0.30641 -310236208158184915414043388849176969216.00000
0.40646 0.04329 -0.31259 -308886150127737049275614187961825886208.00000
0.41144 0.03459 -0.30624 -310210185826663430320889464525777010688.00000
0.40741 0.05262 -0.31648 -307567327008078806709637865841455267840.00000
0.41362 0.05340 -0.31415 -311565436153969831286947195909457313792.00000
0.40399 0.07859 -0.31148 -292909391846796573707614578915061792768.00000
0.40999 0.07982 -0.30900 -298231516409204375678528761599763677184.00000
0.40572 0.09863 -0.32137 -294233427545722954752889855479012917248.00000
0.41360 0.10142 -0.32381 -292904138702709227924974776576978714624.00000
0.40375 0.10692 -0.31831 -288900877824778875823377763907150020608.00000
0.40920 0.11822 -0.31712 -294238579277762282277177538080839565312.00000
0.39771 0.12128 -0.30642 -282223502935064672886405849838767833088.00000
0.39917 0.12903 -0.29483 -275551300059799401125392042319463579648.00000
0.38567 0.12799 -0.27637 -284892384085170781590811372846489534464.00000
0.39653 0.13619 -0.29074 -288890493231061806168120702914491580416.00000
0.41326 -0.14264 -0.30570 -279538862352696526834080919816796897280.00000
0.40544 -0.12712 -0.29933 -299555470978492342117122342374709657600.00000
0.41648 -0.12411 -0.30637 -290214386953120961651703011847683702784.00000
0.40632 -0.10751 -0.29450 -302224352128598450821527865382431358976.00000
0.41502 -0.10192 -0.29585 -295541825506844920360268268712222523392.00000
0.41284 -0.08320 -0.30330 -288874835210847787078553415636498776064.00000
0.41604 -0.09270 -0.29559 -287535202338936197898722123636308705280.00000
0.41721 -0.07628 -0.31251 -294212597511060004487364461651942178816.00000
0.42341 -0.07775 -0.30926 -292904138702709227924974776576978714624.00000
0.42196 -0.05730 -0.30147 -300900336712081673427923012765731520512.00000
0.42192 -0.04773 -0.29973 -307562114428810668230338911397874761728.00000
0.41498 -0.02808 -0.29808 -308875785816429583272027550916418732032.00000
0.42121 -0.02878 -0.29542 -312884279556037677504593941977079218176.00000
0.41517 -0.01010 -0.29698 -310210206109073033972559888473028296704.00000
0.42237 -0.01982 -0.29738 -307546517255825460095782895961635815424.00000
0.41579 -0.00120 -0.29817 -312884279556037677504593941977079218176.00000
0.42252 0.00771 -0.29648 -308880957830878514447985657465496666112.00000
0.41811 0.01683 -0.30405 -310220590702790103627816949465686736896.00000
0.41803 0.02595 -0.30414 -307541304676557321616483941518055309312.00000
0.41770 0.03505 -0.30386 -310199760668127153362291555638615998464.00000
0.42733 0.04565 -0.31004 -312879046694359935373624563586247426048.00000
0.41996 0.05420 -0.31165 -314223912427949266684425233977269288960.00000
0.42645 0.05502 -0.30895 -310220590702790103627816949465686736896.00000
0.41434 0.08014 -0.30163 -304882868967397093522346751344745906176.00000
0.42397 0.07340 -0.30565 -307536071814879579485514563127223517184.00000
0.41986 0.10301 -0.32084 -296886650675615044367728091208741814272.00000
0.42038 0.10084 -0.30278 -298221050685848891416590004818100092928.00000
0.41762 0.11165 -0.31755 -298231496126794772026858337652512391168.00000
0.42330 0.12345 -0.31572 -296897055551741717674655576148651540480.00000
0.41546 0.14142 -0.32153 -291559394663577518524196649869464567808.00000
0.42152 0.14351 -0.31781 -292899027535489107704027941869654638592.00000
0.40923 0.15674 -0.31208 -291564607242845657003495604313045073920.00000
0.42033 0.15348 -0.31847 -294233468110542162056230703373515489280.00000
0.41535 0.17077 -0.31354 -294228275813683627228602172877186269184.00000
0.42105 -0.14724 -0.30684 -302224352128598450821527865382431358976.00000
0.42285 -0.13778 -0.30737 -296886589828386233412716819366987956224.00000
0.43281 -0.13247 -0.30882 -295552149253333179060514057863127105536.00000
0.42161 -0.11475 -0.29710 -294217708678280124708311296359266254848.00000
0.43109 -0.10890 -0.29825 -299555491260901945768792766321960943616.00000
0.42695 -0.08772 -0.30153 -296902308695829063457295378486734618624.00000
0.43921 -0.10414 -0.31419 -299565977266667033682401947050875813888.00000
0.43450 -0.07164 -0.31503 -298247073017370376509743929141500051456.00000
0.44315 -0.08484 -0.31807 -294249004436298559235775446968000577536.00000
0.43687 -0.06246 -0.31870 -302234777287134727780125774269592371200.00000
0.44357 -0.05324 -0.31322 -299576301013155292382647736201780396032.00000
0.42804 -0.03910 -0.29477 -308896555003863722582541672901735612416.00000
0.43612 -0.03076 -0.29405 -306217309542450147874549512848606756864.00000
0.42881 -0.02038 -0.29456 -303548387827524831866803141946382483456.00000
0.43538 -0.02094 -0.29153 -299545106667184876113535705329302503424.00000
0.42900 0.00767 -0.29377 -307541304676557321616483941518055309312.00000
0.43925 -0.00216 -0.29907 -308875785816429583272027550916418732032.00000
0.43102 0.02656 -0.29884 -316872024390621236078316634999674109952.00000
0.43773 0.02687 -0.29588 -308875806098839186923697974863670018048.00000
0.43263 0.03634 -0.30315 -315547948126875647729700510541220413440.00000
0.44084 0.04700 -0.30408 -307551729835093598575081850405216321536.00000
0.43190 0.06528 -0.30453 -304882808120168282567335479502992048128.00000
0.43986 0.05672 -0.30292 -306222461274489475398837195450433404928.00000
0.42683 0.08269 -0.29578 -306206864101504267264281180014194458624.00000
0.43502 0.07488 -0.29481 -307551689270274391271741002510713749504.00000
0.42469 0.10121 -0.29486 -296891822690063975543686197757819748352.00000
0.43097 0.10280 -0.29143 -292904138702709227924974776576978714624.00000
0.43024 0.11516 -0.31079 -295567807273547198150081345141119909888.00000
0.43892 0.11846 -0.31215 -290240470131871257699868208012837519360.00000
0.43207 0.14968 -0.32479 -292904199549938038879986048418732572672.00000
0.43849 0.15189 -0.32047 -290245682711139396179167162456418025472.00000
0.42856 0.15786 -0.31981 -295567888403185612756763040930125053952.00000
0.43321 0.17038 -0.31552 -299560764687398895203102992607295307776.00000
0.42693 0.17545 -0.30447 -302219261243787934252251454622358568960.00000
0.45025 -0.19251 -0.32645 -300874294098150584683098664495080275968.00000
0.43534 -0.16672 -0.30753 -295552149253333179060514057863127105536.00000
0.44914 -0.16494 -0.31512 -290224812111657238610300920734844715008.00000
0.44147 -0.13688 -0.30973 -292893754108992158269717715584320274432.00000
0.44774 -0.13902 -0.30458 -290230065255744584392940723072927793152.00000
0.44312 -0.12668 -0.31002 -296881438096346905888429136765161308160.00000
0.45377 -0.12037 -0.31091 -299539954935145548589248022727475855360.00000
0.45189 -0.09879 -0.32054 -288900877824778875823377763907150020608.00000
0.45782 -0.11156 -0.31648 -299539954935145548589248022727475855360.00000
0.45829 -0.07971 -0.32971 -298262690472765188295970368524990283776.00000
0.46562 -0.08127 -0.32531 -308907020727219206844480429683399196672.00000
0.45836 -0.06846 -0.32788 -298257477893497049816671414081409777664.00000
0.46558 -0.05847 -0.32163 -298241880720511841682115398645170831360.00000
0.45952 -0.03577 -0.32598 -300874395510198602941450784231336706048.00000
0.46788 -0.04801 -0.32484 -298221152097896909674942124554356523008.00000
0.45104 -0.02326 -0.30717 -302208836085251657293653545735197556736.00000
0.45704 -0.01326 -0.30041 -303543296942714315297526731186309693440.00000
0.44667 0.00752 -0.29672 -307536213791746805047207530757982519296.00000
0.45553 -0.00280 -0.29699 -299545147232004083416876553223805075456.00000
0.44898 0.02765 -0.30193 -300874395510198602941450784231336706048.00000
0.45867 0.01781 -0.30314 -303548489239572850125155261682638913536.00000
0.45082 0.03808 -0.30635 -298210706656951029064673791719944224768.00000
0.45970 0.04946 -0.30678 -300884759821506068945037421276743860224.00000
0.44766 0.06812 -0.30268 -298221050685848891416590004818100092928.00000
0.45616 0.05913 -0.30067 -296886650675615044367728091208741814272.00000
0.44192 0.08633 -0.29358 -299555470978492342117122342374709657600.00000
0.45298 0.07908 -0.29689 -286221530951317282857033484117764734976.00000
0.44844 0.11107 -0.31182 -291569698127656173572772015073117863936.00000
0.45324 0.10060 -0.30103 -296891944384521597453708741441327464448.00000
0.45482 0.13826 -0.33119 -286247553282838767950187408441164693504.00000
0.45998 0.12714 -0.31962 -291554040107442154483204727795125059584.00000
0.45006 0.15855 -0.32723 -288911262418495945478634824899808460800.00000
0.45684 0.16088 -0.32223 -291564586960436053351825180365793787904.00000
0.44183 0.17524 -0.31622 -298226384959574651805911502945188315136.00000
0.45259 0.16949 -0.31674 -294217850655147350270004263990025256960.00000
0.43511 0.18034 -0.30488 -299560825534627706158114264449049165824.00000
0.43648 0.18991 -0.29355 -300864031198891136937864147185929551872.00000
0.46658 -0.20685 -0.34148 -296876164669849956454118910479826944000.00000
0.47304 -0.20942 -0.33414 -300895063285584723993612786480397156352.00000
0.46533 -0.18675 -0.31424 -302219078702101501387217639097096994816.00000
0.46476 -0.17272 -0.30902 -292898865276212278490664550291644350464.00000
0.45690 -0.14364 -0.30489 -299571108716296757555019205705451175936.00000
0.46338 -0.14584 -0.29910 -288900776412730857565025644170893590528.00000
0.45881 -0.13309 -0.30547 -299550319246453014592834659772883009536.00000
0.46544 -0.13522 -0.29986 -290219619814798703782672390238515494912.00000
0.47483 -0.11748 -0.31186 -304872464091270420215419266404836179968.00000
0.47916 -0.10791 -0.31739 -302203562658754707859343319449863192576.00000
0.47608 -0.08430 -0.32647 -304888061264255628349975281841075126272.00000
0.48375 -0.08593 -0.32142 -303548367545115228215132717999131197440.00000
0.47905 -0.06184 -0.32861 -300900336712081673427923012765731520512.00000
0.48696 -0.06314 -0.32379 -304893212996294955874262964442901774336.00000
0.48063 -0.03891 -0.32902 -299539995499964755892588870621978427392.00000
0.48961 -0.05199 -0.32720 -306222542404127890005518891239438548992.00000
0.47938 -0.02708 -0.32573 -306207026360781096477644571592204746752.00000
0.48887 -0.01629 -0.32315 -304877737517767369649729492690170544128.00000
0.46843 0.00731 -0.30369 -292898905841031485794005398186146922496.00000
0.48389 -0.00424 -0.31376 -302229584990276192952497243773263151104.00000
0.47397 0.01830 -0.31426 -302219200396559123297240182780604710912.00000
0.48475 0.01858 -0.31519 -304893233278704559525933388390153060352.00000
0.47329 0.04039 -0.31379 -302219200396559123297240182780604710912.00000
0.48304 0.05271 -0.31369 -300889911553545396469325103878570508288.00000
0.46693 0.07195 -0.30464 -287540374353385129074680230185386639360.00000
0.47717 0.07398 -0.30524 -298205514360092494237045261223615004672.00000
0.46796 0.09470 -0.30979 -290209316350720048734097025034862198784.00000
0.47787 0.08568 -0.30797 -295536673774805592835980586110395875328.00000
0.46773 0.11765 -0.31351 -291543716360953895782958938644220477440.00000
0.47827 0.10928 -0.31233 -294197061185303607307819718057457090560.00000
0.47202 0.14458 -0.32724 -296876266081897974712471030216083374080.00000
0.47941 0.14679 -0.32184 -294202233199752538483777824606535024640.00000
0.46370 0.16323 -0.31694 -296865901770590508708884393170676219904.00000
0.47513 0.15642 -0.31675 -291533352049646429779372301598813323264.00000
0.45921 0.17189 -0.31135 -295531481477947058008352055614066655232.00000
0.46378 0.18522 -0.30519 -284861149174381158018358494079509069824.00000
0.44476 0.19510 -0.29314 -292846942307626930214379245328352149504.00000
0.45589 0.19029 -0.29352 -294191828323625865176850339666625298432.00000
0.44790 0.20730 -0.28576 -292862498915792931045594412870088523776.00000
0.48019 -0.22792 -0.33263 -300879486395009119510727194991409496064.00000
0.49419 -0.22351 -0.33345 -304877595540900144088036525059411542016.00000
0.48254 -0.20051 -0.32776 -303548367545115228215132717999131197440.00000
0.49223 -0.19141 -0.32133 -299545045819956065158524433487548645376.00000
0.47626 -0.15336 -0.30464 -298215756976942338330609354585514442752.00000
0.48302 -0.15564 -0.29803 -299545045819956065158524433487548645376.00000
0.47846 -0.14223 -0.30542 -300884658409458050686685301540487430144.00000
0.48039 -0.13093 -0.30593 -299545025537546461506854009540297359360.00000
0.48661 -0.10984 -0.31176 -306206864101504267264281180014194458624.00000
0.49413 -0.11178 -0.30581 -302213947252471777514600380442521632768.00000
0.49090 -0.09971 -0.31703 -302208714390794035383631002051689840640.00000
0.50287 -0.09083 -0.31611 -300879506677418723162397618938660782080.00000
0.49851 -0.07815 -0.32638 -299555430413673134813781494480207085568.00000
0.50672 -0.07970 -0.32066 -295541744377206505753586572923217379328.00000
0.50020 -0.04151 -0.32513 -308860208925853978789141959427431071744.00000
0.50864 -0.04246 -0.31976 -303532912348997245642269670193651253248.00000
0.50219 -0.02965 -0.32765 -303517254328783226552702382915658448896.00000
0.51242 -0.01811 -0.32438 -300869223495749671765492677682258771968.00000
0.49825 -0.00494 -0.31983 -306227673853757613878136149894013911040.00000
0.51362 -0.00568 -0.32591 -296891863254883182847027045652322320384.00000
0.49579 0.03069 -0.31580 -299555450696082738465451918427458371584.00000
0.51087 0.03171 -0.32162 -291564485548388035093473060629537357824.00000
0.49517 0.04246 -0.31526 -299555450696082738465451918427458371584.00000
0.50903 0.05630 -0.31992 -300884759821506068945037421276743860224.00000
0.49081 0.07703 -0.31071 -298205514360092494237045261223615004672.00000
0.50087 0.06671 -0.30758 -299545167514413687068546977171056361472.00000
0.50291 0.09193 -0.31357 -295536673774805592835980586110395875328.00000
0.50334 0.10468 -0.31596 -291538544346504964607000832095142543360.00000
0.49176 0.12646 -0.31967 -290193698895325236947870585651371966464.00000
0.50338 0.11747 -0.31795 -292878197500826157438502548042583900160.00000
0.49110 0.13885 -0.32097 -294202152070114123877096128817529880576.00000
0.49888 0.14099 -0.31501 -290219741509256325692694933922023211008.00000
0.48552 0.16105 -0.31663 -292883410080094295917801502486164406272.00000
0.49110 0.17544 -0.31038 -290209316350720048734097025034862198784.00000
0.47561 0.17933 -0.30514 -284866361753649296497657448523089575936.00000
0.48003 0.19304 -0.29794 -283526708599328103666155732575648219136.00000
0.46491 0.19557 -0.29262 -294191828323625865176850339666625298432.00000
0.47127 0.21162 -0.29000 -291543696078544292131288514696969191424.00000
0.46811 0.22199 -0.28841 -288874794646028579775212567741996204032.00000
0.51305 -0.25110 -0.32957 -298210625527312614457992095930939080704.00000
0.51694 -0.23863 -0.33126 -298205433230454079630363565434609860608.00000
0.50880 -0.21856 -0.33395 -290198789780135753517146996411444756480.00000
0.51924 -0.20862 -0.32646 -294202111505294916573755280923027308544.00000
0.49054 -0.17207 -0.29562 -296876184952259560105789334427078230016.00000
0.50804 -0.16922 -0.30169 -299545106667184876113535705329302503424.00000
0.49960 -0.15201 -0.30405 -296876184952259560105789334427078230016.00000
0.51314 -0.14490 -0.30361 -298210625527312614457992095930939080704.00000
0.50373 -0.12798 -0.30515 -298210625527312614457992095930939080704.00000
0.51518 -0.13245 -0.30410 -296876184952259560105789334427078230016.00000
0.51467 -0.09420 -0.31583 -300879506677418723162397618938660782080.00000
0.52295 -0.09595 -0.30921 -296876184952259560105789334427078230016.00000
0.51879 -0.08273 -0.32050 -296876184952259560105789334427078230016.00000
0.53124 -0.07226 -0.31823 -300879506677418723162397618938660782080.00000
0.52191 -0.05749 -0.32243 -300889911553545396469325103878570508288.00000
0.53362 -0.04610 -0.31932 -298205453512863683282033989381861146624.00000
0.52493 -0.01908 -0.32448 -296876306646717182015811878110585946112.00000
0.53605 -0.03321 -0.32203 -292878156936006950135161700148081328128.00000
0.52699 0.00675 -0.32707 -290235216987783911917228405674754441216.00000
0.53934 -0.00679 -0.32579 -300889911553545396469325103878570508288.00000
0.52725 0.01977 -0.32753 -292904098137890020621633928682476142592.00000
0.54044 0.02011 -0.32728 -292893652696944140011365595848063844352.00000
0.52251 0.04522 -0.32103 -300905468161711397300540271420306882560.00000
0.53795 0.06029 -0.32523 -295567726143908783543399649352114765824.00000
0.51954 0.07037 -0.31817 -300895124132813534948624058322151014400.00000
0.52975 0.08510 -0.31535 -286211207204829024156787694966860152832.00000
0.51825 0.09595 -0.31884 -295526268898678919529053101170486149120.00000
0.52689 0.09748 -0.31253 -283542346337132519104052595906389737472.00000
0.51111 0.13231 -0.31332 -294202233199752538483777824606535024640.00000
0.51925 0.13436 -0.30672 -286205994625560885677488740523279646720.00000
0.50672 0.14315 -0.30870 -292867792624699484131575063102674173952.00000
0.51323 0.15807 -0.30240 -286226824660223835943014134350350385152.00000
0.50385 0.16826 -0.30948 -287550860359150216988289410914301509632.00000
0.50931 0.18313 -0.30210 -279544216908831890875072841891136405504.00000
0.49347 0.20160 -0.30223 -290209316350720048734097025034862198784.00000
0.50037 0.20419 -0.29471 -284871554050507831325285979019418796032.00000
0.48715 0.20982 -0.29534 -291543736643363499434629362591471763456.00000
0.49373 0.21239 -0.28774 -286205974343151282025818316576028360704.00000
0.49028 0.23806 -0.29002 -282223502935064672886405849838767833088.00000
0.48645 0.24882 -0.28800 -278220201492315113481467989274436567040.00000
0.52480 -0.25938 -0.32773 -296881316401889283978406593081653592064.00000
0.54720 -0.26074 -0.33582 -299550116422356978076130420300370149376.00000
0.53285 -0.23356 -0.33116 -298205352100815665023681869645604716544.00000
0.54943 -0.22784 -0.33060 -295541724094796902101916148975966093312.00000
0.53477 -0.20252 -0.32615 -294202070940475709270414433028524736512.00000
0.54565 -0.19174 -0.31803 -296876164669849956454118910479826944000.00000
0.52663 -0.16558 -0.30749 -298200220651185941151064610991029354496.00000
0.54367 -0.17460 -0.31211 -295541744377206505753586572923217379328.00000
0.53310 -0.12635 -0.30890 -302208673825974828080290154157187268608.00000
0.54391 -0.14451 -0.30692 -300869101801292049855470133998751055872.00000
0.53446 -0.11297 -0.30866 -303543175248256693387504187502801977344.00000
0.54832 -0.10314 -0.30640 -311544626401716484673092226029637861376.00000
0.54008 -0.08751 -0.31290 -298205433230454079630363565434609860608.00000
0.55332 -0.07654 -0.30986 -298200240933595544802735034938280640512.00000
0.54686 -0.04803 -0.31849 -302213967534881381166270804389772918784.00000
0.55724 -0.06348 -0.31380 -295531380065899039749999935877810225152.00000
0.55152 -0.02113 -0.32347 -296902268131009856153954530592232046592.00000
0.56341 -0.03626 -0.32003 -295536572362757574577628466374139445248.00000
0.55387 0.00652 -0.32615 -302208775238022846338642273893443698688.00000
0.56718 -0.00798 -0.32395 -302208775238022846338642273893443698688.00000
0.55384 0.03441 -0.32647 -298215858388990356588961474321770872832.00000
0.56841 0.02083 -0.32546 -296860709473731973881255862674346999808.00000
0.55294 0.04828 -0.32574 -286221490386498075553692636223262162944.00000
0.56709 0.04961 -0.32453 -283552690366030381455968809004545605632.00000
0.54940 0.07557 -0.32255 -287571670111403563602144380794120962048.00000
0.56046 0.09155 -0.31867 -296897177246199339584678119832159256576.00000
0.53957 0.10041 -0.31139 -272898056647497707858883382642483396608.00000
0.54887 0.11624 -0.30625 -295531481477947058008352055614066655232.00000
0.53589 0.12665 -0.30968 -280889062360011618534203088334906982400.00000
0.54873 0.13050 -0.30790 -295531461195537454356681631666815369216.00000
0.53287 0.16778 -0.31231 -286226824660223835943014134350350385152.00000
0.55144 0.16134 -0.31596 -288890452666242598864779855019989008384.00000
0.52461 0.19147 -0.30605 -280889062360011618534203088334906982400.00000
0.54339 0.18673 -0.31025 -282223502935064672886405849838767833088.00000
0.51794 0.20107 -0.29939 -276885740634852455477594803823324430336.00000
0.53493 0.22701 -0.30809 -282223502935064672886405849838767833088.00000
0.50033 0.22961 -0.28355 -282223502935064672886405849838767833088.00000
0.52693 0.23585 -0.30034 -280883849780743480054904133891326476288.00000
0.50414 0.24877 -0.29342 -283547538633991053931681126402718957568.00000
0.51027 0.26714 -0.28817 -284861108609561950715017646185006497792.00000
0.50154 0.27334 -0.27954 -282202672900401722620880456011697094656.00000
0.59486 -0.34131 -0.36710 -299555268154396305600418102902196797440.00000
0.56931 -0.29784 -0.35019 -299550096139947374424459996353118863360.00000
0.56702 -0.27612 -0.34226 -299555288436805909252088526849448083456.00000
0.56488 -0.25544 -0.33495 -299550116422356978076130420300370149376.00000
0.57671 -0.24377 -0.32511 -298210605244903010806321671983687794688.00000
0.57620 -0.21137 -0.33865 -299555450696082738465451918427458371584.00000
0.58452 -0.21413 -0.32782 -300884638127048447035014877593236144128.00000
0.57327 -0.19207 -0.33147 -295546956956474644232885527366797885440.00000
0.59707 -0.18737 -0.33712 -303553498994744952087749976653706559488.00000
0.57261 -0.15862 -0.32485 -299545086384775272461865281382051217408.00000
0.58917 -0.14884 -0.32218 -300874273815740981031428240547828989952.00000
0.56551 -0.12359 -0.31106 -304872423526451212912078418510333607936.00000
0.59737 -0.11977 -0.32783 -303537962668988554908205233059221471232.00000
0.57200 -0.09601 -0.31562 -304877595540900144088036525059411542016.00000
0.58132 -0.08252 -0.30538 -300874233250921773728087392653326417920.00000
0.57010 -0.05110 -0.30938 -307525727785981717133598350029067649024.00000
0.57962 -0.05216 -0.30111 -299545106667184876113535705329302503424.00000
0.57305 -0.03709 -0.31225 -308860168361034771485801111532928499712.00000
0.58518 -0.02339 -0.30627 -302213987817290984817941228337024204800.00000
0.57703 -0.00831 -0.31620 -306191287210928662781395588525206798336.00000
0.58798 0.00626 -0.30903 -298215878671399960240631898269022158848.00000
0.57797 0.03572 -0.31754 -299550339528862618244505083720134295552.00000
0.58831 0.02123 -0.30947 -295562614976688663322452814644790689792.00000
0.58503 0.06661 -0.32760 -294228133836816401666909205246427267072.00000
0.59702 0.05243 -0.32052 -302224352128598450821527865382431358976.00000
0.58259 0.08132 -0.32553 -296902227566190648850613682697729474560.00000
0.58931 0.09722 -0.31423 -296891761842835164588674925916065890304.00000
0.56677 0.12155 -0.30983 -298184643760610336668179019502041694208.00000
0.58086 0.12528 -0.30712 -299534640943829391851596948547638919168.00000
0.56601 0.15147 -0.31276 -290198850627364564472158268253198614528.00000
0.57998 0.15615 -0.30991 -290209235221081634127415329245857054720.00000
0.57866 0.19039 -0.33404 -283557943510117727238608611342628683776.00000
0.59505 0.18030 -0.33056 -284887130941083435808171570508406456320.00000
0.56875 0.21733 -0.32713 -278220181209905509829797565327185281024.00000
0.58279 0.22411 -0.32402 -280868272890167875572018542402338816000.00000
0.56581 0.23210 -0.32660 -282223502935064672886405849838767833088.00000
0.57398 0.23497 -0.31626 -283531941461005845797125110966480011264.00000
0.55470 0.27483 -0.32313 -284855855465474604932377843846923419648.00000
0.56201 0.27768 -0.31211 -282202591770763308014198760222691950592.00000
0.54495 0.28295 -0.31397 -283516263158382223055887399741235920896.00000
0.54686 0.29857 -0.30072 -282197480603543187793251925515367874560.00000
0.53636 0.30501 -0.29117 -274190857435634465331705780439454056448.00000
0.61502 -0.38153 -0.37478 -294222718433452226670906011330333900800.00000
0.62755 -0.36660 -0.36019 -298220847861752854899885765345587232768.00000
0.61602 -0.33677 -0.36523 -296881235272250869371724897292648448000.00000
0.62878 -0.32254 -0.35182 -299550238116814599986152963983877865472.00000
0.60553 -0.26436 -0.33894 -295541724094796902101916148975966093312.00000
0.62144 -0.27376 -0.33494 -299545045819956065158524433487548645376.00000
0.60244 -0.24256 -0.33146 -298210605244903010806321671983687794688.00000
0.63000 -0.24036 -0.33732 -299550197551995392682812116089375293440.00000
0.60982 -0.21058 -0.33345 -299550197551995392682812116089375293440.00000
0.62916 -0.20128 -0.33015 -302219038137282294083876791202594422784.00000
0.62230 -0.18149 -0.34215 -298215716412123131027268506691011870720.00000
0.64894 -0.17428 -0.34641 -300868980106834427945447590315243339776.00000
0.61872 -0.14388 -0.33319 -300879486395009119510727194991409496064.00000
0.64268 -0.15252 -0.33733 -302208714390794035383631002051689840640.00000
0.63298 -0.11444 -0.34547 -295541744377206505753586572923217379328.00000
0.64999 -0.10047 -0.33968 -298215797541761545633950202480017014784.00000
0.61826 -0.07571 -0.32596 -303543154965847089735833763555550691328.00000
0.64637 -0.06392 -0.33339 -298220989838620080461578732976346234880.00000
0.60560 -0.02512 -0.30930 -294212556946240797184023613757439606784.00000
0.62457 -0.04304 -0.30955 -300884698974277257990026149434990002176.00000
0.60749 -0.00960 -0.31102 -291559293251529500265844530133208137728.00000
0.61896 0.00600 -0.30252 -302213967534881381166270804389772918784.00000
0.60850 0.03754 -0.31232 -296891802407654371892015773810568462336.00000
0.61931 0.02202 -0.30295 -300884719256686861641696573382241288192.00000
0.64128 0.07512 -0.35016 -294217708678280124708311296359266254848.00000
0.64160 0.05706 -0.32716 -303553580124383366694431672442711703552.00000
0.63172 0.09051 -0.34048 -292883268103227070356108534855405404160.00000
0.64522 0.11014 -0.33391 -296870931808172214323149532088995151872.00000
0.60577 0.11670 -0.31393 -294202070940475709270414433028524736512.00000
0.61569 0.11846 -0.30392 -295536511515528763622617194532385587200.00000
0.61165 0.16927 -0.32619 -291548786963354808700564925457041981440.00000
0.62134 0.17169 -0.31538 -282202591770763308014198760222691950592.00000
0.62165 0.21032 -0.34278 -286205954060741678374147892628777074688.00000
0.64007 0.19922 -0.33804 -247507157101793498508597385069561118720.00000
0.61002 0.23999 -0.33529 -282202612053172911665869184169943236608.00000
0.62886 0.23055 -0.33128 -268858206302642368143841569131334729728.00000
0.59007 0.26204 -0.31846 -278199270045604144957590475711109398528.00000
0.60453 0.27014 -0.31390 -283537113475454776973083217515557945344.00000
0.58582 0.27704 -0.31706 -274211626623068604642219902424770936832.00000
0.59348 0.27991 -0.30493 -278220201492315113481467989274436567040.00000
0.56420 0.29398 -0.29854 -278209776333778836522870080387275554816.00000
0.56529 0.30962 -0.28395 -278220181209905509829797565327185281024.00000
0.54760 0.32766 -0.27137 -278209776333778836522870080387275554816.00000
0.66198 -0.42407 -0.38047 -298220827579343251248215341398335946752.00000
0.70096 -0.43425 -0.39065 -299550116422356978076130420300370149376.00000
0.66146 -0.37292 -0.36910 -298215675847303923723927658796509298688.00000
0.69849 -0.37870 -0.37769 -298215675847303923723927658796509298688.00000
0.65127 -0.31654 -0.34867 -299550156987176185379471268194872721408.00000
0.68526 -0.31818 -0.35536 -295546875826836229626203831577792741376.00000
0.65150 -0.27319 -0.34100 -299550156987176185379471268194872721408.00000
0.68378 -0.27149 -0.34641 -298215756976942338330609354585514442752.00000
0.65944 -0.23700 -0.34253 -298215756976942338330609354585514442752.00000
0.68132 -0.22670 -0.33768 -296876164669849956454118910479826944000.00000
0.66724 -0.18090 -0.34217 -302193015805760808990722866879194464256.00000
0.67744 -0.18351 -0.32871 -294207303802153451401383811419356528640.00000
0.66857 -0.16187 -0.34123 -303527537510452277949607324172060459008.00000
0.67902 -0.16431 -0.32800 -295546916391655436929544679472295313408.00000
0.66144 -0.12093 -0.33017 -295552149253333179060514057863127105536.00000
0.67932 -0.10624 -0.32303 -295552088406104368105502786021373247488.00000
0.67194 -0.06806 -0.33670 -299565835289799808120708979420116811776.00000
0.68572 -0.08887 -0.32777 -298210605244903010806321671983687794688.00000
0.66142 -0.04796 -0.32538 -300889850706316585514313832036816650240.00000
0.69117 -0.03266 -0.33032 -299545066102365668810194857434799931392.00000
0.65301 -0.01174 -0.31604 -302203542376345104207672895502611906560.00000
0.67963 0.00540 -0.31899 -300884739539096465293366997329492574208.00000
0.65408 0.04054 -0.31726 -300879506677418723162397618938660782080.00000
0.67999 0.02381 -0.31938 -300884719256686861641696573382241288192.00000
0.66634 0.05963 -0.32992 -298210625527312614457992095930939080704.00000
0.68630 0.08132 -0.35052 -296876184952259560105789334427078230016.00000
0.68264 0.09974 -0.34789 -299539853523097530330895902991219425280.00000
0.69759 0.12164 -0.33957 -296855476612054231750286484283515207680.00000
0.65787 0.13051 -0.32578 -296870952090581817974819956036246437888.00000
0.66949 0.15148 -0.31607 -292872964639148415307533169651752108032.00000
0.64428 0.18032 -0.31760 -283537113475454776973083217515557945344.00000
0.66219 0.16751 -0.31093 -286221612080955697463715179906769879040.00000
0.65748 0.20579 -0.33342 -280863060310899737092719587958758309888.00000
0.66540 0.22725 -0.32080 -279533791750295613916474933003975393280.00000
0.63484 0.25068 -0.31836 -283521516302469568838527202079318999040.00000
0.65476 0.24092 -0.31315 -282181863148148376007025486131877642240.00000
0.61945 0.27850 -0.30866 -282213077776528395927807940951606820864.00000
0.62742 0.28136 -0.29529 -279538984047154148744103463500304613376.00000
0.60765 0.28837 -0.29955 -283537032345816362366401521726552801280.00000
0.61511 0.29112 -0.28626 -283531819766548223887102567282972295168.00000
0.57764 0.31839 -0.27821 -283537072910635569669742369621055373312.00000
0.59662 0.31385 -0.27456 -282192227459455842010612123177284796416.00000
0.57147 0.35130 -0.27985 -279523386874168940609547448064065667072.00000
0.59062 0.34803 -0.27628 -280852614869953856482451255124346011648.00000
0.76337 -0.48815 -0.39535 -300889688447039756300950440458806362112.00000
0.72862 -0.42924 -0.38564 -298215675847303923723927658796509298688.00000
0.75751 -0.42322 -0.37962 -295546794697197815019522135788787597312.00000
0.72515 -0.37196 -0.37265 -298215716412123131027268506691011870720.00000
0.76742 -0.37562 -0.37948 -298205331818406061372011445698353430528.00000
0.72198 -0.31874 -0.36137 -298210605244903010806321671983687794688.00000
0.76156 -0.31802 -0.36650 -298205331818406061372011445698353430528.00000
0.70070 -0.23521 -0.33173 -299550156987176185379471268194872721408.00000
0.70641 -0.25787 -0.31535 -299539792675868719375884631149465567232.00000
0.70363 -0.21517 -0.33170 -298215736694532734678938930638263156736.00000
0.72622 -0.20234 -0.32447 -298195028354327406323436080494700134400.00000
0.69906 -0.15053 -0.32096 -296876164669849956454118910479826944000.00000
0.70962 -0.15275 -0.30643 -299539833240687926679225479043968139264.00000
0.69916 -0.13046 -0.31934 -302219078702101501387217639097096994816.00000
0.71898 -0.13547 -0.31259 -303543114401027882432492915661048119296.00000
0.72003 -0.07556 -0.33393 -299550197551995392682812116089375293440.00000
0.73487 -0.09835 -0.32306 -299550156987176185379471268194872721408.00000
0.72495 -0.05601 -0.33740 -296881336684298887630077017028904878080.00000
0.74094 -0.03675 -0.32557 -303553519277154555739420400600957845504.00000
0.72241 -0.01518 -0.33413 -300879506677418723162397618938660782080.00000
0.74376 -0.01610 -0.32749 -303548367545115228215132717999131197440.00000
0.71556 0.02487 -0.32801 -292904098137890020621633928682476142592.00000
0.74485 0.04665 -0.32856 -298210584962493407154651248036436508672.00000
0.71847 0.08514 -0.33210 -294217688395870521056640872412014968832.00000
0.74898 0.08948 -0.33321 -300869061236472842552129286104248483840.00000
0.71781 0.12568 -0.33369 -291554080672261361786545575689627631616.00000
0.73871 0.12987 -0.32686 -295546936674065040581215103419546599424.00000
0.71149 0.14434 -0.32951 -290224852676476445913641768629347287040.00000
0.72413 0.16768 -0.31772 -287535141491707386943710851794554847232.00000
0.69547 0.19960 -0.32074 -286226804377814232291343710403099099136.00000
0.71540 0.18538 -0.31220 -290204022641813495648116374802276548608.00000
0.68557 0.21532 -0.31406 -280868232325348668268677694507836243968.00000
0.69289 0.23745 -0.29968 -272835566543508857062307201161271181312.00000
0.67191 0.24865 -0.30671 -283500686267806618573001808252248260608.00000
0.68102 0.25147 -0.29203 -276833695971809485291286955176524513280.00000
0.65562 0.27901 -0.29748 -280852635152363460134121679071597297664.00000
0.67222 0.28775 -0.29005 -274175179133010842590468069214209966080.00000
0.63927 0.32890 -0.29225 -283521414890421550580175082343062568960.00000
0.64635 0.33151 -0.27696 -283516263158382223055887399741235920896.00000
0.63149 0.33947 -0.26709 -279512981998042267302619963124155940864.00000
0.62444 0.35410 -0.26436 -278178561705398816602087625567546376192.00000
0.61233 0.38944 -0.28223 -278178561705398816602087625567546376192.00000
0.63396 0.38615 -0.27723 -279507830266002939778332280522329292800.00000
0.79481 -0.48295 -0.38814 -290214224693844132438339620269673414656.00000
0.82762 -0.47657 -0.37965 -294212435251783175274001070073931890688.00000
0.80480 -0.43048 -0.38688 -294207283519743847749713387472105242624.00000
0.81876 -0.40749 -0.36389 -298200220651185941151064610991029354496.00000
0.79691 -0.36614 -0.37187 -299539792675868719375884631149465567232.00000
0.82725 -0.35517 -0.36283 -299539833240687926679225479043968139264.00000
0.74954 -0.28185 -0.32636 -306211995551133991136898438668769820672.00000
0.78528 -0.30096 -0.32776 -302208673825974828080290154157187268608.00000
0.74727 -0.21003 -0.31670 -306196459225377593957353695074284732416.00000
0.80720 -0.23580 -0.33609 -300879506677418723162397618938660782080.00000
0.74891 -0.18811 -0.31586 -308860127796215564182460263638425927680.00000
0.80789 -0.18596 -0.33237 -303548387827524831866803141946382483456.00000
0.73857 -0.11913 -0.30279 -304856806071056401125851979126843375616.00000
0.78258 -0.15320 -0.31219 -302208754955613242686971849946192412672.00000
0.77376 -0.08396 -0.32778 -303548387827524831866803141946382483456.00000
0.81363 -0.11456 -0.33195 -300874334662969791986439512389582848000.00000
0.77313 -0.03949 -0.32584 -303548326980296020911791870104628625408.00000
0.82768 -0.06875 -0.34014 -302213947252471777514600380442521632768.00000
0.78872 0.00434 -0.33726 -299550217834404996334482540036626579456.00000
0.86317 -0.02217 -0.36455 -303548367545115228215132717999131197440.00000
0.78908 0.02701 -0.33759 -300874273815740981031428240547828989952.00000
0.83701 0.05303 -0.34597 -298205392665634872327022717540107288576.00000
0.77494 0.07076 -0.32751 -302208714390794035383631002051689840640.00000
0.83006 0.10135 -0.34225 -299539833240687926679225479043968139264.00000
0.76640 0.11359 -0.32259 -295536511515528763622617194532385587200.00000
0.80520 0.14449 -0.32648 -287561123258409664733523928223452233728.00000
0.74324 0.15115 -0.30711 -292872842944690793397510625968244391936.00000
0.77651 0.18273 -0.30857 -288890452666242598864779855019989008384.00000
0.74512 0.19540 -0.31190 -286195528902205401415549983741616062464.00000
0.75511 0.22009 -0.29655 -278209796616188440174540504334526840832.00000
0.71130 0.24510 -0.29154 -271506419677362355796085089889995980800.00000
0.74305 0.23713 -0.28973 -282182025407425205220388877709887930368.00000
0.69429 0.27831 -0.28300 -271511611974220890623713620386325200896.00000
0.73671 0.27942 -0.28977 -266179082535686415345871952761713590272.00000
0.73575 0.35410 -0.32327 -278178602270218023905428473462048948224.00000
0.81769 0.38299 -0.35732 -274185665138775930504077249943124836352.00000
0.70114 0.37564 -0.30174 -279518275706948820388600613356741591040.00000
0.75783 0.42069 -0.32238 -272851366540590101713567456070022987776.00000
0.69435 0.39423 -0.29989 -274190938565272879938387476228459200512.00000
0.71741 0.43790 -0.29847 -250202364819565147081213191609452068864.00000
0.66111 0.43544 -0.28382 -252866033390403117306319760173593264128.00000
0.72288 0.47082 -0.30729 -246193891362366656500317224496042868736.00000
0.86172 -0.46881 -0.36970 -294186534614719312090869689434039648256.00000
0.92020 -0.47716 -0.37360 -284861108609561950715017646185006497792.00000
0.85492 -0.37006 -0.35313 -295536511515528763622617194532385587200.00000
0.90433 -0.39914 -0.35554 -290198769497726149865476572464193470464.00000
0.85826 -0.34256 -0.35218 -295536470950709556319276346637883015168.00000
0.87156 -0.31808 -0.32804 -295531298936260625143318240088805081088.00000
0.86267 -0.28729 -0.34940 -296881296119479680326736169134402306048.00000
0.89220 -0.27036 -0.33616 -295541703812387298450245725028714807296.00000
0.87835 -0.21006 -0.35319 -303548347262705624563462294051879911424.00000
0.90964 -0.24873 -0.34498 -294207283519743847749713387472105242624.00000
0.90913 -0.19241 -0.37217 -304882808120168282567335479502992048128.00000
0.93544 -0.16952 -0.35570 -298210625527312614457992095930939080704.00000
0.83895 -0.11928 -0.32191 -302214008099700588469611652284275490816.00000
0.87386 -0.09993 -0.31498 -295546977238884247884555951314049171456.00000
0.87332 -0.04842 -0.34239 -300879506677418723162397618938660782080.00000
0.91202 -0.07927 -0.33780 -298210666092131821761332943825441652736.00000
0.92638 0.00294 -0.37717 -299545045819956065158524433487548645376.00000
0.95657 -0.02666 -0.36430 -300853524910716445372584542509763395584.00000
0.91010 0.03065 -0.36638 -299539833240687926679225479043968139264.00000
0.93966 0.06006 -0.35403 -295536511515528763622617194532385587200.00000
0.86085 0.07996 -0.33435 -296870972372991421626490379983497723904.00000
0.88343 0.10844 -0.32048 -299539833240687926679225479043968139264.00000
0.85024 0.12915 -0.32893 -296870952090581817974819956036246437888.00000
0.85491 0.15461 -0.30478 -292872842944690793397510625968244391936.00000
0.83254 0.17375 -0.29210 -292872863227100397049181049915495677952.00000
0.82213 0.19526 -0.28703 -290209275785900841430756177140359626752.00000
0.78810 0.20869 -0.29269 -290204083489042306603127646644030406656.00000
0.81052 0.21567 -0.28135 -283537113475454776973083217515557945344.00000
0.86858 0.32472 -0.35487 -270187535710475302275097495927871504384.00000
0.88081 0.29945 -0.33009 -280863080593309340744390011906009595904.00000
0.86699 0.35306 -0.35672 -266184213985316139218489211416288952320.00000
0.89331 0.39621 -0.34665 -271501207098094217316786135446415474688.00000
0.83956 0.42436 -0.34760 -279507870830822147081673128416831864832.00000
0.87129 0.41281 -0.33555 -275504528823253380373394419957998026752.00000
0.82604 0.44040 -0.31256 -267513604240377884304756410054579585024.00000
0.80312 0.45147 -0.30082 -259527831389541715760406082752987791360.00000
0.75096 0.46634 -0.29877 -248847195621897160721837156014776909824.00000
0.79599 0.47504 -0.29983 -244859491352132809451455310886684590080.00000
0.94173 -0.32202 -0.33744 -295510489184007278529463270208985628672.00000
0.97428 -0.30304 -0.32053 -286164354838644588798108376816389455872.00000
0.97868 -0.24271 -0.35227 -290204002359403891996445950855025262592.00000
0.99469 -0.27915 -0.32933 -282181863148148376007025486131877642240.00000
0.99509 -0.21626 -0.35992 -290203982076994288344775526907773976576.00000
1.03123 -0.22594 -0.34505 -282202591770763308014198760222691950592.00000
1.00091 -0.15398 -0.36025 -287535080644478575988699579952800989184.00000
1.06090 -0.16631 -0.35779 -282197419756314376838240653673614016512.00000
1.00593 -0.06030 -0.36041 -283531819766548223887102567282972295168.00000
1.08245 -0.10160 -0.36705 -279523386874168940609547448064065667072.00000
1.03446 0.00189 -0.37606 -287524777180399920940124214749147693056.00000
1.09494 -0.03348 -0.37249 -280857827449221994961750209567926517760.00000
1.01316 0.03364 -0.36399 -287524696050761506333442518960142548992.00000
1.07094 0.06910 -0.36012 -279507850548412543430002704469580578816.00000
0.95002 0.08937 -0.32880 -284855814900655397629036995952420847616.00000
1.03691 0.13159 -0.34359 -283526688316918500014485308628396933120.00000
0.92036 0.14159 -0.31348 -294196919208436381746126750426698088448.00000
0.99665 0.18750 -0.32455 -284866382036058900149327872470340861952.00000
0.87094 0.18373 -0.28743 -286195528902205401415549983741616062464.00000
0.96502 0.20990 -0.30918 -283531941461005845797125110966480011264.00000
0.94553 0.29674 -0.33607 -274206495173438880769602643770195574784.00000
0.99917 0.31755 -0.33281 -282187096009826118137994864522709434368.00000
0.94685 0.32869 -0.33920 -280852736564411478392473798807853727744.00000
0.95817 0.36393 -0.31539 -276844283389622591463248255641695813632.00000
0.90355 0.39948 -0.32172 -275488951932677775890508828469010366464.00000
0.93336 0.41505 -0.30726 -266158394477890690642039526565401853952.00000
0.88078 0.41595 -0.31107 -278157833082783884594914351476732067840.00000
0.90909 0.43190 -0.29679 -274170189660248344279543778190393606144.00000
0.82721 0.46803 -0.28831 -259533084533629061543045885091070869504.00000
0.87177 0.50157 -0.28566 -258188340494497352142267758383556722688.00000
0.81989 0.49259 -0.28743 -246194013056824278410339768179550584832.00000
0.76996 0.50631 -0.26332 -251511046734421563811977540104179679232.00000
1.15749 -0.18677 -0.36804 -276844121130345762249884864063685525504.00000
1.18576 -0.15295 -0.33939 -267477197315139329556345424738521186304.00000
1.19031 -0.07691 -0.38096 -278178541422989212950417201620295090176.00000
1.19709 -0.11589 -0.34344 -266147969319354413683441617678240841728.00000
1.19896 0.00027 -0.38446 -275514893134560846376981057003405180928.00000
1.13984 0.03733 -0.35634 -275514953981789657331992328845159038976.00000
1.24458 -0.12166 -0.32113 -247486752997732224928150894134767386624.00000
