# .PCD v0.7 - Point Cloud Data file format
VERSION 0.7
FIELDS x y z
SIZE 4 4 4
TYPE F F F
COUNT 1 1 1
WIDTH 707
HEIGHT 1
VIEWPOINT 0 0 0 1 0 0 0
POINTS 707
DATA ascii
0.36082 -0.08431 -0.31786 -286216440066506766287757073357691944960.00000
0.35495 -0.06493 -0.30645 -287530030324487266722764017087230771200.00000
0.36022 -0.07507 -0.31126 -282213118341347603231148788846109392896.00000
0.35625 -0.05819 -0.30948 -288864450617130717423296354643840335872.00000
0.36220 -0.05231 -0.31081 -284876888324233591714607477146507018240.00000
0.35959 -0.04497 -0.31981 -286221571516136490160374332012267307008.00000
0.36669 -0.03916 -0.32590 -283557984074936934541949459237131255808.00000
0.36255 -0.03083 -0.32939 -280889082642421222185873512282158268416.00000
0.36841 -0.02378 -0.32994 -288895705810329944647419657358072086528.00000
0.36787 -0.01559 -0.32637 -290230146385382998999622418861932937216.00000
0.36495 -0.00709 -0.31292 -290230166667792602651292842809184223232.00000
0.35835 0.00088 -0.30578 -287561285517686493946887319801462521856.00000
0.36338 0.00814 -0.30537 -283552812060488003365991352688053321728.00000
0.35666 0.02250 -0.29822 -283552852625307210669332200582555893760.00000
0.36142 0.01545 -0.29701 -288885442911070496902185140048921362432.00000
0.35466 0.02917 -0.28975 -282218412050254156317129439078695043072.00000
0.35990 0.03690 -0.29245 -286216480631325973591097921252194516992.00000
0.35485 0.04342 -0.29291 -280889123207240429489214360176660840448.00000
0.36084 0.05206 -0.29938 -288890513513471409819791126861742866432.00000
0.35279 0.05666 -0.28686 -279549510617738443961053492123722055680.00000
0.35741 0.06493 -0.28836 -286226885507452646898025406192104243200.00000
0.35203 0.07069 -0.28798 -276870244873915265601390908123341914112.00000
0.35105 0.07726 -0.28616 -278194240008022439343325336792790466560.00000
0.34797 0.08909 -0.27791 -290172929707891097637356463666055086080.00000
0.35430 0.08493 -0.28272 -286206035190380092980829588417782218752.00000
0.37591 -0.09312 -0.33572 -284881999491453711935554311853831094272.00000
0.36737 -0.07887 -0.31966 -284881999491453711935554311853831094272.00000
0.37411 -0.07308 -0.32128 -288885321216612874992162596365413646336.00000
0.36707 -0.05335 -0.30922 -287545749191930096767342576206977433600.00000
0.37312 -0.06359 -0.31433 -288885321216612874992162596365413646336.00000
0.37071 -0.04762 -0.32192 -287545769474339700419013000154228719616.00000
0.37709 -0.04086 -0.32280 -290224974370934067823664312312855003136.00000
0.37281 -0.03225 -0.32662 -286226824660223835943014134350350385152.00000
0.37903 -0.02498 -0.32704 -291564546395616846048484332471291215872.00000
0.37000 -0.00739 -0.31166 -291564546395616846048484332471291215872.00000
0.37843 -0.01650 -0.32358 -292904138702709227924974776576978714624.00000
0.36923 0.00043 -0.30801 -291564586960436053351825180365793787904.00000
0.37461 0.00805 -0.30741 -291564607242845657003495604313045073920.00000
0.36837 0.02327 -0.30475 -295541947201302542270290812395730239488.00000
0.37352 0.01579 -0.30332 -296897217811018546888018967726661828608.00000
0.36569 0.03770 -0.29547 -291538584911324171910341679989645115392.00000
0.37210 0.03096 -0.29890 -287561285517686493946887319801462521856.00000
0.37238 0.04653 -0.30212 -287561265235276890295216895854211235840.00000
0.37172 0.05410 -0.30110 -288895705810329944647419657358072086528.00000
0.36403 0.06724 -0.29538 -288895726092739548299090081305323372544.00000
0.36980 0.06094 -0.29546 -292899047817898711355698365816905924608.00000
0.36203 0.07353 -0.28944 -284892404367580385242481796793740820480.00000
0.36663 0.08245 -0.29005 -286216419784097162636086649410440658944.00000
0.35875 0.08618 -0.28123 -288874916340486201685235111425503920128.00000
0.36288 0.09504 -0.28113 -291543756925773103086299786538723049472.00000
0.35601 0.09900 -0.27622 -291538584911324171910341679989645115392.00000
0.38496 -0.11451 -0.33303 -287530050606896870374434441034482057216.00000
0.38050 -0.10370 -0.33468 -291543756925773103086299786538723049472.00000
0.38821 -0.09802 -0.33659 -291549030352270052520610012824057413632.00000
0.38329 -0.08724 -0.33752 -284881999491453711935554311853831094272.00000
0.39088 -0.08097 -0.33910 -287550860359150216988289410914301509632.00000
0.38248 -0.06802 -0.32807 -287550860359150216988289410914301509632.00000
0.38954 -0.07048 -0.33140 -288885300934203271340492172418162360320.00000
0.38248 -0.04175 -0.32106 -290230166667792602651292842809184223232.00000
0.38800 -0.04265 -0.31918 -294233468110542162056230703373515489280.00000
0.38313 -0.02512 -0.32031 -290230105820563791696281570967430365184.00000
0.38918 -0.03451 -0.32156 -291564586960436053351825180365793787904.00000
0.38048 -0.00802 -0.30881 -291564546395616846048484332471291215872.00000
0.38666 -0.01674 -0.31052 -290235257552603119220569253569257013248.00000
0.37864 0.00804 -0.30148 -286226844942633439594684558297601671168.00000
0.38502 -0.00009 -0.30368 -290230146385382998999622418861932937216.00000
0.37868 0.02375 -0.30205 -279549490335328840309383068176470769664.00000
0.38409 0.01600 -0.30039 -267534312580583212660259260198142607360.00000
0.37724 0.03134 -0.29750 -291564607242845657003495604313045073920.00000
0.38340 0.03995 -0.29985 -294228275813683627228602172877186269184.00000
0.37565 0.05433 -0.29525 -287561265235276890295216895854211235840.00000
0.38283 0.04786 -0.29905 -296897136681380132281337271937656684544.00000
0.37384 0.06925 -0.29234 -291564586960436053351825180365793787904.00000
0.37996 0.06276 -0.29228 -291564566678026449700154756418542501888.00000
0.37146 0.08368 -0.28835 -287550860359150216988289410914301509632.00000
0.37773 0.07769 -0.28870 -286226784095404628639673286455847813120.00000
0.36899 0.08970 -0.28188 -288874875775666994381894263531001348096.00000
0.36750 0.09645 -0.27931 -294212638075879211790705309546444750848.00000
0.36419 0.10939 -0.27349 -287561265235276890295216895854211235840.00000
0.37053 0.10453 -0.27447 -292898966688260296749016670027900780544.00000
0.39208 -0.11837 -0.33601 -290193739460144444251211433545874538496.00000
0.39555 -0.10142 -0.33979 -298205514360092494237045261223615004672.00000
0.40132 -0.10319 -0.33680 -295541825506844920360268268712222523392.00000
0.39839 -0.08387 -0.34249 -295546997521293851536226375261300457472.00000
0.40435 -0.08543 -0.33975 -298215878671399960240631898269022158848.00000
0.39878 -0.06473 -0.33819 -292893713544172950966376867689817702400.00000
0.40479 -0.06602 -0.33571 -296897014986922510371314728254148968448.00000
0.39539 -0.05343 -0.32476 -295567807273547198150081345141119909888.00000
0.40279 -0.04606 -0.32534 -299565896137028619075720251261870669824.00000
0.39913 -0.03549 -0.31249 -302234817851953935083466622164094943232.00000
0.39866 -0.02655 -0.30976 -294228174401635608970250053140929839104.00000
0.39007 -0.00844 -0.30089 -291564546395616846048484332471291215872.00000
0.39801 -0.01772 -0.30679 -292893774391401761921388139531571560448.00000
0.39055 -0.00028 -0.30198 -296902349260648270760636226381237190656.00000
0.39085 0.00794 -0.30275 -298236810118110928764509411832349327360.00000
0.38952 0.02426 -0.29886 -299545268926461705326899096907312791552.00000
0.39817 0.01638 -0.30594 -302224453540646469079879985118687789056.00000
0.39022 0.04088 -0.30259 -302214109511748606727963772020531920896.00000
0.39783 0.03339 -0.30582 -302229645837505003907508515615017009152.00000
0.38961 0.04903 -0.30175 -303553722101250592256124640073470705664.00000
0.38747 0.05650 -0.29619 -298221172380306513326612548501607809024.00000
0.38541 0.07211 -0.29303 -283552730930849588759309656899048177664.00000
0.39080 0.07321 -0.29102 -287550860359150216988289410914301509632.00000
0.38271 0.08717 -0.28872 -286216419784097162636086649410440658944.00000
0.38945 0.08094 -0.28894 -290224933806114860520323464418352431104.00000
0.37823 0.10043 -0.27926 -290219741509256325692694933922023211008.00000
0.38499 0.09484 -0.27984 -290219721226846722041024509974771924992.00000
0.37448 0.11384 -0.27303 -287550860359150216988289410914301509632.00000
0.38129 0.10883 -0.27391 -302219281526197537903921878569609854976.00000
0.40330 -0.12227 -0.32930 -298215858388990356588961474321770872832.00000
0.40773 -0.13381 -0.32595 -298215838106580752937291050374519586816.00000
0.40631 -0.11470 -0.33462 -292872903791919604352521897809998249984.00000
0.41223 -0.11663 -0.33108 -295541724094796902101916148975966093312.00000
0.41243 -0.08851 -0.34284 -294212577228650400835694037704690892800.00000
0.41816 -0.10035 -0.34119 -291559333816348707569185378027710709760.00000
0.41288 -0.06848 -0.33882 -298221030403439287764919580870848806912.00000
0.41908 -0.07998 -0.33793 -292878116371187742831820852253578756096.00000
0.41070 -0.04786 -0.32831 -300889952118364603772665951773073080320.00000
0.41921 -0.05976 -0.33368 -300879506677418723162397618938660782080.00000
0.40675 -0.03694 -0.31521 -300895164697632742251964906216653586432.00000
0.40623 -0.02771 -0.31245 -295557402397420524843153860201210183680.00000
0.40148 -0.00912 -0.29702 -302229645837505003907508515615017009152.00000
0.40823 -0.01838 -0.29783 -300884759821506068945037421276743860224.00000
0.40203 -0.00066 -0.29816 -302234858416773142386807470058597515264.00000
0.40834 0.00782 -0.29682 -310230995578916776934744434405596463104.00000
0.40562 0.02537 -0.30870 -307557003261590548009392076690550685696.00000
0.41014 0.01662 -0.30179 -308886190692556256578955035856328458240.00000
0.40533 0.03414 -0.30845 -306222562686537493657189315186689835008.00000
0.40483 0.04286 -0.30785 -304888122111484439304986553682828984320.00000
0.40164 0.05944 -0.30104 -302219220678968726948910606727855996928.00000
0.41016 0.05228 -0.30464 -310220631267609310931157797360189308928.00000
0.39630 0.07434 -0.28886 -295552230382971593667195753652132249600.00000
0.40480 0.06808 -0.29273 -298215898953809563892302322216273444864.00000
0.39328 0.08986 -0.28428 -296881478661166113191769984659663880192.00000
0.40043 0.08346 -0.28432 -298215878671399960240631898269022158848.00000
0.38962 0.10463 -0.27861 -296881478661166113191769984659663880192.00000
0.39688 0.09884 -0.27904 -295546997521293851536226375261300457472.00000
0.38757 0.11169 -0.27539 -295526268898678919529053101170486149120.00000
0.39176 0.12163 -0.27316 -276854505724062831905141925056343965696.00000
0.38929 0.12835 -0.26935 -287550860359150216988289410914301509632.00000
0.41759 -0.14761 -0.31739 -287540394635794732726350654132637925376.00000
0.41346 -0.13590 -0.32191 -298205514360092494237045261223615004672.00000
0.42302 -0.13053 -0.32362 -291533311484827222476031453704310751232.00000
0.42044 -0.12064 -0.33340 -298200301780824355757746306780034498560.00000
0.43009 -0.11441 -0.33486 -290204124053861513906468494538532978688.00000
0.42739 -0.09342 -0.34241 -284887130941083435808171570508406456320.00000
0.43402 -0.09514 -0.33877 -280878677766294548878946027342248542208.00000
0.42794 -0.07246 -0.33870 -295541744377206505753586572923217379328.00000
0.43686 -0.08598 -0.34329 -290224913523705256868653040471101145088.00000
0.42573 -0.06099 -0.33072 -304882828402577886219005903450243334144.00000
0.43442 -0.05282 -0.33084 -304898425575563094353561918886482280448.00000
0.42508 -0.04073 -0.32567 -308886190692556256578955035856328458240.00000
0.42902 -0.03093 -0.31473 -306217248695221336919538241006852898816.00000
0.41607 -0.01928 -0.30000 -303548408109934435518473565893633769472.00000
0.42329 -0.01074 -0.29897 -304882808120168282567335479502992048128.00000
0.41446 0.00778 -0.29452 -312889451570486608680552048526157152256.00000
0.42210 -0.00141 -0.29564 -307551689270274391271741002510713749504.00000
0.41803 0.02595 -0.30414 -302213947252471777514600380442521632768.00000
0.42454 0.01696 -0.30151 -307541324958966925268154365465306595328.00000
0.41770 0.03505 -0.30386 -307551709552683994923411426457965035520.00000
0.42411 0.03552 -0.30130 -308875745251610375968686703021916160000.00000
0.41635 0.05306 -0.30220 -312889471852896212332222472473408438272.00000
0.41978 0.06221 -0.29368 -304877595540900144088036525059411542016.00000
0.41071 0.06913 -0.29025 -299545106667184876113535705329302503424.00000
0.41524 0.07872 -0.28555 -304882808120168282567335479502992048128.00000
0.40609 0.08476 -0.28176 -300879547242237930465738466833163354112.00000
0.40430 0.09267 -0.27919 -298210666092131821761332943825441652736.00000
0.40170 0.10905 -0.27727 -296876225517078767409130182321580802048.00000
0.40949 0.10306 -0.27751 -302203542376345104207672895502611906560.00000
0.39989 0.12631 -0.27840 -291543777208182706737970210485974335488.00000
0.40794 0.12087 -0.27900 -291554182084309380044897695425884061696.00000
0.39721 0.13326 -0.27438 -291554202366718983696568119373135347712.00000
0.40563 0.13845 -0.27949 -294223063234415488749303218433605763072.00000
0.40778 0.16177 -0.29299 -292888622659362434397100456929744912384.00000
0.42571 -0.15243 -0.31875 -299555572390540360375474462110966087680.00000
0.43161 -0.15467 -0.31374 -302219240961378330600581030675107282944.00000
0.42749 -0.14258 -0.31909 -294228214966454816273590901035432411136.00000
0.43777 -0.13709 -0.32058 -290230105820563791696281570967430365184.00000
0.43291 -0.12471 -0.32510 -291554141519490172741556847531381489664.00000
0.44314 -0.11838 -0.32631 -292899007253079504052357517922403352576.00000
0.44004 -0.10768 -0.33604 -296891964666931201105379165388578750464.00000
0.45028 -0.10041 -0.33688 -292888622659362434397100456929744912384.00000
0.44400 -0.07666 -0.33770 -298231516409204375678528761599763677184.00000
0.45080 -0.08929 -0.33550 -291554182084309380044897695425884061696.00000
0.45111 -0.06709 -0.33186 -295562655541507870625793662539293261824.00000
0.45087 -0.05607 -0.32960 -296897055551741717674655576148651540480.00000
0.45038 -0.04512 -0.32702 -307551689270274391271741002510713749504.00000
0.44963 -0.03429 -0.32413 -303548387827524831866803141946382483456.00000
0.43281 -0.02119 -0.30392 -306217248695221336919538241006852898816.00000
0.44061 -0.01210 -0.30250 -306217289260040544222879088901355470848.00000
0.43094 0.00764 -0.29830 -306217289260040544222879088901355470848.00000
0.43973 0.00756 -0.29995 -306217329824859751526219936795858042880.00000
0.43102 0.02656 -0.29884 -310220631267609310931157797360189308928.00000
0.43991 0.01732 -0.30042 -306217370389678958829560784690360614912.00000
0.43467 0.03669 -0.30790 -310220610985199707279487373412938022912.00000
0.43609 0.04681 -0.31203 -310220590702790103627816949465686736896.00000
0.43515 0.05648 -0.31088 -307551689270274391271741002510713749504.00000
0.43860 0.06630 -0.30136 -300884698974277257990026149434990002176.00000
0.42472 0.07209 -0.28905 -304882787837758678915665055555740762112.00000
0.43129 0.08305 -0.28808 -302213947252471777514600380442521632768.00000
0.42098 0.09887 -0.28592 -295541744377206505753586572923217379328.00000
0.43125 0.09292 -0.28991 -298210645809722218109662519878190366720.00000
0.42049 0.10833 -0.28713 -296876225517078767409130182321580802048.00000
0.43045 0.11268 -0.29264 -291564505830797638745143484576788643840.00000
0.42352 0.14183 -0.30353 -292888602376952830745430032982493626368.00000
0.43507 0.13756 -0.30907 -292893774391401761921388139531571560448.00000
0.42639 0.15569 -0.31434 -295562675823917474277464086486544547840.00000
0.43479 0.16014 -0.31538 -294228214966454816273590901035432411136.00000
0.42111 0.17311 -0.30913 -294228214966454816273590901035432411136.00000
0.44423 -0.18535 -0.31302 -298215838106580752937291050374519586816.00000
0.43799 -0.16974 -0.31370 -296865820640952094102202697381671075840.00000
0.44392 -0.17206 -0.30788 -299545106667184876113535705329302503424.00000
0.44224 -0.14955 -0.31520 -284887130941083435808171570508406456320.00000
0.44848 -0.15179 -0.30977 -280883809215924272751563285996823904256.00000
0.45255 -0.12252 -0.32772 -291574971554153123007082241358452228096.00000
0.45940 -0.12459 -0.32272 -298215959801038374847313594058027302912.00000
0.45735 -0.10225 -0.33243 -287556012091189544512577093516128157696.00000
0.46453 -0.10411 -0.32771 -296871073785039439884842499719754153984.00000
0.46815 -0.09433 -0.33270 -306217350107269355177890360743109328896.00000
0.46852 -0.08269 -0.33122 -308891423554233998709924414247160250368.00000
0.46085 -0.05828 -0.33147 -295562655541507870625793662539293261824.00000
0.46860 -0.07108 -0.32943 -306238139577113098140074906675677495296.00000
0.46032 -0.04697 -0.32889 -306217268977630940571208664954104184832.00000
0.46984 -0.03730 -0.32762 -298210686374541425413003367772692938752.00000
0.45707 -0.01380 -0.31920 -303548428392344039170143989840885055488.00000
0.46597 -0.02535 -0.31892 -306206924948733078219292451855948316672.00000
0.45302 -0.00290 -0.31026 -300874395510198602941450784231336706048.00000
0.45846 0.00740 -0.30267 -299550359811272221896175507667385581568.00000
0.45126 0.02789 -0.30674 -299550359811272221896175507667385581568.00000
0.45867 0.01781 -0.30314 -299560784969808498854773416554546593792.00000
0.45803 0.03927 -0.32153 -296881478661166113191769984659663880192.00000
0.47008 0.05174 -0.32760 -295567847838366405453422193035622481920.00000
0.46886 0.06267 -0.32620 -291564546395616846048484332471291215872.00000
0.46730 0.07345 -0.32436 -290209255503491237779085753193108340736.00000
0.44601 0.07783 -0.30065 -300869101801292049855470133998751055872.00000
0.46541 0.08404 -0.32208 -287535161774116990595381275741806133248.00000
0.44844 0.11107 -0.31182 -291564546395616846048484332471291215872.00000
0.45814 0.10316 -0.31105 -296881478661166113191769984659663880192.00000
0.44968 0.13449 -0.31987 -288900857542369272171707339959898734592.00000
0.45998 0.12714 -0.31962 -288874855493257390730223839583750062080.00000
0.44749 0.15631 -0.32148 -291559293251529500265844530133208137728.00000
0.45815 0.14970 -0.32166 -287556012091189544512577093516128157696.00000
0.44603 0.16711 -0.32186 -292893733826582554618047291637068988416.00000
0.45259 0.16949 -0.31674 -292872964639148415307533169651752108032.00000
0.43300 0.19021 -0.30429 -298210706656951029064673791719944224768.00000
0.44358 0.18539 -0.30502 -298189896904697682450818821840124772352.00000
0.45916 -0.19364 -0.30626 -298231435279565961071847065810758533120.00000
0.45536 -0.16727 -0.30912 -294228174401635608970250053140929839104.00000
0.46161 -0.16960 -0.30283 -292904138702709227924974776576978714624.00000
0.46726 -0.16198 -0.31009 -291564546395616846048484332471291215872.00000
0.47276 -0.15382 -0.31714 -292893774391401761921388139531571560448.00000
0.46940 -0.12894 -0.32353 -299539995499964755892588870621978427392.00000
0.47476 -0.14252 -0.31763 -290193698895325236947870585651371966464.00000
0.47073 -0.11751 -0.32326 -300863990634071929634523299291426979840.00000
0.47180 -0.10600 -0.32270 -300863990634071929634523299291426979840.00000
0.47564 -0.09610 -0.32778 -300879567524647534117408890780414640128.00000
0.48698 -0.08746 -0.32736 -302213967534881381166270804389772918784.00000
0.47905 -0.06184 -0.32861 -300884759821506068945037421276743860224.00000
0.48714 -0.07528 -0.32575 -306217268977630940571208664954104184832.00000
0.47851 -0.04996 -0.32615 -294223022669596281445962370539103191040.00000
0.48869 -0.03981 -0.32438 -306206904666323474567622027908697030656.00000
0.47364 -0.02601 -0.31481 -303532871784178038338928822299148681216.00000
0.48287 -0.01553 -0.31233 -306206904666323474567622027908697030656.00000
0.47317 -0.00378 -0.31285 -295547038086113058839567223155803029504.00000
0.48686 -0.00445 -0.31911 -303548428392344039170143989840885055488.00000
0.46596 0.02858 -0.29935 -299550319246453014592834659772883009536.00000
0.48170 0.02973 -0.30998 -300884739539096465293366997329492574208.00000
0.48401 0.04140 -0.31467 -295562614976688663322452814644790689792.00000
0.48598 0.05333 -0.31900 -295567847838366405453422193035622481920.00000
0.47666 0.06366 -0.32201 -287561244952867286643546471906959949824.00000
0.48581 0.07678 -0.32096 -290219761791665929344365357869274497024.00000
0.47924 0.09978 -0.33159 -283547558916400657583351550349970243584.00000
0.48976 0.09023 -0.32970 -292888683506591245352111728771498770432.00000
0.47645 0.11049 -0.32825 -290219761791665929344365357869274497024.00000
0.47335 0.12087 -0.32450 -288885341499022478643833020312664932352.00000
0.46911 0.14254 -0.32147 -292878197500826157438502548042583900160.00000
0.47639 0.14472 -0.31616 -292867792624699484131575063102674173952.00000
0.46797 0.15412 -0.32225 -294202192634933331180436976712032452608.00000
0.47513 0.15642 -0.31675 -290198911474593375427169540094952472576.00000
0.46200 0.17441 -0.31703 -298184704607839147623190291343795552256.00000
0.46669 0.18799 -0.31086 -286185184873307539063633770643460194304.00000
0.45235 0.19060 -0.30490 -294170998288962914911324945839554560000.00000
0.45605 0.20344 -0.29787 -291517754876661221644816286162574376960.00000
0.45054 0.21041 -0.29110 -292857387748572810824647578162764447744.00000
0.47244 -0.21871 -0.31769 -296891782125244768240345349863317176320.00000
0.48997 -0.21891 -0.32582 -302208714390794035383631002051689840640.00000
0.47877 -0.19659 -0.32066 -295562574411869456019111966750288117760.00000
0.49223 -0.19141 -0.32133 -296881438096346905888429136765161308160.00000
0.47961 -0.15614 -0.31075 -299534661226238995503267372494890205184.00000
0.49377 -0.16441 -0.31664 -298200220651185941151064610991029354496.00000
0.49607 -0.15248 -0.31733 -302198329797076965728373941059031400448.00000
0.49808 -0.14038 -0.31774 -303522365496003346773649217622982524928.00000
0.48867 -0.12376 -0.31797 -304862038932734143256821357517675167744.00000
0.49759 -0.11375 -0.31161 -303548326980296020911791870104628625408.00000
0.49090 -0.09971 -0.31703 -302203542376345104207672895502611906560.00000
0.50287 -0.09083 -0.31611 -298210625527312614457992095930939080704.00000
0.49833 -0.06561 -0.32443 -300879486395009119510727194991409496064.00000
0.50660 -0.06696 -0.31887 -299545066102365668810194857434799931392.00000
0.49688 -0.04073 -0.31943 -303522365496003346773649217622982524928.00000
0.50609 -0.05427 -0.31670 -303532912348997245642269670193651253248.00000
0.49398 -0.01639 -0.31292 -306191246646109455478054740630704226304.00000
0.50554 -0.01728 -0.31320 -299534782920696617413289916178397921280.00000
0.49574 0.00705 -0.31537 -302213947252471777514600380442521632768.00000
0.51012 -0.00545 -0.32023 -298210747221770236368014639614446796800.00000
0.49916 0.01900 -0.32127 -295552149253333179060514057863127105536.00000
0.51109 0.01930 -0.32169 -283557902945298519935267763448126111744.00000
0.49727 0.05479 -0.31962 -295573019852815336629380299584700416000.00000
0.50680 0.04356 -0.31554 -302224352128598450821527865382431358976.00000
0.49706 0.07902 -0.32151 -295547078650932266142908071050305601536.00000
0.50742 0.06840 -0.31830 -300879526959828326814068042885912068096.00000
0.50128 0.09293 -0.33033 -296871114349858647188183347614256726016.00000
0.50971 0.09443 -0.32477 -299519104618072994672052204953153830912.00000
0.49530 0.11563 -0.32366 -295531461195537454356681631666815369216.00000
0.49176 0.12646 -0.31967 -287524817745219128243465062643650265088.00000
0.48790 0.13690 -0.31529 -294191808041216261525179915719374012416.00000
0.49441 0.15127 -0.31008 -292872903791919604352521897809998249984.00000
0.48552 0.16105 -0.31663 -292873005203967622610874017546254680064.00000
0.49110 0.17544 -0.31038 -288864430334721113771625930696589049856.00000
0.47645 0.19341 -0.31031 -287530030324487266722764017087230771200.00000
0.48897 0.18731 -0.31004 -282192268024275049313952971071787368448.00000
0.47083 0.20152 -0.30371 -287524858310038335546805910538152837120.00000
0.47760 0.21829 -0.30137 -288864470899540321074966778591091621888.00000
0.48121 0.23675 -0.31222 -287530030324487266722764017087230771200.00000
0.50644 -0.24851 -0.33920 -299550197551995392682812116089375293440.00000
0.51305 -0.25110 -0.32957 -295552128970923575408843633915875819520.00000
0.51201 -0.20597 -0.33515 -294196980055665192701138022268451946496.00000
0.52903 -0.21756 -0.34201 -292862519198202534697264836817339809792.00000
0.51496 -0.19319 -0.33612 -296871073785039439884842499719754153984.00000
0.53004 -0.18651 -0.33598 -300874395510198602941450784231336706048.00000
0.52000 -0.16706 -0.33727 -296871033220220232581501651825251581952.00000
0.52566 -0.15322 -0.32279 -298205514360092494237045261223615004672.00000
0.52331 -0.13737 -0.31646 -296876225517078767409130182321580802048.00000
0.52491 -0.12424 -0.31639 -298210625527312614457992095930939080704.00000
0.51016 -0.10521 -0.31072 -302213947252471777514600380442521632768.00000
0.52295 -0.09595 -0.30921 -298210666092131821761332943825441652736.00000
0.51501 -0.08126 -0.31458 -295541784942025713056927420817719951360.00000
0.52727 -0.07096 -0.31235 -302208836085251657293653545735197556736.00000
0.52191 -0.05749 -0.32243 -300864031198891136937864147185929551872.00000
0.53069 -0.05870 -0.31609 -302198471773944191290066908689790402560.00000
0.51758 -0.01821 -0.31313 -295536673774805592835980586110395875328.00000
0.53209 -0.03254 -0.31621 -295536673774805592835980586110395875328.00000
0.52324 0.00680 -0.32128 -292878177218416553786832124095332614144.00000
0.53533 -0.00653 -0.31993 -299550400376091429199516355561888153600.00000
0.52326 0.03245 -0.32166 -302219139549330312342228910938850852864.00000
0.53643 0.01996 -0.32142 -300869122083701653507140557946002341888.00000
0.52497 0.05861 -0.32559 -300874273815740981031428240547828989952.00000
0.53795 0.06029 -0.32523 -299545086384775272461865281382051217408.00000
0.52096 0.08376 -0.32160 -299529550059018875282320537787566129152.00000
0.52975 0.08510 -0.31535 -286211207204829024156787694966860152832.00000
0.51875 0.10933 -0.32131 -291533311484827222476031453704310751232.00000
0.53072 0.09884 -0.31820 -282213098058937999579478364898858106880.00000
0.51111 0.13231 -0.31332 -290204083489042306603127646644030406656.00000
0.52350 0.12293 -0.31100 -284871554050507831325285979019418796032.00000
0.50547 0.15577 -0.30927 -291538463216866550000319136306137399296.00000
0.51829 0.14744 -0.30758 -290198870909774168123828692200449900544.00000
0.50746 0.17081 -0.31533 -290198870909774168123828692200449900544.00000
0.50552 0.18341 -0.31528 -286195549184615005067220407688867348480.00000
0.49701 0.20478 -0.30814 -287530030324487266722764017087230771200.00000
0.51853 0.20494 -0.31975 -284861149174381158018358494079509069824.00000
0.49466 0.23191 -0.31208 -291533352049646429779372301598813323264.00000
0.51271 0.23036 -0.31805 -290198931757002979078839964042203758592.00000
0.49149 0.25932 -0.31564 -284861149174381158018358494079509069824.00000
0.50191 0.26671 -0.31359 -282192268024275049313952971071787368448.00000
0.55762 -0.30992 -0.36110 -292893672979353743663036019795315130368.00000
0.53596 -0.27165 -0.34511 -294217688395870521056640872412014968832.00000
0.55963 -0.27334 -0.35394 -296876164669849956454118910479826944000.00000
0.54744 -0.23010 -0.34903 -291538422652047342696978288411634827264.00000
0.55517 -0.23291 -0.33879 -290214386953120961651703011847683702784.00000
0.55071 -0.21582 -0.34992 -292872863227100397049181049915495677952.00000
0.56194 -0.20411 -0.34081 -294212516381421589880682765862937034752.00000
0.55085 -0.18282 -0.34295 -295541744377206505753586572923217379328.00000
0.55920 -0.18547 -0.33365 -290209194656262426824074481351354482688.00000
0.53574 -0.14223 -0.31514 -302208714390794035383631002051689840640.00000
0.55049 -0.13333 -0.31346 -298210584962493407154651248036436508672.00000
0.53878 -0.11505 -0.31480 -302208734673203639035301425998941126656.00000
0.55286 -0.10506 -0.31249 -307551709552683994923411426457965035520.00000
0.53590 -0.08594 -0.30701 -298200322063233959409416730727285784576.00000
0.54893 -0.07515 -0.30403 -294202212917342934832107400659283738624.00000
0.54266 -0.04712 -0.31263 -300864031198891136937864147185929551872.00000
0.55280 -0.06230 -0.30790 -292872903791919604352521897809998249984.00000
0.54523 -0.03400 -0.31536 -300874436075017810244791632125839278080.00000
0.55663 -0.02121 -0.31048 -296860648626503162926244590832593141760.00000
0.55817 -0.00741 -0.31211 -303522365496003346773649217622982524928.00000
0.55909 0.00651 -0.31315 -302187924920950292421446456119121674240.00000
0.54957 0.03403 -0.32054 -298215898953809563892302322216273444864.00000
0.55939 0.02049 -0.31361 -290204103771451910254798070591281692672.00000
0.54723 0.06121 -0.31855 -287561285517686493946887319801462521856.00000
0.55814 0.04838 -0.31274 -279554642067368167833670750778297417728.00000
0.54265 0.08763 -0.31431 -282223543499883880189746697733270405120.00000
0.55446 0.07571 -0.30956 -291543716360953895782958938644220477440.00000
0.53957 0.10041 -0.31139 -268873925170085198188420128251081392128.00000
0.54849 0.10200 -0.30416 -292883410080094295917801502486164406272.00000
0.53533 0.14044 -0.31097 -286216358936868351681075377568686800896.00000
0.54873 0.13050 -0.30790 -291548908657812430610587469140549697536.00000
0.53709 0.17041 -0.31841 -288869561784350837644243189351164411904.00000
0.55144 0.16134 -0.31596 -288869602349170044947584037245666983936.00000
0.54206 0.20442 -0.33171 -282202672900401722620880456011697094656.00000
0.55751 0.19620 -0.32975 -283537113475454776973083217515557945344.00000
0.53196 0.22814 -0.32381 -275540895183672727818464557379553853440.00000
0.54749 0.22122 -0.32231 -279544257473651098178413689785638977536.00000
0.52060 0.24982 -0.31457 -284861149174381158018358494079509069824.00000
0.54085 0.24859 -0.32030 -280873444904616806747976648951416750080.00000
0.52128 0.26704 -0.31996 -283526708599328103666155732575648219136.00000
0.52372 0.28217 -0.30814 -282192268024275049313952971071787368448.00000
0.58660 -0.33210 -0.35607 -298215756976942338330609354585514442752.00000
0.57385 -0.28293 -0.35168 -298210605244903010806321671983687794688.00000
0.57640 -0.30048 -0.33753 -296876164669849956454118910479826944000.00000
0.57893 -0.26426 -0.33195 -299545045819956065158524433487548645376.00000
0.58330 -0.24941 -0.33352 -294217688395870521056640872412014968832.00000
0.57620 -0.21137 -0.33865 -296886589828386233412716819366987956224.00000
0.58080 -0.22909 -0.32660 -296886569545976629761046395419736670208.00000
0.58188 -0.18080 -0.33967 -300889911553545396469325103878570508288.00000
0.58785 -0.19890 -0.32873 -302229463295818571042474700089755435008.00000
0.58716 -0.16434 -0.32219 -296891721278015957285334078021563318272.00000
0.57794 -0.14307 -0.30854 -296891741560425560937004501968814604288.00000
0.56655 -0.10894 -0.31043 -304893212996294955874262964442901774336.00000
0.58608 -0.11515 -0.31426 -298236607294014892247805172359836467200.00000
0.56707 -0.09422 -0.30938 -299555470978492342117122342374709657600.00000
0.58657 -0.09964 -0.31313 -295562513564640645064100694908534259712.00000
0.57010 -0.05110 -0.30938 -299539934652735944937577598780224569344.00000
0.58458 -0.05319 -0.30697 -302208815802842053641983121787946270720.00000
0.58024 -0.02334 -0.32059 -298205494077682890585374837276363718656.00000
0.59022 -0.02394 -0.31221 -298215919236219167543972746163524730880.00000
0.57703 -0.00831 -0.31620 -302208734673203639035301425998941126656.00000
0.58694 -0.00864 -0.30796 -296897014986922510371314728254148968448.00000
0.57324 0.03531 -0.31165 -295546997521293851536226375261300457472.00000
0.58831 0.02123 -0.30947 -298210666092131821761332943825441652736.00000
0.57223 0.04970 -0.31089 -291564546395616846048484332471291215872.00000
0.58502 0.06577 -0.30706 -295562655541507870625793662539293261824.00000
0.56826 0.07794 -0.30757 -296886569545976629761046395419736670208.00000
0.57469 0.09309 -0.29684 -298215817824171149285620626427268300800.00000
0.55777 0.11804 -0.29842 -292862498915792931045594412870088523776.00000
0.57563 0.10823 -0.29930 -295552149253333179060514057863127105536.00000
0.57088 0.15387 -0.31899 -290188466033647494816901207260540174336.00000
0.59662 0.14766 -0.32792 -291543716360953895782958938644220477440.00000
0.57866 0.19039 -0.33404 -284887130941083435808171570508406456320.00000
0.60091 0.18346 -0.33770 -284876726064956762501244085568496730112.00000
0.57126 0.20234 -0.32730 -282213118341347603231148788846109392896.00000
0.58862 0.22824 -0.33129 -278209837181007647477881352229029412864.00000
0.56052 0.22798 -0.31956 -280883930910381894661585829680331620352.00000
0.57398 0.23497 -0.31626 -280883910627972291009915405733080334336.00000
0.55470 0.27483 -0.32313 -282192268024275049313952971071787368448.00000
0.57208 0.26882 -0.32111 -278199351175242559564272171500114542592.00000
0.55035 0.28851 -0.32145 -280857827449221994961750209567926517760.00000
0.56310 0.29713 -0.31776 -280873444904616806747976648951416750080.00000
0.56539 0.33842 -0.33022 -272882439192102896072656943258993164288.00000
0.62192 -0.38389 -0.35882 -294217546419003295494947904781255966720.00000
0.61795 -0.35619 -0.34876 -294217586983822502798288752675758538752.00000
0.59885 -0.31905 -0.34383 -295541703812387298450245725028714807296.00000
0.61987 -0.31404 -0.34147 -296876164669849956454118910479826944000.00000
0.59350 -0.27340 -0.32837 -292872842944690793397510625968244391936.00000
0.62144 -0.27376 -0.33494 -298205392665634872327022717540107288576.00000
0.60244 -0.24256 -0.33146 -298210605244903010806321671983687794688.00000
0.62224 -0.23481 -0.32865 -299539792675868719375884631149465567232.00000
0.61283 -0.19420 -0.33396 -300884597562229239731674029698733572096.00000
0.62916 -0.20128 -0.33015 -300874192686102566424746544758823845888.00000
0.61534 -0.17760 -0.33411 -296881275837070076675065745187151020032.00000
0.64129 -0.17046 -0.33813 -299539792675868719375884631149465567232.00000
0.61954 -0.12685 -0.33208 -299545025537546461506854009540297359360.00000
0.63636 -0.13168 -0.32850 -295541744377206505753586572923217379328.00000
0.62624 -0.11206 -0.33785 -294207303802153451401383811419356528640.00000
0.63227 -0.09663 -0.34305 -296881417813937302236758712817910022144.00000
0.63759 -0.08060 -0.34765 -302213947252471777514600380442521632768.00000
0.65568 -0.08390 -0.34436 -298215838106580752937291050374519586816.00000
0.63251 -0.04501 -0.33995 -300889911553545396469325103878570508288.00000
0.66038 -0.03047 -0.34663 -303553600406792970346102096389962989568.00000
0.60749 -0.00960 -0.31102 -288900776412730857565025644170893590528.00000
0.62472 0.00593 -0.30857 -300889931835955000120995527825821794304.00000
0.60312 0.03709 -0.30632 -295552189818152386363854905757629677568.00000
0.61931 0.02202 -0.30295 -299550298964043410941164235825631723520.00000
0.60728 0.05318 -0.31145 -296891802407654371892015773810568462336.00000
0.62326 0.05467 -0.30785 -299550258399224203637823387931129151488.00000
0.59732 0.08264 -0.30193 -291548807245764412352235349404293267456.00000
0.62021 0.10329 -0.30738 -292877994676730120921798308570071040000.00000
0.61812 0.13771 -0.32954 -295531339501079832446659087983307653120.00000
0.62757 0.12230 -0.31657 -292872842944690793397510625968244391936.00000
0.62424 0.17531 -0.34061 -288874835210847787078553415636498776064.00000
0.64158 0.16285 -0.33509 -280868151195710253661995998718831099904.00000
0.62852 0.21435 -0.35075 -288874875775666994381894263531001348096.00000
0.64570 0.22149 -0.34687 -242169475931219695706468034843122860032.00000
0.62886 0.23055 -0.33128 -263525717428927100169340749401225691136.00000
0.61893 0.24295 -0.32335 -279549368640871218399360524492963053568.00000
0.59391 0.24673 -0.31955 -278220160927495906178127141379933995008.00000
0.59007 0.26204 -0.31846 -272887550359323016293603777966317240320.00000
0.58761 0.29770 -0.32324 -274216818919927139469848432921100156928.00000
0.61392 0.29751 -0.32832 -279538963764744545092433039553053327360.00000
0.58423 0.33410 -0.32794 -275551300059799401125392042319463579648.00000
0.59116 0.33679 -0.31456 -282202672900401722620880456011697094656.00000
0.58590 0.35677 -0.33495 -275551320342209004777062466266714865664.00000
0.63903 -0.39800 -0.35440 -295551946429237142543809818390614245376.00000
0.66894 -0.42630 -0.36217 -295546774414788211367851711841536311296.00000
0.64041 -0.35178 -0.34577 -295551946429237142543809818390614245376.00000
0.68630 -0.36737 -0.36513 -296881275837070076675065745187151020032.00000
0.63279 -0.30028 -0.32863 -295552128970923575408843633915875819520.00000
0.67467 -0.30960 -0.34467 -291559212121891085659162834344202993664.00000
0.64269 -0.26647 -0.33164 -299545005255136857855183585593046073344.00000
0.66466 -0.25815 -0.32746 -295552128970923575408843633915875819520.00000
0.64265 -0.22607 -0.32500 -299524175220473907589658191765975334912.00000
0.66358 -0.21623 -0.32038 -298205372383225268675352293592856002560.00000
0.65905 -0.17687 -0.33381 -295541703812387298450245725028714807296.00000
0.67744 -0.18351 -0.32871 -292872842944690793397510625968244391936.00000
0.66053 -0.15831 -0.33306 -298205392665634872327022717540107288576.00000
0.67902 -0.16431 -0.32800 -292878035241549328225139156464573612032.00000
0.66081 -0.10224 -0.32800 -298215939518628771195643170110776016896.00000
0.67999 -0.12561 -0.32518 -294212496099011986229012341915685748736.00000
0.68242 -0.08929 -0.34827 -296886630393205440716057667261490528256.00000
0.68774 -0.07121 -0.35243 -298215838106580752937291050374519586816.00000
0.70058 -0.05391 -0.36429 -302213947252471777514600380442521632768.00000
0.71646 -0.03528 -0.35394 -298210625527312614457992095930939080704.00000
0.68181 -0.01342 -0.34457 -302187924920950292421446456119121674240.00000
0.69502 0.00522 -0.33335 -295562594694279059670782390697539403776.00000
0.64808 0.02287 -0.31104 -299545066102365668810194857434799931392.00000
0.67208 0.04162 -0.31228 -291559252686710292962503682238705565696.00000
0.67103 0.07864 -0.33534 -296881316401889283978406593081653592064.00000
0.67767 0.06046 -0.31799 -291548827528174016003905773351544553472.00000
0.66753 0.09638 -0.33282 -296881316401889283978406593081653592064.00000
0.68946 0.11947 -0.33191 -295541744377206505753586572923217379328.00000
0.65787 0.13051 -0.32578 -295552128970923575408843633915875819520.00000
0.67705 0.15422 -0.32324 -288880027507706321906181946132827996160.00000
0.68532 0.17704 -0.33298 -287556072938418355467588365357882015744.00000
0.68493 0.19698 -0.33475 -279554642067368167833670750778297417728.00000
0.65561 0.22439 -0.33412 -278194280572841646646666184687293038592.00000
0.67548 0.21259 -0.32802 -276875356041135385822337742830665990144.00000
0.64546 0.23802 -0.32643 -282213138623757206882819212793360678912.00000
0.65476 0.24092 -0.31315 -274206474891029277117932219822944288768.00000
0.62668 0.28422 -0.31638 -279544237191241494526743265838387691520.00000
0.66354 0.28797 -0.32802 -276870123179457643691368364439834198016.00000
0.62951 0.30694 -0.32311 -283526668034508896362814884681145647104.00000
0.62411 0.31914 -0.29909 -283531758919319412932091295441218437120.00000
0.61066 0.32733 -0.28911 -280862877769213304227685772433496735744.00000
0.60438 0.34181 -0.28661 -282197338626675962231558957884608872448.00000
0.59171 0.35362 -0.29830 -282192207177046238358941699230033510400.00000
0.60057 0.38538 -0.31315 -278188946299115886257344686560204816384.00000
0.71740 -0.47468 -0.38547 -296875982128163523589085094954565369856.00000
0.74639 -0.47066 -0.37958 -299555268154396305600418102902196797440.00000
0.71433 -0.41525 -0.37165 -298210422703216577941287856458426220544.00000
0.74231 -0.40943 -0.36583 -295546835262017022322862983683290169344.00000
0.69996 -0.35035 -0.34853 -298205392665634872327022717540107288576.00000
0.73908 -0.35320 -0.35430 -296865780076132886798861849487168503808.00000
0.69890 -0.30158 -0.33971 -296881377249118094933417864923407450112.00000
0.73579 -0.30047 -0.34402 -295536511515528763622617194532385587200.00000
0.69712 -0.25498 -0.33138 -299545045819956065158524433487548645376.00000
0.72077 -0.24405 -0.32488 -299534600379010184548256100653136347136.00000
0.69407 -0.21009 -0.32300 -296870952090581817974819956036246437888.00000
0.72622 -0.20234 -0.32447 -295536511515528763622617194532385587200.00000
0.69815 -0.17053 -0.32210 -295536511515528763622617194532385587200.00000
0.71888 -0.15626 -0.31419 -300874273815740981031428240547828989952.00000
0.71606 -0.11546 -0.33283 -302213926970062173862929956495270346752.00000
0.72742 -0.11731 -0.31815 -303543154965847089735833763555550691328.00000
0.72926 -0.07735 -0.34206 -296870911525762610671479108141743865856.00000
0.74463 -0.10068 -0.33114 -300874233250921773728087392653326417920.00000
0.73817 -0.03698 -0.34835 -298210625527312614457992095930939080704.00000
0.77114 -0.03981 -0.35041 -299550197551995392682812116089375293440.00000
0.73146 -0.01569 -0.34207 -299555470978492342117122342374709657600.00000
0.76519 0.00454 -0.34493 -291564424701159224138461788787783499776.00000
0.72427 0.02517 -0.33565 -291569657562836966269431167178615291904.00000
0.76554 0.02639 -0.34527 -291569657562836966269431167178615291904.00000
0.72738 0.08666 -0.33993 -295531339501079832446659087983307653120.00000
0.76929 0.09292 -0.34996 -296870972372991421626490379983497723904.00000
0.71781 0.12568 -0.33369 -286242320421161025819218030050332901376.00000
0.73871 0.12987 -0.32686 -286226702965766214032991590666842669056.00000
0.71149 0.14434 -0.32951 -284907920410927178770356116440974622720.00000
0.72413 0.16768 -0.31772 -286200741481473539894848938185196568576.00000
0.69547 0.19960 -0.32074 -284892404367580385242481796793740820480.00000
0.71540 0.18538 -0.31220 -286195589749434212370561255583369920512.00000
0.68557 0.21532 -0.31406 -278199351175242559564272171500114542592.00000
0.69546 0.21799 -0.29950 -276854485441653228253471501109092679680.00000
0.68550 0.27841 -0.32217 -276864910600189505212069409996253691904.00000
0.70790 0.26765 -0.31520 -272846011984454737672575533995683479552.00000
0.67659 0.31608 -0.32050 -282197440038723980489911077620865302528.00000
0.72031 0.32181 -0.33219 -274180533689146206631459991288549474304.00000
0.69941 0.35373 -0.32091 -278183774284666955081386580011126882304.00000
0.68309 0.36374 -0.31011 -279518214859720009433589341514987732992.00000
0.62496 0.33707 -0.28219 -278188926016706282605674262612953530368.00000
0.63966 0.34713 -0.27454 -276849333709613900729183818507266031616.00000
0.61233 0.38944 -0.28223 -274185725986004741459088521784878694400.00000
0.64305 0.39581 -0.28572 -274190918282863276286717052281207914496.00000
0.77674 -0.46565 -0.37263 -283536870086539533153038130148542513152.00000
0.80841 -0.45950 -0.36445 -287535080644478575988699579952800989184.00000
0.77144 -0.40248 -0.35888 -292877994676730120921798308570071040000.00000
0.80164 -0.39423 -0.35063 -294196898926026778094456326479446802432.00000
0.78146 -0.35490 -0.35915 -296865780076132886798861849487168503808.00000
0.81090 -0.34427 -0.35039 -296870952090581817974819956036246437888.00000
0.77860 -0.27436 -0.34683 -303543114401027882432492915661048119296.00000
0.83322 -0.30240 -0.36080 -300874233250921773728087392653326417920.00000
0.82414 -0.24623 -0.37761 -302208714390794035383631002051689840640.00000
0.83507 -0.27586 -0.35931 -302208673825974828080290154157187268608.00000
0.82394 -0.21981 -0.37497 -302208714390794035383631002051689840640.00000
0.85004 -0.20160 -0.36319 -300874273815740981031428240547828989952.00000
0.78068 -0.13099 -0.33552 -300874273815740981031428240547828989952.00000
0.83338 -0.16970 -0.34917 -300874273815740981031428240547828989952.00000
0.82111 -0.09297 -0.36435 -300884597562229239731674029698733572096.00000
0.82643 -0.11755 -0.34120 -296881316401889283978406593081653592064.00000
0.81920 -0.04412 -0.36129 -299550197551995392682812116089375293440.00000
0.83258 -0.04492 -0.34302 -296876164669849956454118910479826944000.00000
0.81188 0.00408 -0.35506 -295552149253333179060514057863127105536.00000
0.83599 -0.02067 -0.34506 -300879506677418723162397618938660782080.00000
0.82345 0.05240 -0.36431 -294217708678280124708311296359266254848.00000
0.83821 0.02847 -0.34653 -296886589828386233412716819366987956224.00000
0.87617 0.08318 -0.40546 -296876184952259560105789334427078230016.00000
0.91889 0.11610 -0.40618 -296876184952259560105789334427078230016.00000
0.81139 0.12317 -0.35739 -292862458350973723742253564975585951744.00000
0.83004 0.15085 -0.34445 -290203982076994288344775526907773976576.00000
0.76321 0.15723 -0.32266 -291538422652047342696978288411634827264.00000
0.78769 0.18662 -0.31673 -284887110658673832156501146561155170304.00000
0.75534 0.19947 -0.31993 -282197338626675962231558957884608872448.00000
0.77723 0.20625 -0.31086 -282207865197260257448508986508026314752.00000
0.77500 0.27982 -0.34252 -268842690259295574615967249484100927488.00000
0.85720 0.29312 -0.37437 -279518214859720009433589341514987732992.00000
0.75689 0.31884 -0.33386 -267508290249061727567105335874742648832.00000
0.80958 0.32240 -0.34456 -264839409098955618862699812867020947456.00000
0.78841 0.39386 -0.36682 -275520146278648192159620859341488259072.00000
0.83374 0.39412 -0.36959 -272846093114093152279257229784688623616.00000
0.73650 0.40634 -0.33158 -276859779150559781339452151341678329856.00000
0.75783 0.42069 -0.32238 -268863601423596939488174339100176809984.00000
0.71753 0.41572 -0.31967 -271522077697576374885652377167988785152.00000
0.75119 0.44253 -0.32126 -260851867088468096805681359316938915840.00000
0.69600 0.47438 -0.31470 -255508932773806948220912206752417579008.00000
0.75179 0.50090 -0.33084 -246162737581215447534546041518067548160.00000
0.84133 -0.45203 -0.35486 -291533189790369600566008910020803035136.00000
0.89699 -0.45950 -0.35811 -286179931729220193280993968305377116160.00000
0.83279 -0.38452 -0.34092 -296850162620738075012635410103678271488.00000
0.86027 -0.40052 -0.33000 -290193617765686822341188889862366822400.00000
0.87660 -0.35374 -0.36505 -295531339501079832446659087983307653120.00000
0.88720 -0.35699 -0.34109 -291528058340739876693391651366227673088.00000
0.89833 -0.27563 -0.37136 -292867630365422654918211671524663885824.00000
0.93015 -0.31885 -0.36295 -290193617765686822341188889862366822400.00000
0.91290 -0.22277 -0.37667 -299539833240687926679225479043968139264.00000
0.96932 -0.27325 -0.38276 -295531339501079832446659087983307653120.00000
0.94646 -0.20443 -0.39743 -302208714390794035383631002051689840640.00000
0.95431 -0.17469 -0.36749 -296886589828386233412716819366987956224.00000
0.89824 -0.13299 -0.36175 -299545066102365668810194857434799931392.00000
0.92103 -0.10866 -0.34426 -295541764659616109405256996870468665344.00000
0.89830 -0.07809 -0.35972 -294207324084563055053054235366607814656.00000
0.91780 -0.05227 -0.34075 -298210666092131821761332943825441652736.00000
0.86475 0.00361 -0.33610 -294212536663831193532353189810188320768.00000
0.90572 -0.02390 -0.33289 -295541784942025713056927420817719951360.00000
0.92515 0.05938 -0.37673 -295552149253333179060514057863127105536.00000
0.94125 0.03149 -0.35471 -294207303802153451401383811419356528640.00000
0.95739 0.09159 -0.39883 -291538422652047342696978288411634827264.00000
0.98646 0.12525 -0.38435 -296876184952259560105789334427078230016.00000
0.94477 0.14890 -0.39235 -294196898926026778094456326479446802432.00000
0.95008 0.17855 -0.36411 -291533270920008015172690605809808179200.00000
0.84713 0.17953 -0.32942 -288885158957336045778799204787403358208.00000
0.92140 0.20009 -0.34770 -290204103771451910254798070591281692672.00000
0.93045 0.26216 -0.35707 -279539085459202167002455583236561043456.00000
0.93318 0.29370 -0.36104 -276865012012237523470421529732510121984.00000
0.90381 0.34356 -0.37932 -275509680555292707897682102559824674816.00000
0.93479 0.32546 -0.36457 -280842291123465597782205465973441429504.00000
0.86453 0.38131 -0.35822 -271501166533275010013445287551912902656.00000
0.89573 0.36673 -0.34510 -270166766523041162964583373942554624000.00000
0.83956 0.42436 -0.34760 -276828544239770157766999272574697865216.00000
0.87129 0.41281 -0.33555 -271501227380503820968456559393666760704.00000
0.81754 0.43745 -0.33557 -275504569388072587676735267852500598784.00000
0.82604 0.44040 -0.31256 -267503199364251210997828925114669858816.00000
0.78173 0.49616 -0.32179 -251510843910325527295273300631666819072.00000
0.83091 0.50652 -0.32375 -244843894179147601316899295450445643776.00000
0.93903 -0.38510 -0.34150 -282181822583329168703684638237375070208.00000
1.02428 -0.39639 -0.35279 -283500686267806618573001808252248260608.00000
1.00861 -0.32099 -0.37426 -286190296040527659284580605350784270336.00000
0.99811 -0.34762 -0.33581 -287504007992965781629610092763830812672.00000
1.02418 -0.25916 -0.37869 -288869582066760441295913613298415697920.00000
1.06310 -0.27114 -0.36385 -284850683451025673756419737297845485568.00000
1.01762 -0.22339 -0.37295 -288869582066760441295913613298415697920.00000
1.03123 -0.22594 -0.34505 -282187035162597307182983592680955576320.00000
1.02289 -0.15898 -0.37287 -284866219776782070935964480892330573824.00000
1.06090 -0.16631 -0.35779 -282197460321133584141581501568116588544.00000
0.98570 -0.05834 -0.34887 -283531819766548223887102567282972295168.00000
1.04210 -0.06326 -0.34526 -280847442855504925306493148575268077568.00000
0.99251 0.00234 -0.35217 -282192227459455842010612123177284796416.00000
1.04692 -0.03092 -0.34738 -283500726832625825876342656146750832640.00000
1.01316 0.03364 -0.36399 -283531819766548223887102567282972295168.00000
1.04974 0.03463 -0.34874 -278178541422989212950417201620295090176.00000
1.00730 0.09615 -0.36149 -284866260341601278239305328786833145856.00000
1.05977 0.13526 -0.35558 -282186974315368496227972320839201718272.00000
1.00376 0.19060 -0.36256 -283516283440791826707557823688487206912.00000
1.06344 0.20404 -0.35979 -276859758868150177687781727394427043840.00000
1.01305 0.22551 -0.36944 -284850744298254484711431009139599343616.00000
1.03474 0.26394 -0.34779 -284855997442341830494070811477682421760.00000
0.96550 0.30534 -0.34776 -275525379140325934290590237732320051200.00000
0.99917 0.31755 -0.33281 -279518235142129613085259765462239019008.00000
0.94685 0.32869 -0.33920 -282176772263337859437749075371804852224.00000
0.95817 0.36393 -0.31539 -274175381957106879107172308686722826240.00000
0.90355 0.39948 -0.32172 -270166807087860370267924221837057196032.00000
0.91322 0.40256 -0.29614 -264823913338018428986495917167038431232.00000
0.87590 0.44385 -0.31139 -274175442804335690062183580528476684288.00000
0.90909 0.43190 -0.29679 -271501288227732631923467831235420618752.00000
0.85162 0.45689 -0.29991 -267508452508338556780468727452752936960.00000
0.85238 0.48547 -0.27454 -256843474760908020831467087992534859776.00000
0.81989 0.49259 -0.28743 -244849167605644550751209521735780007936.00000
0.82642 0.49472 -0.26309 -227485802392150428734676758854847430656.00000
1.08720 -0.35147 -0.34313 -276802521908248672673845348251297906688.00000
1.12380 -0.25320 -0.35482 -274149319060766186710677536468820295680.00000
1.15561 -0.22307 -0.32863 -258157044736478917614803607774822400000.00000
1.11320 -0.14083 -0.34566 -271506480524591166751096361731749838848.00000
1.12706 -0.14239 -0.31392 -262165477628858200892358726993729028096.00000
1.13143 -0.07129 -0.35286 -274175239980239653545479341055963824128.00000
1.16642 -0.11168 -0.33016 -264829166482105774769135719505121509376.00000
1.13963 0.00089 -0.35618 -279507749136364525171650584733324148736.00000
1.24496 -0.04081 -0.36307 -259470614712049814398140127557109940224.00000
1.13984 0.03733 -0.35634 -276838989680716038377267605409110163456.00000
1.13249 0.10955 -0.35366 -274170047683381118717850810559634604032.00000
1.20045 -0.23362 -0.30695 -235492445842468754847893327878012534784.00000
1.18525 -0.19059 -0.29982 -238161306710165259900628426938482950144.00000
1.23046 -0.19954 -0.27568 -198138778288434753764859002024085159936.00000
1.22012 -0.07870 -0.31104 -239490554988359779425202657946014580736.00000
1.25800 -0.12282 -0.28355 -206150532905973200099022405754574340096.00000
