# .PCD v0.7 - Point Cloud Data file format
VERSION 0.7
FIELDS x y z
SIZE 4 4 4
TYPE F F F
COUNT 1 1 1
WIDTH 689
HEIGHT 1
VIEWPOINT 0 0 0 1 0 0 0
POINTS 689
DATA ascii
0.35070 -0.06835 -0.28941 -288864470899540321074966778591091621888.00000
0.35648 -0.06320 -0.29099 -291538584911324171910341679989645115392.00000
0.35238 -0.05473 -0.29105 -292862559763021742000605684711842381824.00000
0.35804 -0.04915 -0.29234 -290204205183499928513150190327538122752.00000
0.35456 -0.04149 -0.29619 -287555971526370337209236245621625585664.00000
0.35914 -0.04236 -0.29486 -290209397480358463340778720823867342848.00000
0.35604 -0.02032 -0.29770 -290224893241295653216982616523849859072.00000
0.36098 -0.02838 -0.29917 -286226804377814232291343710403099099136.00000
0.35661 -0.01328 -0.29916 -288890493231061806168120702914491580416.00000
0.36179 -0.00645 -0.29926 -292893814956220969224728987426074132480.00000
0.35643 0.00110 -0.29697 -288885300934203271340492172418162360320.00000
0.36214 0.00083 -0.30023 -290224954088524464171993888365603717120.00000
0.35309 0.02192 -0.28185 -282218351203025345362118167236941185024.00000
0.35948 0.01532 -0.28864 -292893835238630572876399411373325418496.00000
0.35181 0.03522 -0.27759 -288890614925519428078143246597999296512.00000
0.35833 0.02928 -0.28468 -288885402346251289598844292154418790400.00000
0.35522 0.05084 -0.29624 -278220201492315113481467989274436567040.00000
0.36043 0.04442 -0.29601 -290219782074075532996035781816525783040.00000
0.35456 0.05779 -0.29511 -279549490335328840309383068176470769664.00000
0.35930 0.06627 -0.29674 -291554182084309380044897695425884061696.00000
0.35278 0.07891 -0.29446 -282202713465220929924221303906199666688.00000
0.35836 0.07322 -0.29504 -288890472948652202516450278967240294400.00000
0.35612 0.08676 -0.29093 -290204103771451910254798070591281692672.00000
0.35484 0.09332 -0.28854 -291528180035197498603414195049735389184.00000
0.35890 -0.07828 -0.28691 -290209316350720048734097025034862198784.00000
0.36340 -0.07967 -0.28493 -287540435200613940029691502027140497408.00000
0.36101 -0.06439 -0.28932 -291538584911324171910341679989645115392.00000
0.36564 -0.06560 -0.28754 -295547078650932266142908071050305601536.00000
0.36138 -0.05688 -0.28801 -294207466061430280614747202997366816768.00000
0.36739 -0.05115 -0.28921 -294207466061430280614747202997366816768.00000
0.36382 -0.04325 -0.29341 -294207547191068695221428898786371960832.00000
0.36973 -0.03701 -0.29426 -294223103799234696052644066328108335104.00000
0.36657 -0.02177 -0.29965 -291564586960436053351825180365793787904.00000
0.37187 -0.03024 -0.30087 -292899027535489107704027941869654638592.00000
0.36774 -0.00696 -0.30248 -291569698127656173572772015073117863936.00000
0.37462 -0.01548 -0.30897 -294238579277762282277177538080839565312.00000
0.36834 0.00811 -0.30418 -295562716388736681580804934381047119872.00000
0.37558 0.00014 -0.31133 -295567868120776009105092616982873767936.00000
0.36733 0.01562 -0.30018 -295552331795019611925547873388388679680.00000
0.37346 0.02351 -0.30346 -292899047817898711355698365816905924608.00000
0.36466 0.03737 -0.29128 -290219741509256325692694933922023211008.00000
0.37210 0.03096 -0.29890 -283563135806976262066237141838957903872.00000
0.36627 0.04545 -0.29908 -291554161801899776393227271478632775680.00000
0.37172 0.05410 -0.30110 -291574951271743519355411817411200942080.00000
0.36508 0.06795 -0.29971 -291559333816348707569185378027710709760.00000
0.36998 0.06895 -0.29823 -292898946405850693097346246080649494528.00000
0.36292 0.08212 -0.29590 -288880047790115925557852370080079282176.00000
0.36891 0.07621 -0.29639 -291559313533939103917514954080459423744.00000
0.36067 0.08804 -0.28940 -290209316350720048734097025034862198784.00000
0.36493 0.09714 -0.28938 -292878197500826157438502548042583900160.00000
0.35786 0.10116 -0.28425 -292867792624699484131575063102674173952.00000
0.37339 -0.10078 -0.29040 -290204042924223099299786798749527834624.00000
0.36838 -0.08998 -0.28784 -292872964639148415307533169651752108032.00000
0.37307 -0.09152 -0.28545 -298210706656951029064673791719944224768.00000
0.36983 -0.07457 -0.28655 -286205994625560885677488740523279646720.00000
0.37587 -0.07707 -0.28887 -292878197500826157438502548042583900160.00000
0.37195 -0.06001 -0.28886 -292878177218416553786832124095332614144.00000
0.37814 -0.06210 -0.29133 -294212597511060004487364461651942178816.00000
0.37471 -0.03782 -0.29264 -295562655541507870625793662539293261824.00000
0.38113 -0.04749 -0.29728 -296881458378756509540099560712412594176.00000
0.37952 -0.03202 -0.30855 -294233427545722954752889855479012917248.00000
0.38726 -0.02527 -0.31363 -294238538712943074973836690186336993280.00000
0.38953 -0.01746 -0.32031 -292904098137890020621633928682476142592.00000
0.39018 -0.00908 -0.32173 -294238579277762282277177538080839565312.00000
0.38639 -0.00059 -0.32960 -292898986970669900400687093975152066560.00000
0.38666 0.00788 -0.33036 -283573560965512539024835050726118916096.00000
0.38533 0.01629 -0.32566 -267565486644144025277700867123369213952.00000
0.39401 0.02535 -0.33449 -268899886654377872326562780732727492608.00000
0.37970 0.03188 -0.30638 -290256148434494880441105919238081609728.00000
0.38742 0.04112 -0.31358 -292919796722923247014542063854971518976.00000
0.38003 0.04814 -0.30970 -288921667294622618785562309839718187008.00000
0.37806 0.05545 -0.30404 -286252765862106906429486362884745199616.00000
0.37600 0.06249 -0.29825 -296907419863049183678242213194058694656.00000
0.38247 0.06409 -0.30097 -291585275018231778055657606562105524224.00000
0.37504 0.07820 -0.29910 -291564505830797638745143484576788643840.00000
0.38136 0.08879 -0.30398 -288900816977550064868366492065396162560.00000
0.37119 0.09167 -0.29016 -290224893241295653216982616523849859072.00000
0.37813 0.10350 -0.29853 -292893774391401761921388139531571560448.00000
0.36802 0.10530 -0.28463 -291559333816348707569185378027710709760.00000
0.36626 0.11184 -0.28153 -290219741509256325692694933922023211008.00000
0.38144 -0.08782 -0.29175 -302213987817290984817941228337024204800.00000
0.38557 -0.09758 -0.28943 -295541764659616109405256996870468665344.00000
0.38218 -0.07966 -0.29111 -299545066102365668810194857434799931392.00000
0.38939 -0.07395 -0.29244 -299555470978492342117122342374709657600.00000
0.38489 -0.05600 -0.29238 -303548387827524831866803141946382483456.00000
0.38987 -0.06554 -0.29143 -306227653571348010226465725946762625024.00000
0.39327 -0.05029 -0.29773 -300884678691867654338355725487738716160.00000
0.39472 -0.04238 -0.30046 -306227653571348010226465725946762625024.00000
0.39185 -0.03410 -0.30968 -299576321295564896034318160149031682048.00000
0.40025 -0.02704 -0.31465 -296897055551741717674655576148651540480.00000
0.39529 -0.01796 -0.31846 -292904077855480416969963504735224856576.00000
0.40357 -0.01006 -0.32301 -298236688423653306854486868148841611264.00000
0.40339 0.00771 -0.34303 -303574572418323146173320457847792730112.00000
0.40582 -0.00133 -0.32936 -300905569573759415558892391156563312640.00000
0.40708 0.01709 -0.35499 -299576402425203310640999855938036826112.00000
0.41361 0.01722 -0.35291 -307572539587346945188936820285035773952.00000
0.40140 0.03488 -0.33776 -298236749270882117809498139990595469312.00000
0.41074 0.04548 -0.34616 -302255587039388074393980744149411823616.00000
0.40022 0.05281 -0.33616 -302245222728080608390394107104004669440.00000
0.40046 0.06048 -0.31735 -299591918468550104168874175585270628352.00000
0.39091 0.07535 -0.31112 -287571568699355545343792261057864531968.00000
0.39938 0.06901 -0.31573 -299565977266667033682401947050875813888.00000
0.39101 0.08432 -0.31376 -288895644963101133692408385516318228480.00000
0.40149 0.08874 -0.32661 -292893774391401761921388139531571560448.00000
0.38924 0.10121 -0.31336 -288890452666242598864779855019989008384.00000
0.39958 0.10663 -0.32617 -291559333816348707569185378027710709760.00000
0.38134 0.11221 -0.29312 -291564505830797638745143484576788643840.00000
0.38432 0.12089 -0.28713 -298241901002921445333785822592422117376.00000
0.38336 0.12917 -0.28776 -290230105820563791696281570967430365184.00000
0.39139 -0.11932 -0.29621 -308896555003863722582541672901735612416.00000
0.39963 -0.11448 -0.29799 -298221010121029684113249156923597520896.00000
0.39380 -0.10234 -0.29615 -296881377249118094933417864923407450112.00000
0.40018 -0.09542 -0.29276 -292893733826582554618047291637068988416.00000
0.39629 -0.07650 -0.29453 -296886589828386233412716819366987956224.00000
0.40348 -0.07915 -0.29649 -294228133836816401666909205246427267072.00000
0.39680 -0.06784 -0.29355 -299555450696082738465451918427458371584.00000
0.40402 -0.07024 -0.29555 -290224791829247634958630496787593428992.00000
0.40040 -0.04331 -0.29821 -302229544425456985649156395878760579072.00000
0.40623 -0.05325 -0.29757 -299565875854619015424049827314619383808.00000
0.40338 -0.03569 -0.30541 -302234797569544331431796198216843657216.00000
0.41060 -0.02789 -0.30526 -298231455561975564723517489758009819136.00000
0.40722 -0.01899 -0.31432 -298231475844385168375187913705261105152.00000
0.41606 -0.01080 -0.31855 -310225803282058242107115903909267243008.00000
0.41211 -0.00154 -0.32721 -306238119294703494488404482728426209280.00000
0.42285 0.00758 -0.33643 -316892793578055375388830756984990990336.00000
0.42018 0.02715 -0.35071 -306238099012293890836734058781174923264.00000
0.42714 0.01749 -0.34822 -311555031277843157980019710969547587584.00000
0.41926 0.04666 -0.34963 -304908850734099371312159827773643292672.00000
0.42666 0.03743 -0.34790 -310230995578916776934744434405596463104.00000
0.40992 0.06280 -0.32519 -302245182163261401087053259209502097408.00000
0.42312 0.05649 -0.34030 -307572539587346945188936820285035773952.00000
0.40565 0.07951 -0.31637 -296897055551741717674655576148651540480.00000
0.41173 0.08075 -0.31385 -298231475844385168375187913705261105152.00000
0.40751 0.09012 -0.32413 -296897055551741717674655576148651540480.00000
0.41360 0.10142 -0.32381 -296897014986922510371314728254148968448.00000
0.40724 0.10966 -0.32881 -294228174401635608970250053140929839104.00000
0.41334 0.11136 -0.32590 -295562574411869456019111966750288117760.00000
0.40443 0.12763 -0.32697 -284897454687571694508417359659311038464.00000
0.40950 0.13935 -0.32504 -272887530076913412641933354019065954304.00000
0.40482 0.14516 -0.31522 -290230146385382998999622418861932937216.00000
0.41326 -0.14264 -0.30570 -274201079770074705773599449854102208512.00000
0.40544 -0.12712 -0.29933 -302213926970062173862929956495270346752.00000
0.40688 -0.11822 -0.29955 -299545045819956065158524433487548645376.00000
0.40928 -0.10017 -0.29939 -292883328950455881311119806697159262208.00000
0.41381 -0.11106 -0.29589 -295546956956474644232885527366797885440.00000
0.40918 -0.08064 -0.29348 -287555930961551129905895397727123013632.00000
0.41498 -0.08215 -0.29028 -290224852676476445913641768629347287040.00000
0.41195 -0.06354 -0.29628 -291564424701159224138461788787783499776.00000
0.41750 -0.07414 -0.29431 -291559252686710292962503682238705565696.00000
0.41214 -0.05437 -0.29488 -302239949301583658956083880818670305280.00000
0.42003 -0.04697 -0.29503 -307577691319386272713224502886862422016.00000
0.41366 -0.03674 -0.29582 -306243271026742822012692165330252857344.00000
0.42121 -0.02878 -0.29542 -310230975296507173283074010458345177088.00000
0.41788 -0.01967 -0.30469 -306227653571348010226465725946762625024.00000
0.42329 -0.01074 -0.29897 -307546496973415856444112472014384529408.00000
0.42125 -0.00165 -0.31231 -318206383836035875823837700714529816576.00000
0.43025 0.00759 -0.31547 -312868662100642865718367502593588985856.00000
0.42969 0.02730 -0.33438 -306206864101504267264281180014194458624.00000
0.43677 0.01755 -0.33156 -311529049511140880190206634540650201088.00000
0.42932 0.03716 -0.33402 -307541304676557321616483941518055309312.00000
0.43782 0.04819 -0.33593 -312884218708808866549582670135325360128.00000
0.41891 0.06330 -0.31023 -304893233278704559525933388390153060352.00000
0.43045 0.05625 -0.31883 -314218639001452317250115007691934924800.00000
0.41262 0.07924 -0.29706 -300900336712081673427923012765731520512.00000
0.42209 0.07257 -0.30096 -306222400427260664443825923608679546880.00000
0.41440 0.08969 -0.30387 -298231455561975564723517489758009819136.00000
0.42038 0.10084 -0.30278 -298226182135478615289207263472675454976.00000
0.41956 0.11309 -0.32279 -299565896137028619075720251261870669824.00000
0.42535 0.12507 -0.32100 -295567746426318387195070073299366051840.00000
0.41745 0.14335 -0.32704 -290230044973334980741270299125676507136.00000
0.42360 0.14547 -0.32326 -294228133836816401666909205246427267072.00000
0.41436 0.15128 -0.32236 -291564505830797638745143484576788643840.00000
0.41112 0.15889 -0.31744 -296891944384521597453708741441327464448.00000
0.42235 -0.15607 -0.29538 -300900336712081673427923012765731520512.00000
0.42064 -0.13549 -0.30177 -298226242982707426244218535314429313024.00000
0.43044 -0.13026 -0.30321 -296897055551741717674655576148651540480.00000
0.42161 -0.11475 -0.29710 -295546977238884247884555951314049171456.00000
0.43336 -0.11069 -0.30353 -296897075834151321326326000095902826496.00000
0.41996 -0.09291 -0.28716 -295562655541507870625793662539293261824.00000
0.43774 -0.09228 -0.30812 -296897096116560924977996424043154112512.00000
0.42556 -0.07676 -0.29579 -296897035269332114022985152201400254464.00000
0.43887 -0.07188 -0.30617 -298231496126794772026858337652512391168.00000
0.42627 -0.05757 -0.29356 -300900336712081673427923012765731520512.00000
0.43474 -0.04983 -0.29342 -299565896137028619075720251261870669824.00000
0.42757 -0.02949 -0.29256 -310230975296507173283074010458345177088.00000
0.43407 -0.03022 -0.28949 -303569197579778178480658111826201935872.00000
0.42881 -0.02038 -0.29456 -304888020699436421046634433946572554240.00000
0.42978 -0.01113 -0.29619 -308886150127737049275614187961825886208.00000
0.43708 0.00754 -0.31261 -307546537538235063747453319908887101440.00000
0.44583 -0.00266 -0.31363 -306217309542450147874549512848606756864.00000
0.44378 0.02796 -0.32862 -316872024390621236078316634999674109952.00000
0.45350 0.02856 -0.33083 -310220590702790103627816949465686736896.00000
0.44336 0.03819 -0.32824 -315547948126875647729700510541220413440.00000
0.45229 0.04964 -0.32955 -308896534721454118930871248954484326400.00000
0.43726 0.05711 -0.31585 -310225701870010223848763784173010812928.00000
0.43860 0.06630 -0.30136 -302224331846188847169857441435180072960.00000
0.42658 0.07289 -0.29346 -308886129845327445623943764014574600192.00000
0.42494 0.08175 -0.29128 -306227653571348010226465725946762625024.00000
0.42663 0.10243 -0.29951 -295562554129459852367441542803036831744.00000
0.43529 0.09513 -0.29909 -300889911553545396469325103878570508288.00000
0.43174 0.12700 -0.31731 -296902187001371441547272834803226902528.00000
0.44119 0.12001 -0.31737 -295562574411869456019111966750288117760.00000
0.43207 0.14968 -0.32479 -295562574411869456019111966750288117760.00000
0.43849 0.15189 -0.32047 -295562574411869456019111966750288117760.00000
0.42639 0.15569 -0.31434 -296897055551741717674655576148651540480.00000
0.42279 0.16340 -0.30919 -296897055551741717674655576148651540480.00000
0.41905 0.17072 -0.30383 -296897035269332114022985152201400254464.00000
0.42479 0.17304 -0.29924 -299565896137028619075720251261870669824.00000
0.43028 -0.16097 -0.29577 -294228133836816401666909205246427267072.00000
0.44089 -0.15641 -0.29713 -294222921257548263187610250802846760960.00000
0.43706 -0.14445 -0.30340 -286221490386498075553692636223262162944.00000
0.44774 -0.13902 -0.30458 -288890371536604184258098159230983864320.00000
0.44455 -0.11638 -0.31006 -296897075834151321326326000095902826496.00000
0.44953 -0.12875 -0.30506 -296897014986922510371314728254148968448.00000
0.44833 -0.10778 -0.31545 -295557503809468543101505979937466613760.00000
0.45884 -0.10060 -0.31596 -303548428392344039170143989840885055488.00000
0.45559 -0.07835 -0.32390 -302234838134363538735137046111346229248.00000
0.46281 -0.07989 -0.31957 -310230995578916776934744434405596463104.00000
0.45571 -0.06729 -0.32220 -300900377276900880731263860660234092544.00000
0.46286 -0.05747 -0.31613 -299571068151477550251678357810948603904.00000
0.45512 -0.04532 -0.31785 -302245182163261401087053259209502097408.00000
0.45442 -0.03446 -0.31520 -298236688423653306854486868148841611264.00000
0.44872 -0.02281 -0.30226 -299565936701847826379061099156373241856.00000
0.44985 -0.01283 -0.30400 -303564066130148454608040853171626573824.00000
0.45792 -0.00327 -0.32056 -302219240961378330600581030675107282944.00000
0.46363 0.00726 -0.33237 -307556962696771340706051228796048113664.00000
0.46637 0.02947 -0.33852 -302229544425456985649156395878760579072.00000
0.47445 0.01850 -0.33466 -302234736722315520476784926375089799168.00000
0.46236 0.05097 -0.33147 -299571088433887153903348781758199889920.00000
0.47096 0.04068 -0.32854 -296902207283781045198943258750478188544.00000
0.46618 0.06192 -0.32080 -295572979287996129326039451690197843968.00000
0.46730 0.07345 -0.32436 -291559252686710292962503682238705565696.00000
0.44601 0.07783 -0.30065 -303548387827524831866803141946382483456.00000
0.46587 0.09563 -0.32481 -294223002387186677794291946591851905024.00000
0.45086 0.11252 -0.31705 -294228154119226005318579629193678553088.00000
0.46069 0.10449 -0.31628 -300884840951144483551719117065749004288.00000
0.45221 0.13635 -0.32544 -291559293251529500265844530133208137728.00000
0.45998 0.12714 -0.31962 -294207344366972658704724659313859100672.00000
0.45126 0.14748 -0.32648 -292893733826582554618047291637068988416.00000
0.45684 0.16088 -0.32223 -295536612927576781880969314268642017280.00000
0.44109 0.16243 -0.31069 -298221070968258495068260428765351378944.00000
0.44816 0.17766 -0.31100 -299545045819956065158524433487548645376.00000
0.43058 0.17536 -0.29440 -302213947252471777514600380442521632768.00000
0.42630 0.18232 -0.28862 -303553580124383366694431672442711703552.00000
0.44152 -0.17772 -0.28841 -296886508698747818806035123577982812160.00000
0.45287 -0.17352 -0.28951 -300879506677418723162397618938660782080.00000
0.45560 -0.16366 -0.29104 -299545066102365668810194857434799931392.00000
0.45407 -0.14118 -0.29916 -300889911553545396469325103878570508288.00000
0.46044 -0.14335 -0.29346 -302213947252471777514600380442521632768.00000
0.46048 -0.12240 -0.30578 -299555470978492342117122342374709657600.00000
0.46726 -0.12445 -0.30036 -299550258399224203637823387931129151488.00000
0.46476 -0.11351 -0.31145 -302203582941164311511013743397114478592.00000
0.47178 -0.11549 -0.30613 -310194568371268618534663025142286778368.00000
0.47307 -0.08285 -0.32063 -307556922131952133402710380901545541632.00000
0.48005 -0.09621 -0.31668 -306212036115953198440239286563272392704.00000
0.47605 -0.06076 -0.32284 -302224331846188847169857441435180072960.00000
0.48396 -0.07397 -0.31993 -308891281577366773148231446616401248256.00000
0.47270 -0.04821 -0.31504 -298226283547526633547559383208931885056.00000
0.48559 -0.03907 -0.31878 -307541365523786132571495213359809167360.00000
0.46953 -0.01436 -0.30634 -296871094067449043536512923667005440000.00000
0.48440 -0.02722 -0.31573 -307531001212478666567908576314402013184.00000
0.48233 0.00712 -0.33004 -294233346416084540146208159690007773184.00000
0.48992 -0.00466 -0.32461 -304888061264255628349975281841075126272.00000
0.48237 0.03021 -0.33048 -303558792703651505173730626886292209664.00000
0.49059 0.03060 -0.32601 -303558792703651505173730626886292209664.00000
0.47888 0.04126 -0.32442 -295562574411869456019111966750288117760.00000
0.48899 0.05396 -0.32446 -296907419863049183678242213194058694656.00000
0.47785 0.07557 -0.32557 -283552609236391966849287113215540461568.00000
0.48759 0.06546 -0.32295 -295572979287996129326039451690197843968.00000
0.47871 0.08762 -0.32877 -284887090376264228504830722613903884288.00000
0.49032 0.10279 -0.33251 -291554141519490172741556847531381489664.00000
0.47355 0.10900 -0.32261 -295547078650932266142908071050305601536.00000
0.48092 0.12278 -0.31945 -286205954060741678374147892628777074688.00000
0.47733 0.13294 -0.31523 -292872883509510000700851473862746963968.00000
0.47639 0.14472 -0.31616 -292872842944690793397510625968244391936.00000
0.46797 0.15412 -0.32225 -295541724094796902101916148975966093312.00000
0.47513 0.15642 -0.31675 -292872842944690793397510625968244391936.00000
0.46878 0.17687 -0.31124 -288869561784350837644243189351164411904.00000
0.46378 0.18522 -0.30519 -291533311484827222476031453704310751232.00000
0.44476 0.19510 -0.29314 -292872883509510000700851473862746963968.00000
0.45589 0.19029 -0.29352 -296871094067449043536512923667005440000.00000
0.44535 0.20430 -0.28060 -290193617765686822341188889862366822400.00000
0.45869 -0.18882 -0.28685 -302219078702101501387217639097096994816.00000
0.47459 -0.20215 -0.29804 -304877554976080936784695677164908969984.00000
0.46496 -0.18224 -0.29466 -302219038137282294083876791202594422784.00000
0.47750 -0.17743 -0.29531 -302219078702101501387217639097096994816.00000
0.46741 -0.15855 -0.29180 -304887959852207610091623162104818696192.00000
0.47967 -0.15291 -0.29223 -304887980134617213743293586052069982208.00000
0.47719 -0.12869 -0.30019 -303548387827524831866803141946382483456.00000
0.48206 -0.14194 -0.29329 -306217248695221336919538241006852898816.00000
0.48203 -0.11951 -0.30614 -306196438942967990305683271127033446400.00000
0.49413 -0.11178 -0.30581 -303548367545115228215132717999131197440.00000
0.49090 -0.09971 -0.31703 -303543154965847089735833763555550691328.00000
0.49866 -0.10154 -0.31115 -303548367545115228215132717999131197440.00000
0.49511 -0.07678 -0.32046 -300879425547780308555715923149655638016.00000
0.50660 -0.06696 -0.31887 -300879486395009119510727194991409496064.00000
0.49688 -0.04073 -0.31943 -311518644635014206883279149600740474880.00000
0.50520 -0.04167 -0.31414 -308865299810664495358418370187503861760.00000
0.49885 -0.02905 -0.32192 -308849763484908098178873626593018773504.00000
0.51076 -0.03039 -0.32232 -306212036115953198440239286563272392704.00000
0.50220 0.00696 -0.32641 -306217248695221336919538241006852898816.00000
0.51362 -0.00568 -0.32591 -298231414997156357420176641863507247104.00000
0.50223 0.03130 -0.32682 -298221030403439287764919580870848806912.00000
0.51459 0.01945 -0.32738 -290230004408515773437929451231173935104.00000
0.50050 0.05545 -0.32517 -298241860438102238030444974697919545344.00000
0.51249 0.05700 -0.32556 -298231333867517942813494946074502103040.00000
0.50032 0.08006 -0.32716 -295562574411869456019111966750288117760.00000
0.50877 0.08135 -0.32174 -299524357762160340454692007291236909056.00000
0.50128 0.09293 -0.33033 -298231496126794772026858337652512391168.00000
0.51025 0.10761 -0.32739 -292888582094543227093759609035242340352.00000
0.50683 0.11913 -0.32369 -290230085538154188044611147020179079168.00000
0.50303 0.13027 -0.31956 -286221530951317282857033484117764734976.00000
0.48374 0.14691 -0.31053 -296876184952259560105789334427078230016.00000
0.49116 0.14913 -0.30458 -295531380065899039749999935877810225152.00000
0.48236 0.15873 -0.31095 -296871012937810628929831227878000295936.00000
0.48781 0.17287 -0.30471 -292867752059880276828234215208171601920.00000
0.47335 0.19051 -0.30456 -286205994625560885677488740523279646720.00000
0.48003 0.19304 -0.29794 -283537113475454776973083217515557945344.00000
0.46782 0.19850 -0.29807 -287550880641559820639959834861552795648.00000
0.47422 0.20102 -0.29137 -291538584911324171910341679989645115392.00000
0.50170 -0.24310 -0.33099 -299560602428122065989739601029285019648.00000
0.51305 -0.25110 -0.32957 -300879445830189912207386347096906924032.00000
0.49177 -0.20154 -0.30510 -294207263237334244098042963524853956608.00000
0.51924 -0.20862 -0.32646 -294196878643617174442785902532195516416.00000
0.49054 -0.17207 -0.29562 -300879466112599515859056771044158210048.00000
0.50408 -0.16611 -0.29553 -300879506677418723162397618938660782080.00000
0.49592 -0.14930 -0.29806 -298210625527312614457992095930939080704.00000
0.50924 -0.14230 -0.29763 -299545106667184876113535705329302503424.00000
0.50529 -0.11574 -0.30522 -299545045819956065158524433487548645376.00000
0.51132 -0.13010 -0.29822 -299545066102365668810194857434799931392.00000
0.51095 -0.09255 -0.30997 -303548367545115228215132717999131197440.00000
0.51818 -0.10710 -0.30404 -303548367545115228215132717999131197440.00000
0.51868 -0.06956 -0.31875 -299545045819956065158524433487548645376.00000
0.52727 -0.07096 -0.31235 -303548367545115228215132717999131197440.00000
0.52191 -0.05749 -0.32243 -307525748068391320785268773976318935040.00000
0.53069 -0.05870 -0.31609 -307546557820644667399123743856138387456.00000
0.52120 -0.01864 -0.31872 -292878116371187742831820852253578756096.00000
0.53397 -0.01962 -0.31835 -299539934652735944937577598780224569344.00000
0.52324 0.00680 -0.32128 -291554080672261361786545575689627631616.00000
0.53533 -0.00653 -0.31993 -304882909532216300825687599239248478208.00000
0.52326 0.03245 -0.32166 -303558772421241901522060202939040923648.00000
0.54044 0.02011 -0.32728 -298195109483965820930117776283705278464.00000
0.52624 0.04576 -0.32678 -311554970430614347025008439127793729536.00000
0.53795 0.06029 -0.32523 -302213947252471777514600380442521632768.00000
0.52320 0.07130 -0.32386 -306206843819094663612610756066943172608.00000
0.53363 0.08626 -0.32107 -292872984921558018959203593599003394048.00000
0.52194 0.09728 -0.32461 -294196959773255589049467598321200660480.00000
0.53122 0.11266 -0.32063 -286226784095404628639673286455847813120.00000
0.51512 0.12102 -0.31754 -292888480682495208835407489298985910272.00000
0.52300 0.13630 -0.31236 -290209235221081634127415329245857054720.00000
0.50200 0.15353 -0.30369 -292878116371187742831820852253578756096.00000
0.51462 0.14532 -0.30202 -292872924074329208004192321757249536000.00000
0.49698 0.16340 -0.29833 -290209275785900841430756177140359626752.00000
0.50217 0.17774 -0.29102 -286205954060741678374147892628777074688.00000
0.49004 0.19853 -0.29652 -287530030324487266722764017087230771200.00000
0.50319 0.19240 -0.29574 -283526708599328103666155732575648219136.00000
0.48400 0.22088 -0.29391 -291554182084309380044897695425884061696.00000
0.49727 0.21574 -0.29339 -287530030324487266722764017087230771200.00000
0.48760 0.23941 -0.30428 -286221551233726886508703908065016020992.00000
0.48292 0.24474 -0.28217 -279544216908831890875072841891136405504.00000
0.52480 -0.25938 -0.32773 -298215716412123131027268506691011870720.00000
0.55327 -0.26690 -0.34468 -300884638127048447035014877593236144128.00000
0.54744 -0.23010 -0.34903 -298189775210240060540796278156617056256.00000
0.55517 -0.23291 -0.33879 -296876164669849956454118910479826944000.00000
0.53987 -0.20678 -0.33376 -296865739511313679495521001592665931776.00000
0.55087 -0.19571 -0.32533 -295541724094796902101916148975966093312.00000
0.53579 -0.17210 -0.32090 -299545045819956065158524433487548645376.00000
0.55129 -0.16421 -0.31971 -300879486395009119510727194991409496064.00000
0.52888 -0.12408 -0.30286 -303563883588462021743007037646364999680.00000
0.54582 -0.13086 -0.30713 -300884597562229239731674029698733572096.00000
0.53540 -0.09949 -0.30803 -302219098984511105038888063044348280832.00000
0.54393 -0.10129 -0.30051 -311560162727472881852636969624122949632.00000
0.54005 -0.07370 -0.31134 -300884678691867654338355725487738716160.00000
0.54886 -0.08916 -0.30543 -304882808120168282567335479502992048128.00000
0.54266 -0.04712 -0.31263 -304882808120168282567335479502992048128.00000
0.55280 -0.06230 -0.30790 -295546997521293851536226375261300457472.00000
0.54523 -0.03400 -0.31536 -306217268977630940571208664954104184832.00000
0.55449 -0.03480 -0.30827 -296870972372991421626490379983497723904.00000
0.54871 -0.00710 -0.31917 -308880917266059307144644809570994094080.00000
0.55909 0.00651 -0.31315 -300869040954063238900458862156997197824.00000
0.54957 0.03403 -0.32054 -300884800386325276248378269171246432256.00000
0.55939 0.02049 -0.31361 -294207344366972658704724659313859100672.00000
0.56255 0.04899 -0.31854 -280899446953728688189460149327565422592.00000
0.56097 0.06297 -0.31720 -284892323237941970635800101004735676416.00000
0.54265 0.08763 -0.31431 -284902870090935869504420553575404404736.00000
0.55446 0.07571 -0.30956 -290224812111657238610300920734844715008.00000
0.54365 0.10183 -0.31714 -267555142615246162925784654025213345792.00000
0.55316 0.11794 -0.31200 -294217850655147350270004263990025256960.00000
0.53997 0.12851 -0.31547 -282218330920615741710447743289689899008.00000
0.54873 0.13050 -0.30790 -294212638075879211790705309546444750848.00000
0.52636 0.14965 -0.30040 -294202192634933331180436976712032452608.00000
0.53685 0.16762 -0.29852 -288874835210847787078553415636498776064.00000
0.52061 0.18851 -0.30017 -286205933778332074722477468681525788672.00000
0.53066 0.17819 -0.29266 -283552690366030381455968809004545605632.00000
0.51794 0.20107 -0.29939 -278209715486550025567858808545521696768.00000
0.52940 0.20694 -0.29688 -284887151223493039459841994455657742336.00000
0.51205 0.24129 -0.30149 -282213098058937999579478364898858106880.00000
0.52693 0.23585 -0.30034 -282213077776528395927807940951606820864.00000
0.50819 0.25309 -0.29969 -283547538633991053931681126402718957568.00000
0.51027 0.26714 -0.28817 -284871554050507831325285979019418796032.00000
0.58754 -0.33860 -0.38107 -299560480733664444079717057345777303552.00000
0.59486 -0.34131 -0.36710 -299555268154396305600418102902196797440.00000
0.59974 -0.32494 -0.36833 -300884577279819636080003605751482286080.00000
0.59631 -0.30045 -0.35891 -303553519277154555739420400600957845504.00000
0.57136 -0.26148 -0.34378 -298215777259351941982279778532765728768.00000
0.58330 -0.24941 -0.33352 -296886528981157422457705547525234098176.00000
0.57620 -0.21137 -0.33865 -298221010121029684113249156923597520896.00000
0.58080 -0.22909 -0.32660 -299550197551995392682812116089375293440.00000
0.57327 -0.19207 -0.33147 -298210605244903010806321671983687794688.00000
0.58466 -0.17965 -0.32182 -307546354996548630882419504383625527296.00000
0.56720 -0.15550 -0.31785 -307546436126187045489101200172630671360.00000
0.58345 -0.14590 -0.31524 -303543073836208675129152067766545547264.00000
0.56059 -0.12129 -0.30478 -306217167565582922312856545217847754752.00000
0.57555 -0.11085 -0.30162 -306211995551133991136898438668769820672.00000
0.56239 -0.07802 -0.30199 -300879486395009119510727194991409496064.00000
0.57149 -0.07950 -0.29367 -303543154965847089735833763555550691328.00000
0.56545 -0.05012 -0.30357 -306196459225377593957353695074284732416.00000
0.57586 -0.06605 -0.29766 -300884759821506068945037421276743860224.00000
0.57537 -0.02280 -0.31452 -307520454359484767699288123743733284864.00000
0.58774 -0.03872 -0.30989 -302213947252471777514600380442521632768.00000
0.57802 0.00633 -0.31726 -307530838953201837354545184736391725056.00000
0.58798 0.00626 -0.30903 -306196378095739179350671999285279588352.00000
0.57324 0.03531 -0.31165 -296886650675615044367728091208741814272.00000
0.58831 0.02123 -0.30947 -302208714390794035383631002051689840640.00000
0.57223 0.04970 -0.31089 -294238599560171885928847962028090851328.00000
0.58197 0.05041 -0.30275 -298231496126794772026858337652512391168.00000
0.56378 0.07689 -0.30196 -300889891271135792817654679931319222272.00000
0.57469 0.09309 -0.29684 -303527496945633070646266476277557886976.00000
0.56183 0.10506 -0.30200 -295541784942025713056927420817719951360.00000
0.57098 0.10668 -0.29375 -300869081518882446203799710051499769856.00000
0.56202 0.13448 -0.30561 -296871033220220232581501651825251581952.00000
0.57097 0.13651 -0.29701 -294207283519743847749713387472105242624.00000
0.55837 0.17813 -0.30771 -284892384085170781590811372846489534464.00000
0.57870 0.17146 -0.31062 -283563054677337847459555446049952759808.00000
0.56605 0.19890 -0.32049 -282223502935064672886405849838767833088.00000
0.58549 0.20869 -0.32430 -280889082642421222185873512282158268416.00000
0.56052 0.22798 -0.31956 -287550860359150216988289410914301509632.00000
0.57398 0.23497 -0.31626 -284887171505902643111512418402909028352.00000
0.54933 0.26965 -0.31576 -282192268024275049313952971071787368448.00000
0.56636 0.26375 -0.31377 -282207804350031446493497714666272456704.00000
0.53513 0.29025 -0.30469 -283531900896186638493784263071977439232.00000
0.55734 0.29129 -0.31020 -283537072910635569669742369621055373312.00000
0.53543 0.30863 -0.30979 -282202672900401722620880456011697094656.00000
0.55300 0.32417 -0.31356 -280868232325348668268677694507836243968.00000
0.63220 -0.39574 -0.37123 -299560480733664444079717057345777303552.00000
0.62755 -0.36660 -0.36019 -298226019876201786075843871894665166848.00000
0.61602 -0.33677 -0.36523 -299555308719215512903758950796699369472.00000
0.63816 -0.33148 -0.36272 -298215756976942338330609354585514442752.00000
0.60876 -0.28720 -0.34697 -302208714390794035383631002051689840640.00000
0.62144 -0.27376 -0.33494 -299555410131263531162111070532955799552.00000
0.60244 -0.24256 -0.33146 -300884638127048447035014877593236144128.00000
0.62224 -0.23481 -0.32865 -298215716412123131027268506691011870720.00000
0.61860 -0.21334 -0.32144 -296876083540211541847437214690821799936.00000
0.62916 -0.20128 -0.33015 -304882666143301057005642511872233046016.00000
0.61534 -0.17760 -0.33411 -302213784993194948301236988864511344640.00000
0.64129 -0.17046 -0.33813 -300884638127048447035014877593236144128.00000
0.61224 -0.14094 -0.32578 -302219078702101501387217639097096994816.00000
0.63636 -0.13168 -0.32850 -298210625527312614457992095930939080704.00000
0.60165 -0.10340 -0.31005 -299545066102365668810194857434799931392.00000
0.62960 -0.09438 -0.31800 -299545126949594479765206129276553789440.00000
0.59957 -0.05536 -0.30397 -303548387827524831866803141946382483456.00000
0.61647 -0.07410 -0.30282 -302224372411008054473198289329682644992.00000
0.61688 -0.02634 -0.32188 -295552149253333179060514057863127105536.00000
0.65026 -0.04700 -0.33663 -303558792703651505173730626886292209664.00000
0.61306 -0.00994 -0.31722 -295552149253333179060514057863127105536.00000
0.63067 0.00586 -0.31483 -304882828402577886219005903450243334144.00000
0.60312 0.03709 -0.30632 -299555450696082738465451918427458371584.00000
0.61884 0.03803 -0.30272 -303548367545115228215132717999131197440.00000
0.60193 0.05247 -0.30548 -296886569545976629761046395419736670208.00000
0.62326 0.05467 -0.30785 -302213926970062173862929956495270346752.00000
0.59732 0.08264 -0.30193 -296886569545976629761046395419736670208.00000
0.61449 0.10172 -0.30130 -299529408082151649720627570156807127040.00000
0.58989 0.11150 -0.29601 -296870952090581817974819956036246437888.00000
0.59957 0.12907 -0.28823 -295541724094796902101916148975966093312.00000
0.59441 0.16099 -0.30646 -291559252686710292962503682238705565696.00000
0.62208 0.15461 -0.31412 -278214846936179749440476067200097058816.00000
0.60870 0.20273 -0.32776 -286221551233726886508703908065016020992.00000
0.64007 0.19922 -0.33804 -251526055717528266048091261070131331072.00000
0.60638 0.21921 -0.32790 -284887090376264228504830722613903884288.00000
0.62886 0.23055 -0.33128 -262201600600362304517383777048269422592.00000
0.59391 0.24673 -0.31955 -280883748368695461796552014155070046208.00000
0.60453 0.27014 -0.31390 -280883788933514669099892862049572618240.00000
0.57507 0.28597 -0.30788 -276880487490765109694955001485241352192.00000
0.60000 0.28552 -0.31240 -276890851802072575698541638530648506368.00000
0.57102 0.32002 -0.31136 -280883849780743480054904133891326476288.00000
0.59116 0.33679 -0.31456 -279554621784958564182000326831046131712.00000
0.60026 0.36788 -0.33015 -280889062360011618534203088334906982400.00000
0.65016 -0.41064 -0.36704 -298226040158611389727514295841916452864.00000
0.66894 -0.42630 -0.36217 -298226040158611389727514295841916452864.00000
0.66146 -0.37292 -0.36910 -302224149304502414304823625909918498816.00000
0.71142 -0.39071 -0.39102 -300884556997410032428333181804231000064.00000
0.65127 -0.31654 -0.34867 -300874233250921773728087392653326417920.00000
0.68526 -0.31818 -0.35536 -299539792675868719375884631149465567232.00000
0.64269 -0.26647 -0.33164 -304877514411261729481354829270406397952.00000
0.66466 -0.25815 -0.32746 -302208653543565224428619730209935982592.00000
0.65086 -0.23141 -0.33357 -298205311535996457720341021751102144512.00000
0.68132 -0.22670 -0.33768 -299539772393459115724214207202214281216.00000
0.65692 -0.19526 -0.33412 -299544924125498443248501889804040929280.00000
0.67744 -0.18351 -0.32871 -294228093271997194363568357351924695040.00000
0.66053 -0.15831 -0.33306 -303548367545115228215132717999131197440.00000
0.67988 -0.14499 -0.32683 -295552128970923575408843633915875819520.00000
0.64000 -0.11357 -0.30860 -299539954935145548589248022727475855360.00000
0.65001 -0.11545 -0.29679 -299545045819956065158524433487548645376.00000
0.66449 -0.06658 -0.32928 -299571088433887153903348781758199889920.00000
0.67028 -0.08511 -0.31325 -302213947252471777514600380442521632768.00000
0.67948 -0.03196 -0.34267 -306217268977630940571208664954104184832.00000
0.69927 -0.03350 -0.33789 -302213947252471777514600380442521632768.00000
0.68181 -0.01342 -0.34457 -306191246646109455478054740630704226304.00000
0.69502 0.00522 -0.33335 -300884698974277257990026149434990002176.00000
0.65465 0.02310 -0.31755 -307546476691006252792442048067133243392.00000
0.67208 0.04162 -0.31228 -296881377249118094933417864923407450112.00000
0.65687 0.07615 -0.32125 -302208714390794035383631002051689840640.00000
0.67767 0.06046 -0.31799 -296876164669849956454118910479826944000.00000
0.65351 0.09325 -0.31885 -300874273815740981031428240547828989952.00000
0.68164 0.11738 -0.32455 -299539792675868719375884631149465567232.00000
0.63842 0.14181 -0.30782 -298215817824171149285620626427268300800.00000
0.66949 0.15148 -0.31607 -291554060389851758134875151742376345600.00000
0.65134 0.18361 -0.32479 -286221490386498075553692636223262162944.00000
0.66960 0.17056 -0.31799 -288895604398281926389067537621815656448.00000
0.65561 0.22439 -0.33412 -278214988913046975002169034830856060928.00000
0.67548 0.21259 -0.32802 -276890953214120593956893758266904936448.00000
0.64546 0.23802 -0.32643 -283542346337132519104052595906389737472.00000
0.66260 0.24575 -0.32083 -282192268024275049313952971071787368448.00000
0.62668 0.28422 -0.31638 -279565046943494841140598235718207143936.00000
0.65908 0.30608 -0.32708 -279549409205690425702701372387465625600.00000
0.62436 0.32333 -0.32152 -284876705782547158849573661621245444096.00000
0.64013 0.33354 -0.31551 -286205852648693660115795772892520644608.00000
0.62115 0.36348 -0.32673 -282207743502802635538486442824518598656.00000
0.62604 0.34209 -0.30505 -283536910651358740456378978043045085184.00000
0.62371 0.38890 -0.33443 -280873343492568788489624529215160320000.00000
0.61748 0.40518 -0.33250 -278199310610423352260931323605611970560.00000
0.69641 -0.47971 -0.37008 -296912368770992474685825656323372482560.00000
0.71740 -0.47468 -0.38547 -296902004459685008682239019277965328384.00000
0.74639 -0.47066 -0.37958 -300894921308717498431919818849638154240.00000
0.72862 -0.42924 -0.38564 -299555268154396305600418102902196797440.00000
0.73655 -0.43191 -0.36535 -298226080723430597030855143736419024896.00000
0.73889 -0.38376 -0.38581 -299544984972727254203513161645794787328.00000
0.76742 -0.37562 -0.37948 -299534661226238995503267372494890205184.00000
0.72198 -0.31874 -0.36137 -299539833240687926679225479043968139264.00000
0.76156 -0.31802 -0.36650 -296870952090581817974819956036246437888.00000
0.70747 -0.26156 -0.34093 -306212036115953198440239286563272392704.00000
0.74318 -0.25696 -0.34412 -303543134683437486084163339608299405312.00000
0.70363 -0.21517 -0.33170 -299539833240687926679225479043968139264.00000
0.72622 -0.20234 -0.32447 -295552169535742782712184481810378391552.00000
0.68931 -0.16672 -0.31416 -296886589828386233412716819366987956224.00000
0.69039 -0.14721 -0.31322 -298220989838620080461578732976346234880.00000
0.68218 -0.10572 -0.30280 -306222400427260664443825923608679546880.00000
0.70121 -0.12959 -0.29778 -303553478712335348436079552706455273472.00000
0.72926 -0.07735 -0.34206 -298210605244903010806321671983687794688.00000
0.73487 -0.09835 -0.32306 -304887939569798006439952738157567410176.00000
0.73817 -0.03698 -0.34835 -304882808120168282567335479502992048128.00000
0.76691 -0.06144 -0.34758 -302219078702101501387217639097096994816.00000
0.73146 -0.01569 -0.34207 -303548367545115228215132717999131197440.00000
0.76355 -0.01722 -0.34376 -304887959852207610091623162104818696192.00000
0.72427 0.02517 -0.33565 -292919695310875228756189944118715088896.00000
0.76460 0.04820 -0.34479 -298215817824171149285620626427268300800.00000
0.72738 0.08666 -0.33993 -296881356966708491281747440976156164096.00000
0.75892 0.09117 -0.34140 -302193096935399223597404562668199608320.00000
0.72687 0.12808 -0.34170 -294217647831051313753300024517512396800.00000
0.74840 0.13240 -0.33490 -292898824711393071187323702397141778432.00000
0.72040 0.14711 -0.33742 -292883247820817466704438110908154118144.00000
0.74325 0.17447 -0.33370 -288874774363618976123542143794744918016.00000
0.70419 0.20359 -0.32861 -288890452666242598864779855019989008384.00000
0.74403 0.21942 -0.33839 -283537072910635569669742369621055373312.00000
0.69407 0.21963 -0.32178 -284871513485688624021945131124916224000.00000
0.72061 0.25272 -0.32339 -276838827421439209163904213831099875328.00000
0.68550 0.27841 -0.32217 -284840278574899000449492252357935759360.00000
0.70413 0.28760 -0.31485 -279507769418774128823321008680575434752.00000
0.69071 0.30414 -0.33028 -283521455455240757883515930237565140992.00000
0.69468 0.32645 -0.31308 -278178561705398816602087625567546376192.00000
0.66563 0.35230 -0.31762 -283531819766548223887102567282972295168.00000
0.68912 0.34530 -0.31172 -280852554022725045527439983282592153600.00000
0.66929 0.37910 -0.32534 -283526586904870481756133188892140503040.00000
0.66983 0.39945 -0.30627 -276859698020921366732770455552673185792.00000
0.64631 0.40380 -0.31173 -278178541422989212950417201620295090176.00000
0.66274 0.41673 -0.30413 -274206454608619673466261795875693002752.00000
0.77674 -0.46565 -0.37263 -292877974394320517270127884622819753984.00000
0.78231 -0.44084 -0.37254 -292877994676730120921798308570071040000.00000
0.79248 -0.39113 -0.37222 -300879466112599515859056771044158210048.00000
0.79626 -0.41896 -0.35049 -288869521219531630340902341456661839872.00000
0.81333 -0.37809 -0.38539 -300874273815740981031428240547828989952.00000
0.82328 -0.38139 -0.36345 -299539792675868719375884631149465567232.00000
0.78933 -0.30659 -0.35856 -306211995551133991136898438668769820672.00000
0.84753 -0.33926 -0.37474 -303543073836208675129152067766545547264.00000
0.80859 -0.26493 -0.36796 -304877534693671333133025253217657683968.00000
0.83607 -0.24927 -0.35743 -306212015833543594788568862616021106688.00000
0.80983 -0.21385 -0.36386 -303543154965847089735833763555550691328.00000
0.83527 -0.19612 -0.35239 -304877595540900144088036525059411542016.00000
0.76945 -0.12782 -0.32679 -304877595540900144088036525059411542016.00000
0.79439 -0.15704 -0.32079 -303543154965847089735833763555550691328.00000
0.80844 -0.09056 -0.35457 -303553580124383366694431672442711703552.00000
0.83431 -0.09445 -0.34578 -298231414997156357420176641863507247104.00000
0.80690 -0.04288 -0.35182 -304882808120168282567335479502992048128.00000
0.82768 -0.06875 -0.34014 -296902187001371441547272834803226902528.00000
0.84926 -0.02140 -0.35457 -300905508726530604603881119314809454592.00000
0.85117 0.00370 -0.35576 -296902187001371441547272834803226902528.00000
0.82459 0.02820 -0.36489 -302224291281369639866516593540677500928.00000
0.82345 0.05240 -0.36431 -298215756976942338330609354585514442752.00000
0.82085 0.07639 -0.36286 -300874273815740981031428240547828989952.00000
0.83428 0.07738 -0.34453 -296902187001371441547272834803226902528.00000
0.81139 0.12317 -0.35739 -294196898926026778094456326479446802432.00000
0.85080 0.13037 -0.35821 -292883207255998259401097263013651546112.00000
0.81200 0.19691 -0.36242 -291538422652047342696978288411634827264.00000
0.86709 0.21424 -0.37464 -290209235221081634127415329245857054720.00000
0.82767 0.22830 -0.37677 -287535100926888179640370003900052275200.00000
0.85489 0.23690 -0.36779 -286205994625560885677488740523279646720.00000
0.81459 0.30140 -0.37420 -274175260262649257197149765003215110144.00000
0.85688 0.32135 -0.37699 -275509680555292707897682102559824674816.00000
0.78226 0.33528 -0.35447 -271501227380503820968456559393666760704.00000
0.82408 0.33096 -0.35547 -270171897972670886837200632597129986048.00000
0.77412 0.38307 -0.35500 -278178581987808420253758049514797662208.00000
0.81344 0.40874 -0.35780 -279518235142129613085259765462239019008.00000
0.74968 0.41778 -0.34270 -280857847731631598613420633515177803776.00000
0.77800 0.40975 -0.33422 -278194199443203232039984488898287894528.00000
0.74352 0.43982 -0.34184 -272861670004668756762142821273676283904.00000
0.76563 0.45579 -0.33275 -264860360828076191038247750377599401984.00000
0.71638 0.46873 -0.32775 -260857018820507424329969041918765563904.00000
0.83593 -0.47929 -0.35526 -284881756102538468115509224486815662080.00000
0.84636 -0.42477 -0.35442 -292867589800603447614870823630161313792.00000
0.89699 -0.45950 -0.35811 -286200660351835125288167242396191424512.00000
0.85492 -0.37006 -0.35313 -298200139521547526544382915202024210432.00000
0.90094 -0.42929 -0.35688 -287545485520605249295627064892710715392.00000
0.89612 -0.36564 -0.37875 -296870911525762610671479108141743865856.00000
0.90707 -0.36900 -0.35400 -292872842944690793397510625968244391936.00000
0.89845 -0.30555 -0.37414 -299539792675868719375884631149465567232.00000
0.92975 -0.28755 -0.36007 -296881316401889283978406593081653592064.00000
0.86352 -0.23186 -0.34514 -296876083540211541847437214690821799936.00000
0.90964 -0.24873 -0.34498 -296881316401889283978406593081653592064.00000
0.92173 -0.16729 -0.37898 -302213947252471777514600380442521632768.00000
0.94085 -0.20079 -0.36071 -299545066102365668810194857434799931392.00000
0.92430 -0.11030 -0.37805 -306212036115953198440239286563272392704.00000
0.97629 -0.11889 -0.37855 -299534661226238995503267372494890205184.00000
0.89830 -0.07809 -0.35972 -303543154965847089735833763555550691328.00000
0.94634 -0.08411 -0.35906 -298205433230454079630363565434609860608.00000
0.89402 0.00329 -0.35561 -302213947252471777514600380442521632768.00000
0.92180 -0.02477 -0.34282 -299534661226238995503267372494890205184.00000
0.86510 0.02918 -0.33639 -296886589828386233412716819366987956224.00000
0.92276 0.05878 -0.34359 -294212435251783175274001070073931890688.00000
0.88502 0.10956 -0.35126 -296870891243353007019808684194492579840.00000
0.91940 0.08635 -0.34203 -295546875826836229626203831577792741376.00000
0.91821 0.17192 -0.37585 -292893632414534536359695171900812558336.00000
0.94111 0.14695 -0.35726 -296881316401889283978406593081653592064.00000
0.93117 0.23445 -0.38805 -291554121237080569089886423584130203648.00000
0.97759 0.21674 -0.38285 -292878075806368535528480004359076184064.00000
0.95559 0.27419 -0.40684 -286216379219277955332745801515938086912.00000
0.97360 0.31125 -0.38669 -278209877745826854781222200123531984896.00000
0.90381 0.34356 -0.37932 -275509660272883104246011678612573388800.00000
0.93479 0.32546 -0.36457 -279533954009572443129838324581985681408.00000
0.88454 0.36332 -0.36899 -274159622524844841759252901672473591808.00000
0.89331 0.39621 -0.34665 -272830374246650322234678670664941961216.00000
0.83956 0.42436 -0.34760 -278183774284666955081386580011126882304.00000
0.87129 0.41281 -0.33555 -275514812004922431770299361214400036864.00000
0.81754 0.43745 -0.33557 -274190857435634465331705780439454056448.00000
0.84336 0.45405 -0.32417 -268853176265060662529576430213015797760.00000
0.96206 -0.39891 -0.35531 -284876624652908744242891965832240300032.00000
0.99831 -0.38221 -0.33861 -284840298857308604101162676305187045376.00000
0.96260 -0.30008 -0.34724 -291528058340739876693391651366227673088.00000
0.97428 -0.30304 -0.32053 -290162504549354820678758554778894073856.00000
0.97868 -0.24271 -0.35227 -291538422652047342696978288411634827264.00000
0.99469 -0.27915 -0.32933 -284850744298254484711431009139599343616.00000
1.00987 -0.18831 -0.36681 -288869541501941233992572765403913125888.00000
1.03123 -0.22594 -0.34505 -283531840048957827538772991230223581184.00000
1.02289 -0.15898 -0.37287 -287540333788565921771339382290884067328.00000
1.14216 -0.18466 -0.40060 -282207804350031446493497714666272456704.00000
1.02734 -0.06238 -0.37262 -284866260341601278239305328786833145856.00000
1.13615 -0.10907 -0.39521 -276875295193906574867326470988912132096.00000
1.01047 -0.02926 -0.36257 -287535141491707386943710851794554847232.00000
1.03277 0.06667 -0.37547 -287535100926888179640370003900052275200.00000
0.96808 0.09151 -0.33911 -284866219776782070935964480892330573824.00000
1.08405 0.13916 -0.36832 -286185205155717142715304194590711480320.00000
0.98320 0.18547 -0.35073 -283531840048957827538772991230223581184.00000
1.07483 0.17213 -0.36452 -295536673774805592835980586110395875328.00000
1.03581 0.23220 -0.38257 -284871533768098227673615555072167510016.00000
1.05890 0.27207 -0.36064 -282207946326898672055190682297031458816.00000
1.00463 0.28867 -0.36838 -279544277756060701830084113732890263552.00000
1.02215 0.32737 -0.34515 -282207844914850653796838562560775028736.00000
0.96746 0.33854 -0.35134 -278209898028236458432892624070783270912.00000
0.95817 0.36393 -0.31539 -275535804298862211249188146619481063424.00000
0.90355 0.39948 -0.32172 -271501247662913424620126983340918046720.00000
0.91322 0.40256 -0.29614 -266174011933285502428265965948892086272.00000
0.85756 0.43050 -0.30016 -274185786833233552414099793626632552448.00000
0.88972 0.41891 -0.28600 -271506521089410374054437209626252410880.00000
0.85162 0.45689 -0.29991 -271516925965537047361364694566162137088.00000
0.85937 0.45953 -0.27516 -267524090246142972218365590783494455296.00000
1.08720 -0.35147 -0.34313 -276818139363643484460071787634788139008.00000
1.17269 -0.22910 -0.37679 -278178622552627627557098897409300234240.00000
1.18900 -0.19383 -0.38318 -279507830266002939778332280522329292800.00000
1.06306 0.37889 -0.33245 -276859819715378988642792999236180901888.00000
1.01272 0.46112 -0.31550 -255488123021553601607057236872598126592.00000
