# .PCD v0.7 - Point Cloud Data file format
VERSION 0.7
FIELDS x y z
SIZE 4 4 4
TYPE F F F
COUNT 1 1 1
WIDTH 694
HEIGHT 1
VIEWPOINT 0 0 0 1 0 0 0
POINTS 694
DATA ascii
0.35704 -0.07170 -0.29680 -283547558916400657583351550349970243584.00000
0.35748 -0.06416 -0.29549 -287535303750984216157074243372565135360.00000
0.35352 -0.04818 -0.29374 -288885321216612874992162596365413646336.00000
0.35804 -0.04915 -0.29234 -283552852625307210669332200582555893760.00000
0.35456 -0.04149 -0.29619 -282233948376010553496674182673180131328.00000
0.36012 -0.03543 -0.29714 -283557963792527330890279035289879969792.00000
0.35535 -0.02727 -0.29598 -282223523217474276538076273786019119104.00000
0.36172 -0.02123 -0.30094 -288895726092739548299090081305323372544.00000
0.35611 -0.00597 -0.29603 -287556174350466373725940485094138445824.00000
0.36131 -0.01368 -0.29803 -288890554078290617123131974756245438464.00000
0.35372 0.00142 -0.28453 -284887293200360265021534962086416744448.00000
0.35825 0.00127 -0.28350 -290225035218162878778675584154608861184.00000
0.35066 0.01493 -0.27035 -283552812060488003365991352688053321728.00000
0.35586 0.01508 -0.27305 -288890594643109824426472822650748010496.00000
0.34866 0.03411 -0.26306 -286221754057822923025408147537528881152.00000
0.35481 0.02841 -0.26948 -284887272917950661369864538139165458432.00000
0.35582 0.04245 -0.27598 -287550982053607838898311954597809225728.00000
0.35616 0.04963 -0.27895 -288885402346251289598844292154418790400.00000
0.35118 0.06997 -0.28395 -278204685448968319953593669627202764800.00000
0.35545 0.07839 -0.28483 -284866382036058900149327872470340861952.00000
0.35520 0.08584 -0.28678 -286200822611111954501530633974201712640.00000
0.36325 -0.08315 -0.30569 -283547558916400657583351550349970243584.00000
0.36160 -0.07300 -0.29501 -288869703761218063205936156981923414016.00000
0.36207 -0.06536 -0.29380 -291538584911324171910341679989645115392.00000
0.36242 -0.05774 -0.29240 -292873066051196433565885289388008538112.00000
0.36851 -0.05194 -0.29362 -290209377197948859689108296876616056832.00000
0.36487 -0.03621 -0.29575 -286226844942633439594684558297601671168.00000
0.36976 -0.04485 -0.29629 -288890574360700220774802398703496724480.00000
0.36657 -0.02177 -0.29965 -287561265235276890295216895854211235840.00000
0.37187 -0.03024 -0.30087 -290230146385382998999622418861932937216.00000
0.36774 -0.00696 -0.30248 -287561265235276890295216895854211235840.00000
0.37278 -0.00726 -0.30114 -288895705810329944647419657358072086528.00000
0.36491 0.00090 -0.29050 -291564586960436053351825180365793787904.00000
0.37114 0.00812 -0.29416 -292899047817898711355698365816905924608.00000
0.36220 0.02235 -0.27973 -294217952067195368528356383726281687040.00000
0.36905 0.01551 -0.28629 -298226466089213066412593198734193459200.00000
0.36202 0.02939 -0.27963 -287550921206379027943300682756055367680.00000
0.36777 0.02997 -0.28232 -290219802356485136647706205763777069056.00000
0.36261 0.05128 -0.28561 -292888642941772038048770880876996198400.00000
0.36949 0.05303 -0.29249 -292893835238630572876399411373325418496.00000
0.36190 0.05829 -0.28444 -294223083516825092400973642380857049088.00000
0.36106 0.06521 -0.28301 -288885321216612874992162596365413646336.00000
0.36009 0.07203 -0.28134 -290219761791665929344365357869274497024.00000
0.36471 0.07309 -0.27988 -291548969505041241565598740982303555584.00000
0.35836 0.09366 -0.28283 -291528180035197498603414195049735389184.00000
0.36429 0.08838 -0.28363 -290209316350720048734097025034862198784.00000
0.38181 -0.11077 -0.32143 -284892384085170781590811372846489534464.00000
0.37473 -0.09717 -0.31240 -286226844942633439594684558297601671168.00000
0.38201 -0.09182 -0.31422 -294212698923108022745716581388198608896.00000
0.37349 -0.07801 -0.30041 -290193739460144444251211433545874538496.00000
0.38037 -0.07234 -0.30189 -292857387748572810824647578162764447744.00000
0.37315 -0.06092 -0.29332 -294191828323625865176850339666625298432.00000
0.37943 -0.06306 -0.29589 -294191828323625865176850339666625298432.00000
0.37593 -0.03844 -0.29708 -290230146385382998999622418861932937216.00000
0.38246 -0.04825 -0.30190 -294223022669596281445962370539103191040.00000
0.38177 -0.02465 -0.31535 -290230146385382998999622418861932937216.00000
0.38771 -0.03391 -0.31651 -294233468110542162056230703373515489280.00000
0.38253 -0.01662 -0.31703 -292899027535489107704027941869654638592.00000
0.38872 -0.00883 -0.31676 -292899027535489107704027941869654638592.00000
0.37962 0.00009 -0.30524 -292899027535489107704027941869654638592.00000
0.38805 0.00792 -0.31376 -287561265235276890295216895854211235840.00000
0.37746 0.02358 -0.29765 -276880568620403524301636697274246496256.00000
0.38403 0.02400 -0.30052 -271547998617049841720454181755132313600.00000
0.37606 0.03108 -0.29322 -290230166667792602651292842809184223232.00000
0.38340 0.03995 -0.29985 -294238680689810300535529657817095995392.00000
0.37754 0.04719 -0.30065 -288895705810329944647419657358072086528.00000
0.37565 0.05433 -0.29525 -288895705810329944647419657358072086528.00000
0.37367 0.06121 -0.28972 -292888622659362434397100456929744912384.00000
0.37892 0.07029 -0.29063 -287556032373599148164247517463379443712.00000
0.37146 0.08368 -0.28835 -290209316350720048734097025034862198784.00000
0.37773 0.07769 -0.28870 -290214488365168979910055131583940132864.00000
0.37008 0.09067 -0.28597 -290209316350720048734097025034862198784.00000
0.37450 0.10005 -0.28551 -296871073785039439884842499719754153984.00000
0.36626 0.11184 -0.28153 -291533392614465637082713149493315895296.00000
0.37091 0.11346 -0.27936 -291554202366718983696568119373135347712.00000
0.39583 -0.11829 -0.32678 -298210666092131821761332943825441652736.00000
0.39129 -0.10724 -0.32910 -292878197500826157438502548042583900160.00000
0.39769 -0.09981 -0.32512 -296865840923361697753873121328922361856.00000
0.39110 -0.08749 -0.32121 -295526228333859712225712253275983577088.00000
0.39893 -0.08128 -0.32263 -300863990634071929634523299291426979840.00000
0.39065 -0.05962 -0.31137 -300863990634071929634523299291426979840.00000
0.39952 -0.06281 -0.31927 -302198431209124983986726060795287830528.00000
0.39072 -0.05086 -0.30944 -299545147232004083416876553223805075456.00000
0.39793 -0.05277 -0.31217 -300863990634071929634523299291426979840.00000
0.39490 -0.03530 -0.31960 -298236789835701325112838987885098041344.00000
0.40189 -0.02755 -0.31967 -294233488392951765707901127320766775296.00000
0.39598 -0.00943 -0.31992 -290230146385382998999622418861932937216.00000
0.40283 -0.01885 -0.32151 -291559455510806329479207921711218425856.00000
0.39648 -0.00083 -0.32104 -298236789835701325112838987885098041344.00000
0.40116 0.00782 -0.31497 -304908952146147389570511947509899722752.00000
0.39386 0.01635 -0.31248 -295578354126541097018701797711788638208.00000
0.39810 0.02490 -0.30605 -306227775265805632136488269630270341120.00000
0.39163 0.04128 -0.30715 -296917966716043082546862665764727422976.00000
0.39736 0.04185 -0.30526 -306232926997844959660775952232096989184.00000
0.39821 0.05077 -0.30900 -306232886433025752357435104337594417152.00000
0.39440 0.05794 -0.29867 -303558833268470712477071474780794781696.00000
0.38541 0.07211 -0.29303 -286216399501687558984416225463189372928.00000
0.39197 0.06534 -0.29280 -298226384959574651805911502945188315136.00000
0.38544 0.08059 -0.29533 -288885280651793667688821748470911074304.00000
0.39082 0.08183 -0.29323 -291548969505041241565598740982303555584.00000
0.38503 0.09770 -0.29923 -292878197500826157438502548042583900160.00000
0.39753 0.11469 -0.32286 -298205514360092494237045261223615004672.00000
0.38006 0.11092 -0.28874 -291543756925773103086299786538723049472.00000
0.38300 0.11949 -0.28284 -299550400376091429199516355561888153600.00000
0.38204 0.12765 -0.28340 -291543756925773103086299786538723049472.00000
0.40208 -0.13174 -0.32978 -304893233278704559525933388390153060352.00000
0.40773 -0.13381 -0.32595 -295567746426318387195070073299366051840.00000
0.40631 -0.11470 -0.33462 -299524276632521925848010311502231764992.00000
0.40720 -0.10500 -0.33363 -294202131787704520225425704870278594560.00000
0.40601 -0.09371 -0.32665 -299545106667184876113535705329302503424.00000
0.41457 -0.08716 -0.32793 -298215817824171149285620626427268300800.00000
0.40698 -0.07463 -0.32379 -298210666092131821761332943825441652736.00000
0.41303 -0.07607 -0.32090 -294207303802153451401383811419356528640.00000
0.40534 -0.04549 -0.31265 -300884780103915672596707845223995146240.00000
0.41334 -0.05682 -0.31735 -299545066102365668810194857434799931392.00000
0.40675 -0.03694 -0.31521 -299565997549076637334072370998127099904.00000
0.41416 -0.02893 -0.31505 -299560805252218102506443840501797879808.00000
0.40631 -0.00988 -0.31095 -298236810118110928764509411832349327360.00000
0.41164 -0.01913 -0.30715 -298226405241984255457581926892439601152.00000
0.40522 -0.00094 -0.30734 -302240091278450884517776848449429307392.00000
0.40963 -0.00100 -0.30052 -308907061292038414147821277577901768704.00000
0.40408 0.01650 -0.30394 -307557003261590548009392076690550685696.00000
0.40401 0.02517 -0.30405 -308891403271824395058253990299908964352.00000
0.40323 0.04244 -0.30323 -306227694136167217529806573841265197056.00000
0.40924 0.04304 -0.30103 -310220570420380499976146525518435450880.00000
0.40010 0.05881 -0.29658 -306227673853757613878136149894013911040.00000
0.40688 0.05121 -0.29561 -310220570420380499976146525518435450880.00000
0.39755 0.06634 -0.29070 -300900417841720088034604708554736664576.00000
0.40193 0.07549 -0.28653 -300884780103915672596707845223995146240.00000
0.39931 0.08497 -0.29983 -295547038086113058839567223155803029504.00000
0.41360 0.10142 -0.32381 -298210666092131821761332943825441652736.00000
0.40504 0.11794 -0.32535 -299534762638287013761619492231146635264.00000
0.41289 0.12132 -0.32772 -299534701791058202806608220389392777216.00000
0.40268 0.12597 -0.32161 -294207425496611073311406355102864244736.00000
0.40586 0.13571 -0.31440 -276864910600189505212069409996253691904.00000
0.40306 0.14326 -0.31004 -288874875775666994381894263531001348096.00000
0.41633 -0.15065 -0.33444 -296886569545976629761046395419736670208.00000
0.41702 -0.12846 -0.32777 -295541744377206505753586572923217379328.00000
0.42302 -0.13053 -0.32362 -291538422652047342696978288411634827264.00000
0.42044 -0.12064 -0.33340 -298195109483965820930117776283705278464.00000
0.42663 -0.12266 -0.32937 -294197000338074796352808446215703232512.00000
0.42229 -0.10042 -0.33164 -282202591770763308014198760222691950592.00000
0.42864 -0.10222 -0.32795 -280857868014041202265091057462429089792.00000
0.42125 -0.07882 -0.32329 -291548827528174016003905773351544553472.00000
0.43012 -0.07143 -0.32392 -302213987817290984817941228337024204800.00000
0.42157 -0.05897 -0.31976 -302224352128598450821527865382431358976.00000
0.42804 -0.06018 -0.31668 -303548387827524831866803141946382483456.00000
0.42050 -0.02964 -0.31247 -303553681536431384952783792178968133632.00000
0.42699 -0.03037 -0.30970 -307556962696771340706051228796048113664.00000
0.42237 -0.01982 -0.29738 -303553661254021781301113368231716847616.00000
0.42329 -0.01074 -0.29897 -304888081546665232001645705788326412288.00000
0.41407 -0.00106 -0.29370 -312894724996983558114862274811491516416.00000
0.42071 0.00774 -0.29204 -307556901849542529751039956954294255616.00000
0.41453 0.02555 -0.29509 -306217268977630940571208664954104184832.00000
0.42088 0.01679 -0.29250 -307546517255825460095782895961635815424.00000
0.41422 0.03441 -0.29483 -307551709552683994923411426457965035520.00000
0.42046 0.03487 -0.29232 -308880937548468910796315233518245380096.00000
0.41028 0.05999 -0.28762 -304882808120168282567335479502992048128.00000
0.41734 0.05222 -0.28639 -312879046694359935373624563586247426048.00000
0.40909 0.06840 -0.28599 -296881438096346905888429136765161308160.00000
0.41504 0.06946 -0.28337 -303543154965847089735833763555550691328.00000
0.41620 0.09076 -0.30865 -300879547242237930465738466833163354112.00000
0.41986 0.10301 -0.32084 -300869142366111257158810981893253627904.00000
0.42156 0.11456 -0.32817 -302203582941164311511013743397114478592.00000
0.42799 0.11635 -0.32480 -296886589828386233412716819366987956224.00000
0.41836 0.13327 -0.32588 -292878197500826157438502548042583900160.00000
0.42458 0.13529 -0.32226 -294223063234415488749303218433605763072.00000
0.40923 0.15674 -0.31208 -291554182084309380044897695425884061696.00000
0.41831 0.15140 -0.31309 -295557463244649335798165132042964041728.00000
0.41535 0.17077 -0.31354 -294228214966454816273590901035432411136.00000
0.45462 -0.17965 -0.36946 -306217248695221336919538241006852898816.00000
0.43151 -0.13494 -0.32528 -292883268103227070356108534855405404160.00000
0.43777 -0.13709 -0.32058 -298221030403439287764919580870848806912.00000
0.43657 -0.11638 -0.33071 -294207466061430280614747202997366816768.00000
0.44314 -0.11838 -0.32631 -294217870937556953921674687937276542976.00000
0.44004 -0.10768 -0.33604 -300879668936695552375761010516671070208.00000
0.44681 -0.10959 -0.33175 -298226405241984255457581926892439601152.00000
0.43881 -0.08466 -0.32761 -296881458378756509540099560712412594176.00000
0.44849 -0.07684 -0.32797 -298221091250668098719930852712602664960.00000
0.43917 -0.06353 -0.32417 -300889911553545396469325103878570508288.00000
0.44837 -0.05510 -0.32398 -296886589828386233412716819366987956224.00000
0.43858 -0.04259 -0.31957 -307567306725669203057967441894203981824.00000
0.44792 -0.04433 -0.32153 -306222501839308682702178043344935976960.00000
0.43078 -0.02078 -0.29918 -303548468957163246473484837735387627520.00000
0.43849 -0.01181 -0.29779 -303548468957163246473484837735387627520.00000
0.42711 0.00770 -0.28936 -304882808120168282567335479502992048128.00000
0.43765 0.00759 -0.29534 -303553580124383366694431672442711703552.00000
0.42720 0.02614 -0.28992 -310220590702790103627816949465686736896.00000
0.43374 0.02644 -0.28703 -304893233278704559525933388390153060352.00000
0.42624 0.04449 -0.28896 -308875745251610375968686703021916160000.00000
0.43337 0.03582 -0.28673 -303553600406792970346102096389962989568.00000
0.42356 0.05301 -0.28367 -308875745251610375968686703021916160000.00000
0.42247 0.06185 -0.28228 -304877595540900144088036525059411542016.00000
0.42310 0.08084 -0.28691 -304877595540900144088036525059411542016.00000
0.43108 0.07323 -0.28595 -303543154965847089735833763555550691328.00000
0.44178 0.09869 -0.31382 -300879486395009119510727194991409496064.00000
0.44393 0.11077 -0.32104 -296876184952259560105789334427078230016.00000
0.43678 0.11974 -0.32665 -298221030403439287764919580870848806912.00000
0.44353 0.12161 -0.32276 -295552149253333179060514057863127105536.00000
0.43311 0.13920 -0.32388 -292893774391401761921388139531571560448.00000
0.42984 0.14763 -0.31924 -292893774391401761921388139531571560448.00000
0.42279 0.16340 -0.30919 -295562655541507870625793662539293261824.00000
0.43252 0.15794 -0.30997 -296897055551741717674655576148651540480.00000
0.42693 0.17545 -0.30447 -296897055551741717674655576148651540480.00000
0.46012 -0.20426 -0.34850 -300879486395009119510727194991409496064.00000
0.45938 -0.19408 -0.36343 -295536531797938367274287618479636873216.00000
0.47201 -0.18860 -0.36499 -288895543551053115434056265780061798400.00000
0.45369 -0.16081 -0.34122 -290209113526624012217392785562349338624.00000
0.44958 -0.14426 -0.32800 -294207303802153451401383811419356528640.00000
0.45255 -0.12252 -0.32772 -294212658358288815442375733493696036864.00000
0.45791 -0.13561 -0.32279 -299534762638287013761619492231146635264.00000
0.45368 -0.11153 -0.32720 -291554202366718983696568119373135347712.00000
0.46453 -0.10411 -0.32771 -296871073785039439884842499719754153984.00000
0.46107 -0.08111 -0.33569 -300900377276900880731263860660234092544.00000
0.46815 -0.09433 -0.33270 -306217309542450147874549512848606756864.00000
0.46110 -0.06967 -0.33374 -300900336712081673427923012765731520512.00000
0.47154 -0.07234 -0.33539 -314223912427949266684425233977269288960.00000
0.46492 -0.03714 -0.33741 -299539954935145548589248022727475855360.00000
0.47270 -0.03802 -0.33336 -296876266081897974712471030216083374080.00000
0.47148 -0.02640 -0.32996 -307551790682322409530093122246970179584.00000
0.46995 -0.01495 -0.32622 -300884800386325276248378269171246432256.00000
0.45067 -0.00273 -0.30532 -299555531825721153072133614216463515648.00000
0.45846 0.00740 -0.30267 -295562614976688663322452814644790689792.00000
0.44675 0.02742 -0.29725 -296897014986922510371314728254148968448.00000
0.45628 0.01771 -0.29838 -299560683557760480596421296818290163712.00000
0.44781 0.04770 -0.30077 -303558792703651505173730626886292209664.00000
0.45571 0.03823 -0.29803 -296897014986922510371314728254148968448.00000
0.44902 0.05823 -0.30431 -300879506677418723162397618938660782080.00000
0.46357 0.06120 -0.31556 -295557361832601317539813012306707611648.00000
0.44409 0.08735 -0.29823 -298205392665634872327022717540107288576.00000
0.46278 0.08299 -0.31675 -290198830344954960820487844305947328512.00000
0.45334 0.11401 -0.32243 -296876184952259560105789334427078230016.00000
0.46332 0.10587 -0.32166 -296876347211536389319152726005088518144.00000
0.45221 0.13635 -0.32544 -291548888375402826958917045193298411520.00000
0.46267 0.12889 -0.32519 -294207384931791866008065507208361672704.00000
0.44871 0.14543 -0.32082 -290224852676476445913641768629347287040.00000
0.45815 0.14970 -0.32166 -288890452666242598864779855019989008384.00000
0.43702 0.17033 -0.30524 -295567726143908783543399649352114765824.00000
0.44816 0.17766 -0.31100 -299545045819956065158524433487548645376.00000
0.43281 0.17781 -0.29956 -296886528981157422457705547525234098176.00000
0.43648 0.18991 -0.29355 -295541724094796902101916148975966093312.00000
0.46938 -0.20525 -0.32678 -300889870988726189165984255984067936256.00000
0.46924 -0.19538 -0.34229 -299545045819956065158524433487548645376.00000
0.47589 -0.19796 -0.33519 -299529387799742046068957146209555841024.00000
0.46917 -0.15429 -0.32975 -294233366698494143797878583637259059200.00000
0.48468 -0.17798 -0.34393 -295541825506844920360268268712222523392.00000
0.46780 -0.14028 -0.32351 -296881438096346905888429136765161308160.00000
0.47476 -0.14252 -0.31763 -290204022641813495648116374802276548608.00000
0.47073 -0.11751 -0.32326 -298210706656951029064673791719944224768.00000
0.48238 -0.10981 -0.32338 -300879526959828326814068042885912068096.00000
0.47564 -0.09610 -0.32778 -299545106667184876113535705329302503424.00000
0.48698 -0.08746 -0.32736 -302213926970062173862929956495270346752.00000
0.48243 -0.07513 -0.33681 -310220590702790103627816949465686736896.00000
0.49042 -0.07663 -0.33175 -306217248695221336919538241006852898816.00000
0.48369 -0.03965 -0.33487 -296876225517078767409130182321580802048.00000
0.49286 -0.05295 -0.33312 -308865380940302909965100065976509005824.00000
0.48238 -0.02763 -0.33143 -303548428392344039170143989840885055488.00000
0.49201 -0.01668 -0.32881 -304888081546665232001645705788326412288.00000
0.47594 -0.00397 -0.31810 -296891842972473579195356621705071034368.00000
0.48750 0.00710 -0.32007 -299550319246453014592834659772883009536.00000
0.46610 0.01796 -0.29932 -300889911553545396469325103878570508288.00000
0.48170 0.02973 -0.30998 -302219159831739915993899334886102138880.00000
0.47240 0.05133 -0.31286 -295567786991137594498410921193868623872.00000
0.48114 0.04096 -0.30950 -296891802407654371892015773810568462336.00000
0.47224 0.07371 -0.31481 -284887070093854624853160298666652598272.00000
0.48284 0.07582 -0.31557 -290235257552603119220569253569257013248.00000
0.47581 0.08649 -0.32319 -283552690366030381455968809004545605632.00000
0.48365 0.08789 -0.31852 -290230105820563791696281570967430365184.00000
0.47050 0.11924 -0.31892 -294191828323625865176850339666625298432.00000
0.48119 0.11075 -0.31773 -290193739460144444251211433545874538496.00000
0.46716 0.12913 -0.31486 -296855436047235024446945636389012635648.00000
0.47346 0.14271 -0.31064 -292862539480612138348935260764591095808.00000
0.46370 0.16323 -0.31694 -295526208051450108574041829328732291072.00000
0.47513 0.15642 -0.31675 -290198870909774168123828692200449900544.00000
0.45921 0.17189 -0.31135 -298189856339878475147477973945622200320.00000
0.46589 0.17431 -0.30565 -288848812879326301985399491313098817536.00000
0.44476 0.19510 -0.29314 -292846901742807722911038397433849577472.00000
0.45589 0.19029 -0.29352 -296855476612054231750286484283515207680.00000
0.47624 -0.22323 -0.32502 -299555450696082738465451918427458371584.00000
0.48651 -0.23045 -0.32424 -304887939569798006439952738157567410176.00000
0.48645 -0.20458 -0.33513 -299555410131263531162111070532955799552.00000
0.50043 -0.19919 -0.33581 -298210605244903010806321671983687794688.00000
0.49185 -0.18054 -0.33685 -299545005255136857855183585593046073344.00000
0.49904 -0.18309 -0.32942 -296870931808172214323149532088995151872.00000
0.48178 -0.14478 -0.31144 -303522324931184139470308369728479952896.00000
0.49444 -0.13786 -0.31153 -304851532644559451691541752841509011456.00000
0.48867 -0.12376 -0.31797 -300879506677418723162397618938660782080.00000
0.50116 -0.11578 -0.31761 -300889911553545396469325103878570508288.00000
0.49430 -0.10147 -0.32300 -300879486395009119510727194991409496064.00000
0.50646 -0.09246 -0.32207 -298221030403439287764919580870848806912.00000
0.49851 -0.07815 -0.32638 -299550217834404996334482540036626579456.00000
0.51018 -0.06817 -0.32476 -296886589828386233412716819366987956224.00000
0.50361 -0.04231 -0.33101 -306191287210928662781395588525206798336.00000
0.51219 -0.04327 -0.32555 -306212157810410820350261830246780108800.00000
0.50040 -0.01718 -0.32393 -304877676670538558694718220848416686080.00000
0.51076 -0.03039 -0.32232 -303543276660304711645856307239058407424.00000
0.49893 0.00700 -0.32081 -302208775238022846338642273893443698688.00000
0.50743 0.00695 -0.31569 -290219700944437118389354086027520638976.00000
0.49598 0.01887 -0.31584 -298205412948044475978693141487358574592.00000
0.51109 0.01930 -0.32169 -284887151223493039459841994455657742336.00000
0.49413 0.05414 -0.31423 -298221030403439287764919580870848806912.00000
0.50567 0.05563 -0.31445 -302208714390794035383631002051689840640.00000
0.49267 0.06568 -0.31271 -299555470978492342117122342374709657600.00000
0.50209 0.07926 -0.31077 -302187945203359896073116880066372960256.00000
0.49473 0.09047 -0.31897 -298215919236219167543972746163524730880.00000
0.50291 0.09193 -0.31357 -292862498915792931045594412870088523776.00000
0.48894 0.11251 -0.31252 -292862620610250552955616956553596239872.00000
0.49636 0.12668 -0.30839 -284887049811445021201489874719401312256.00000
0.48178 0.13316 -0.30443 -290209235221081634127415329245857054720.00000
0.49116 0.14913 -0.30458 -292872842944690793397510625968244391936.00000
0.48236 0.15873 -0.31095 -294212556946240797184023613757439606784.00000
0.48781 0.17287 -0.30471 -291533352049646429779372301598813323264.00000
0.47561 0.17933 -0.30514 -287530010042077663071093593139979485184.00000
0.48247 0.18179 -0.29872 -280857827449221994961750209567926517760.00000
0.46782 0.19850 -0.29807 -291533291202417618824361029757059465216.00000
0.47422 0.20102 -0.29137 -288869602349170044947584037245666983936.00000
0.46811 0.22199 -0.28841 -290193617765686822341188889862366822400.00000
0.50644 -0.24851 -0.33920 -298226121288249804334195991630921596928.00000
0.51305 -0.25110 -0.32957 -296881316401889283978406593081653592064.00000
0.51667 -0.21030 -0.34295 -296870952090581817974819956036246437888.00000
0.52903 -0.21756 -0.34201 -294191666064349035963486948088615010304.00000
0.51496 -0.19319 -0.33612 -296870952090581817974819956036246437888.00000
0.53004 -0.18651 -0.33598 -299534661226238995503267372494890205184.00000
0.50340 -0.15482 -0.31025 -295536511515528763622617194532385587200.00000
0.50182 -0.14008 -0.30476 -302193096935399223597404562668199608320.00000
0.50747 -0.13029 -0.31115 -299534661226238995503267372494890205184.00000
0.51518 -0.13245 -0.30410 -299534661226238995503267372494890205184.00000
0.51393 -0.10710 -0.31669 -300879506677418723162397618938660782080.00000
0.52692 -0.09769 -0.31515 -299534661226238995503267372494890205184.00000
0.51879 -0.08273 -0.32050 -290203982076994288344775526907773976576.00000
0.53124 -0.07226 -0.31823 -300869101801292049855470133998751055872.00000
0.52191 -0.05749 -0.32243 -304867312359231092691131583803009531904.00000
0.53362 -0.04610 -0.31932 -298205514360092494237045261223615004672.00000
0.52120 -0.01864 -0.31872 -292878156936006950135161700148081328128.00000
0.53209 -0.03254 -0.31621 -290198870909774168123828692200449900544.00000
0.51884 -0.00574 -0.31467 -290209275785900841430756177140359626752.00000
0.51960 0.00684 -0.31567 -288890432383832995213109431072737722368.00000
0.52326 0.03245 -0.32166 -298236627576424495899475596307087753216.00000
0.53643 0.01996 -0.32142 -295552128970923575408843633915875819520.00000
0.51890 0.04470 -0.31546 -303558711574013090567048931097287065600.00000
0.53400 0.05952 -0.31942 -300879486395009119510727194991409496064.00000
0.51733 0.08265 -0.31596 -300858676642755772896872225111590043648.00000
0.52465 0.07057 -0.30663 -299539934652735944937577598780224569344.00000
0.51825 0.09595 -0.31884 -292878075806368535528480004359076184064.00000
0.52689 0.09748 -0.31253 -283537113475454776973083217515557945344.00000
0.51155 0.11934 -0.31189 -286221530951317282857033484117764734976.00000
0.51925 0.13436 -0.30672 -286190336605346866587921453245286842368.00000
0.50200 0.15353 -0.30369 -290203961794584684693105102960522690560.00000
0.50964 0.15580 -0.29693 -287535100926888179640370003900052275200.00000
0.49698 0.16340 -0.29833 -290198850627364564472158268253198614528.00000
0.50217 0.17774 -0.29102 -282192268024275049313952971071787368448.00000
0.49266 0.18702 -0.29743 -280857827449221994961750209567926517760.00000
0.49966 0.18952 -0.29022 -282192268024275049313952971071787368448.00000
0.48715 0.20982 -0.29534 -291538463216866550000319136306137399296.00000
0.49036 0.22345 -0.28611 -287530010042077663071093593139979485184.00000
0.48675 0.23423 -0.28424 -286200782046292747198189786079699140608.00000
0.48292 0.24474 -0.28217 -280868232325348668268677694507836243968.00000
0.51521 -0.26577 -0.31750 -294233265286446125539526463901002629120.00000
0.53236 -0.28081 -0.32337 -292898824711393071187323702397141778432.00000
0.52480 -0.25938 -0.32773 -298215756976942338330609354585514442752.00000
0.53697 -0.26795 -0.32543 -298215756976942338330609354585514442752.00000
0.54744 -0.23010 -0.34903 -292867630365422654918211671524663885824.00000
0.55517 -0.23291 -0.33879 -295536511515528763622617194532385587200.00000
0.54819 -0.19711 -0.34246 -296870952090581817974819956036246437888.00000
0.55872 -0.21862 -0.33993 -295536511515528763622617194532385587200.00000
0.55920 -0.18547 -0.33365 -295536511515528763622617194532385587200.00000
0.53698 -0.15502 -0.30002 -300874273815740981031428240547828989952.00000
0.52888 -0.12408 -0.30286 -303537982951398158559875657006472757248.00000
0.54131 -0.12847 -0.30102 -299539873805507133982566326938470711296.00000
0.53540 -0.09949 -0.30803 -302203542376345104207672895502611906560.00000
0.54284 -0.11494 -0.30096 -306206864101504267264281180014194458624.00000
0.54008 -0.08751 -0.31290 -299534661226238995503267372494890205184.00000
0.54886 -0.08916 -0.30543 -303537982951398158559875657006472757248.00000
0.54266 -0.04712 -0.31263 -300874395510198602941450784231336706048.00000
0.55177 -0.04814 -0.30550 -294186575179538519394210537328542220288.00000
0.54523 -0.03400 -0.31536 -306212157810410820350261830246780108800.00000
0.55449 -0.03480 -0.30827 -296860608061683955622903742938090569728.00000
0.54542 0.00662 -0.31444 -295557442962239732146494708095712755712.00000
0.55817 -0.00741 -0.31211 -300879506677418723162397618938660782080.00000
0.54957 0.03403 -0.32054 -299545106667184876113535705329302503424.00000
0.55939 0.02049 -0.31361 -294207344366972658704724659313859100672.00000
0.54723 0.06121 -0.31855 -294212638075879211790705309546444750848.00000
0.55814 0.04838 -0.31274 -278220181209905509829797565327185281024.00000
0.54116 0.07356 -0.31104 -290204205183499928513150190327538122752.00000
0.55175 0.08902 -0.30713 -294233488392951765707901127320766775296.00000
0.53561 0.09903 -0.30583 -270198021716240390188706676656786374656.00000
0.54471 0.11460 -0.30069 -294202273764571745787118672501037596672.00000
0.53194 0.12485 -0.30407 -286206075755199300284170436312284790784.00000
0.54452 0.12861 -0.30223 -294191848606035468828520763613876584448.00000
0.52636 0.14965 -0.30040 -296860729756141577532926286621598285824.00000
0.53685 0.16762 -0.29852 -288874875775666994381894263531001348096.00000
0.51674 0.18564 -0.29448 -279528660300665890043857674349400031232.00000
0.53066 0.17819 -0.29266 -284866382036058900149327872470340861952.00000
0.51103 0.21002 -0.29247 -271537573458513564761856272867971301376.00000
0.52526 0.20367 -0.29106 -284887212070721850414853266297411600384.00000
0.50394 0.21832 -0.28532 -274211606340659000990549478477519650816.00000
0.51444 0.22443 -0.28244 -280883829498333876403233709944075190272.00000
0.49615 0.25557 -0.28522 -280868232325348668268677694507836243968.00000
0.51895 0.26023 -0.29672 -283537113475454776973083217515557945344.00000
0.50999 0.28338 -0.29224 -283526708599328103666155732575648219136.00000
0.58660 -0.33210 -0.35607 -294217627548641710101629600570261110784.00000
0.54957 -0.27683 -0.32264 -296886549263567026109375971472485384192.00000
0.57427 -0.27881 -0.33017 -300879486395009119510727194991409496064.00000
0.55868 -0.24967 -0.32649 -300863828374795100421159907713416691712.00000
0.56283 -0.23566 -0.32812 -298205392665634872327022717540107288576.00000
0.56667 -0.22139 -0.32952 -300874273815740981031428240547828989952.00000
0.58452 -0.21413 -0.32782 -295552128970923575408843633915875819520.00000
0.57327 -0.19207 -0.33147 -295536511515528763622617194532385587200.00000
0.59074 -0.18343 -0.32932 -299555450696082738465451918427458371584.00000
0.55207 -0.14678 -0.29829 -299545045819956065158524433487548645376.00000
0.57794 -0.14307 -0.30854 -296891782125244768240345349863317176320.00000
0.55584 -0.11906 -0.29871 -300879506677418723162397618938660782080.00000
0.57555 -0.11085 -0.30162 -299555470978492342117122342374709657600.00000
0.56707 -0.07948 -0.30789 -299545066102365668810194857434799931392.00000
0.57622 -0.09594 -0.30074 -299555470978492342117122342374709657600.00000
0.56653 -0.06476 -0.30596 -302187965485769499724787304013624246272.00000
0.57962 -0.05216 -0.30111 -299555470978492342117122342374709657600.00000
0.57065 -0.02228 -0.30865 -300863950069252722331182451396924407808.00000
0.58274 -0.03792 -0.30398 -294217769525508935663322568201020112896.00000
0.57328 0.00639 -0.31136 -299539894087916737634236750885721997312.00000
0.58694 -0.00864 -0.30796 -295562655541507870625793662539293261824.00000
0.57324 0.03531 -0.31165 -295552250665381197318866177599383535616.00000
0.58831 0.02123 -0.30947 -298210666092131821761332943825441652736.00000
0.57223 0.04970 -0.31089 -291564586960436053351825180365793787904.00000
0.58197 0.05041 -0.30275 -296902349260648270760636226381237190656.00000
0.56378 0.07689 -0.30196 -296891802407654371892015773810568462336.00000
0.57469 0.09309 -0.29684 -299534681508648599154937796442141491200.00000
0.55747 0.10359 -0.29649 -294191787758806657873509491772122726400.00000
0.56669 0.11985 -0.29013 -298210645809722218109662519878190366720.00000
0.55676 0.14689 -0.30091 -291522866043881341865763120869898452992.00000
0.57097 0.13651 -0.29701 -291538422652047342696978288411634827264.00000
0.55837 0.17813 -0.30771 -283547538633991053931681126402718957568.00000
0.58940 0.17724 -0.32367 -286211126075190609550105999177855008768.00000
0.56103 0.19558 -0.31393 -282213118341347603231148788846109392896.00000
0.57718 0.22014 -0.31702 -280878677766294548878946027342248542208.00000
0.55052 0.22021 -0.30625 -283557963792527330890279035289879969792.00000
0.56854 0.23080 -0.30942 -280878677766294548878946027342248542208.00000
0.53920 0.25989 -0.30187 -279533791750295613916474933003975393280.00000
0.56086 0.25888 -0.30672 -278209735768959629219529232492772982784.00000
0.53513 0.29025 -0.30469 -280863040028490133441049164011507023872.00000
0.55734 0.29129 -0.31020 -279539004329563752395773887447555899392.00000
0.54721 0.31750 -0.30577 -276859738585740574036111303447175757824.00000
0.62192 -0.38389 -0.35882 -296881235272250869371724897292648448000.00000
0.61795 -0.35619 -0.34876 -296881235272250869371724897292648448000.00000
0.60722 -0.32769 -0.35426 -299544964690317650551842737698543501312.00000
0.61987 -0.31404 -0.34147 -299539752111049512072543783254962995200.00000
0.60095 -0.28014 -0.33746 -299539812958278323027555055096716853248.00000
0.62144 -0.27376 -0.33494 -299539833240687926679225479043968139264.00000
0.59941 -0.22168 -0.32440 -299545045819956065158524433487548645376.00000
0.60769 -0.22441 -0.31241 -300874273815740981031428240547828989952.00000
0.60982 -0.21058 -0.33345 -299545045819956065158524433487548645376.00000
0.62916 -0.20128 -0.33015 -299539833240687926679225479043968139264.00000
0.60865 -0.17386 -0.32637 -298210605244903010806321671983687794688.00000
0.63396 -0.16679 -0.33017 -298210584962493407154651248036436508672.00000
0.61954 -0.12685 -0.33208 -300884698974277257990026149434990002176.00000
0.62854 -0.14618 -0.32208 -298210605244903010806321671983687794688.00000
0.62568 -0.09463 -0.33563 -300869122083701653507140557946002341888.00000
0.64353 -0.11642 -0.33438 -294217708678280124708311296359266254848.00000
0.62447 -0.07728 -0.33293 -304856846635875608429192827021345947648.00000
0.64853 -0.08211 -0.33679 -298200220651185941151064610991029354496.00000
0.61114 -0.02572 -0.31548 -294217708678280124708311296359266254848.00000
0.64648 -0.02899 -0.33201 -302219119266920708690558486991599566848.00000
0.60749 -0.00960 -0.31102 -286226784095404628639673286455847813120.00000
0.62472 0.00593 -0.30857 -302219200396559123297240182780604710912.00000
0.60312 0.03709 -0.30632 -292893794673811365573058563478822846464.00000
0.61931 0.02202 -0.30295 -295557402397420524843153860201210183680.00000
0.60193 0.05247 -0.30548 -292878156936006950135161700148081328128.00000
0.61755 0.05393 -0.30184 -300884780103915672596707845223995146240.00000
0.59223 0.08147 -0.29623 -291538402369637739045307864464383541248.00000
0.60895 0.10020 -0.29543 -295541683529977694798575301081463521280.00000
0.58520 0.12528 -0.29223 -295541724094796902101916148975966093312.00000
0.59933 0.11317 -0.28649 -294207283519743847749713387472105242624.00000
0.60569 0.16641 -0.31938 -291538442934456946348648712358886113280.00000
0.61604 0.15206 -0.30763 -284861108609561950715017646185006497792.00000
0.61673 0.18941 -0.33442 -295547058368522662491237647103054315520.00000
0.64007 0.19922 -0.33804 -247502025652163774635980126414985756672.00000
0.62199 0.22621 -0.32370 -266199811158301347353045226852527898624.00000
0.61227 0.23837 -0.31594 -276875335758725782170667318883414704128.00000
0.58399 0.25710 -0.31117 -275546006350892848039411392086877929472.00000
0.60219 0.24962 -0.30786 -279549388923280822051030948440214339584.00000
0.57507 0.28597 -0.30788 -270229114650162788199466587793007837184.00000
0.60000 0.28552 -0.31240 -275556472074248332301350148868541513728.00000
0.57102 0.32002 -0.31136 -275551300059799401125392042319463579648.00000
0.58425 0.32954 -0.30638 -280878657483884945227275603394997256192.00000
0.56553 0.33367 -0.30907 -274216879767155950424859704762854014976.00000
0.65016 -0.41064 -0.36704 -296881235272250869371724897292648448000.00000
0.66894 -0.42630 -0.36217 -295546794697197815019522135788787597312.00000
0.64041 -0.35178 -0.34577 -298215675847303923723927658796509298688.00000
0.68630 -0.36737 -0.36513 -298215675847303923723927658796509298688.00000
0.64180 -0.30821 -0.33840 -298215675847303923723927658796509298688.00000
0.67467 -0.30960 -0.34467 -295536430385890349015935498743380443136.00000
0.63428 -0.26006 -0.32271 -302208592696336413473608458368182124544.00000
0.66466 -0.25815 -0.32746 -299539792675868719375884631149465567232.00000
0.63831 -0.20399 -0.31760 -298205372383225268675352293592856002560.00000
0.65527 -0.21134 -0.31228 -298205352100815665023681869645604716544.00000
0.64893 -0.19092 -0.32591 -296870931808172214323149532088995151872.00000
0.65844 -0.19354 -0.31277 -298205352100815665023681869645604716544.00000
0.65282 -0.15490 -0.32521 -298210605244903010806321671983687794688.00000
0.67178 -0.14185 -0.31912 -295541724094796902101916148975966093312.00000
0.66081 -0.10224 -0.32800 -295562594694279059670782390697539403776.00000
0.67205 -0.12292 -0.31767 -298215756976942338330609354585514442752.00000
0.67446 -0.08732 -0.34032 -300874294098150584683098664495080275968.00000
0.68572 -0.08887 -0.32777 -298210605244903010806321671983687794688.00000
0.67618 -0.05020 -0.34004 -303543073836208675129152067766545547264.00000
0.69575 -0.05240 -0.33523 -302213926970062173862929956495270346752.00000
0.66688 -0.01255 -0.32977 -302203542376345104207672895502611906560.00000
0.67963 0.00540 -0.31899 -299555470978492342117122342374709657600.00000
0.64119 0.03949 -0.30448 -298210666092131821761332943825441652736.00000
0.67208 0.04162 -0.31228 -295552149253333179060514057863127105536.00000
0.65687 0.07615 -0.32125 -298205372383225268675352293592856002560.00000
0.67767 0.06046 -0.31799 -292872842944690793397510625968244391936.00000
0.63431 0.08897 -0.29970 -302208633261155620776949306262684696576.00000
0.66687 0.11343 -0.31064 -294217688395870521056640872412014968832.00000
0.63209 0.13948 -0.30144 -294207344366972658704724659313859100672.00000
0.66146 0.13016 -0.30688 -288879946378067907299500250343822852096.00000
0.65134 0.18361 -0.32479 -283521536584879172490197626026570285056.00000
0.66219 0.16751 -0.31093 -286211166640009816853446847072357580800.00000
0.64806 0.22008 -0.32633 -276875376323544989474008166777917276160.00000
0.66752 0.20851 -0.32034 -279528599453437079088846402507646173184.00000
0.63484 0.25068 -0.31836 -282207885479669861100179410455277600768.00000
0.65476 0.24092 -0.31315 -282192268024275049313952971071787368448.00000
0.62383 0.26235 -0.30995 -284871554050507831325285979019418796032.00000
0.65517 0.28190 -0.31969 -279523386874168940609547448064065667072.00000
0.62436 0.32333 -0.32152 -282207824632441050145168138613523742720.00000
0.66307 0.33136 -0.33491 -282207723220393031886816018877267312640.00000
0.61114 0.33188 -0.31119 -282202632335582515317539608117194522624.00000
0.62812 0.36609 -0.31151 -282186974315368496227972320839201718272.00000
0.60057 0.38538 -0.31315 -279512941433223059999279115229653368832.00000
0.63044 0.39137 -0.31858 -280852533740315441875769559335340867584.00000
0.69641 -0.47971 -0.37008 -300868939542015220642106742420740767744.00000
0.70253 -0.45821 -0.37054 -296870810113714592413126988405487435776.00000
0.74639 -0.47066 -0.37958 -300884536715000428776662757856979714048.00000
0.73391 -0.40653 -0.38576 -299550116422356978076130420300370149376.00000
0.73655 -0.43191 -0.36535 -296881214989841265720054473345397161984.00000
0.71219 -0.36085 -0.36024 -296881235272250869371724897292648448000.00000
0.75283 -0.36408 -0.36652 -294212435251783175274001070073931890688.00000
0.71014 -0.30994 -0.35025 -298205352100815665023681869645604716544.00000
0.73579 -0.30047 -0.34402 -295546875826836229626203831577792741376.00000
0.68725 -0.24871 -0.32227 -302208714390794035383631002051689840640.00000
0.69632 -0.25152 -0.30661 -299550197551995392682812116089375293440.00000
0.67616 -0.20057 -0.30672 -296865780076132886798861849487168503808.00000
0.67886 -0.18193 -0.30685 -296865780076132886798861849487168503808.00000
0.68084 -0.16306 -0.30655 -295536511515528763622617194532385587200.00000
0.70073 -0.14939 -0.29899 -296876164669849956454118910479826944000.00000
0.69015 -0.10801 -0.30987 -300889850706316585514313832036816650240.00000
0.70121 -0.12959 -0.29778 -300884638127048447035014877593236144128.00000
0.72003 -0.07556 -0.33393 -296876164669849956454118910479826944000.00000
0.72551 -0.09612 -0.31531 -299545045819956065158524433487548645376.00000
0.71976 -0.03509 -0.33221 -300879486395009119510727194991409496064.00000
0.74094 -0.03675 -0.32557 -303548367545115228215132717999131197440.00000
0.71371 -0.01468 -0.32650 -300879486395009119510727194991409496064.00000
0.73446 -0.01558 -0.31985 -302213926970062173862929956495270346752.00000
0.70644 0.04399 -0.32030 -292883268103227070356108534855405404160.00000
0.75452 0.04741 -0.33651 -292883268103227070356108534855405404160.00000
0.71847 0.08514 -0.33210 -295541724094796902101916148975966093312.00000
0.76238 0.06984 -0.34350 -294207283519743847749713387472105242624.00000
0.70076 0.12118 -0.31861 -290235196705374308265557981727503155200.00000
0.74840 0.13240 -0.33490 -291543614948905877524606818907964047360.00000
0.68680 0.13665 -0.30759 -287566335837677803212822882667032739840.00000
0.71516 0.16450 -0.31021 -288874794646028579775212567741996204032.00000
0.68709 0.19578 -0.31320 -286221632363365301115385603854021165056.00000
0.70581 0.20217 -0.30611 -283526708599328103666155732575648219136.00000
0.68557 0.21532 -0.31406 -279523386874168940609547448064065667072.00000
0.69546 0.21799 -0.29950 -279518194577310405781918917567736446976.00000
0.66816 0.26693 -0.30611 -279512981998042267302619963124155940864.00000
0.68959 0.25663 -0.29942 -272845991702045134020905110048432193536.00000
0.67659 0.31608 -0.32050 -283516283440791826707557823688487206912.00000
0.72031 0.32181 -0.33219 -271511571409401683320372772491822628864.00000
0.69625 0.37948 -0.34711 -282181822583329168703684638237375070208.00000
0.72164 0.37195 -0.34076 -279533791750295613916474933003975393280.00000
0.67959 0.38887 -0.33537 -280847402290685718003152300680765505536.00000
0.68713 0.39163 -0.31785 -279523386874168940609547448064065667072.00000
0.66677 0.42579 -0.33213 -282166265975163167872469470695638695936.00000
0.68474 0.44012 -0.32470 -278173349126130678122788671123965870080.00000
0.79994 -0.45667 -0.38750 -291543554101677066569595547066210189312.00000
0.80841 -0.45950 -0.36445 -292867589800603447614870823630161313792.00000
0.79248 -0.39113 -0.37222 -296876144387440352802448486532575657984.00000
0.79626 -0.41896 -0.35049 -292852053474847050435326080035676225536.00000
0.76689 -0.34429 -0.34716 -298215756976942338330609354585514442752.00000
0.79549 -0.33398 -0.33866 -298215756976942338330609354585514442752.00000
0.71543 -0.26065 -0.29876 -302219078702101501387217639097096994816.00000
0.74677 -0.27726 -0.29869 -300884638127048447035014877593236144128.00000
0.73383 -0.22605 -0.30834 -302219078702101501387217639097096994816.00000
0.76904 -0.21801 -0.30788 -304856806071056401125851979126843375616.00000
0.71995 -0.15493 -0.29126 -303537982951398158559875657006472757248.00000
0.73974 -0.16066 -0.28254 -302203542376345104207672895502611906560.00000
0.72911 -0.11646 -0.29544 -299545066102365668810194857434799931392.00000
0.74024 -0.13945 -0.28138 -300874294098150584683098664495080275968.00000
0.76318 -0.08195 -0.31961 -299545045819956065158524433487548645376.00000
0.80896 -0.08968 -0.32751 -299545045819956065158524433487548645376.00000
0.76282 -0.03846 -0.31790 -302198350079486569380044365006282686464.00000
0.80792 -0.04247 -0.32532 -296865780076132886798861849487168503808.00000
0.76750 0.00457 -0.32096 -299524276632521925848010311502231764992.00000
0.81121 -0.01930 -0.32729 -304856846635875608429192827021345947648.00000
0.77825 0.02665 -0.32927 -300869101801292049855470133998751055872.00000
0.82437 0.05205 -0.33690 -296870952090581817974819956036246437888.00000
0.80466 0.09799 -0.35117 -295552149253333179060514057863127105536.00000
0.89098 0.08427 -0.38526 -299545045819956065158524433487548645376.00000
0.79938 0.12061 -0.34810 -290214386953120961651703011847683702784.00000
0.83004 0.15085 -0.34445 -282238978413592259110939321591499063296.00000
0.75302 0.15413 -0.31472 -287545566650243663902308760681715859456.00000
0.77651 0.18273 -0.30857 -283552710648439985107639232951796891648.00000
0.73533 0.19150 -0.30421 -278214928065818164047157762989102202880.00000
0.77723 0.20625 -0.31086 -282213118341347603231148788846109392896.00000
0.73060 0.25562 -0.30699 -268842710541705178267637673431352213504.00000
0.81330 0.27159 -0.34182 -279518255424539216736930189409490305024.00000
0.72335 0.29713 -0.30661 -270177171399167836271510858882464350208.00000
0.75863 0.29235 -0.30625 -267508310531471331218775759821993934848.00000
0.77412 0.38307 -0.35500 -274185685421185534155747673890376122368.00000
0.83374 0.39412 -0.36959 -274180533689146206631459991288549474304.00000
0.76365 0.42992 -0.35449 -275520125996238588507950435394236973056.00000
0.78714 0.44588 -0.34545 -271516905683127443709694270618910851072.00000
0.73699 0.46162 -0.34086 -263515474812077256075776656039326253056.00000
0.76563 0.45579 -0.33275 -266184416809412175735193450888801812480.00000
0.72313 0.50467 -0.33872 -252850436217417909171763744737354317824.00000
0.86172 -0.46881 -0.36970 -295515681480865813357091800705314848768.00000
0.87538 -0.44305 -0.34369 -286190296040527659284580605350784270336.00000
0.83723 -0.35837 -0.34062 -299513810909166441586071554720568180736.00000
0.86027 -0.40052 -0.33000 -284866260341601278239305328786833145856.00000
0.84101 -0.33204 -0.34007 -300858636077936565593531377217087471616.00000
0.88974 -0.32816 -0.33977 -291528038058330273041721227418976387072.00000
0.86267 -0.28729 -0.34940 -299545005255136857855183585593046073344.00000
0.91043 -0.27870 -0.34777 -296865780076132886798861849487168503808.00000
0.86352 -0.23186 -0.34514 -295531319218670228794988664036056367104.00000
0.92591 -0.22551 -0.35319 -298210625527312614457992095930939080704.00000
0.87573 -0.18167 -0.34956 -302213926970062173862929956495270346752.00000
0.90068 -0.16000 -0.33399 -296886589828386233412716819366987956224.00000
0.88228 -0.12930 -0.35102 -302219159831739915993899334886102138880.00000
0.90450 -0.10560 -0.33400 -295546936674065040581215103419546599424.00000
0.84051 -0.06985 -0.32109 -302203542376345104207672895502611906560.00000
0.85826 -0.04645 -0.30394 -299539833240687926679225479043968139264.00000
0.83814 0.00390 -0.31837 -303527557792861881601277748119311745024.00000
0.86196 -0.02153 -0.30586 -300848251484219495938274316224429031424.00000
0.89294 0.05692 -0.35524 -298210564680083803502980824089185222656.00000
0.92430 0.03094 -0.34424 -298189734645420853237455430262114484224.00000
0.93913 0.08939 -0.38663 -292877994676730120921798308570071040000.00000
0.93388 0.11760 -0.38396 -294217647831051313753300024517512396800.00000
0.90994 0.14163 -0.36899 -295552088406104368105502786021373247488.00000
0.89884 0.16566 -0.33217 -288869521219531630340902341456661839872.00000
0.83373 0.17553 -0.32037 -290214447800349772606714283689437560832.00000
0.84559 0.17762 -0.30026 -290204002359403891996445950855025262592.00000
0.88506 0.27508 -0.36102 -282181944277786790613707181920882786304.00000
0.91254 0.25522 -0.34576 -282187096009826118137994864522709434368.00000
0.86923 0.29635 -0.35262 -279513083410090285560972082860412370944.00000
0.86337 0.31923 -0.32143 -276839009963125642028938029356361449472.00000
0.84508 0.33739 -0.31230 -270166807087860370267924221837057196032.00000
0.85772 0.37380 -0.32343 -268832366512807315915721460333196345344.00000
0.83956 0.42436 -0.34760 -275504528823253380373394419957998026752.00000
0.87129 0.41281 -0.33555 -271501247662913424620126983340918046720.00000
0.81754 0.43745 -0.33557 -274170088248200326021191658454137176064.00000
0.82604 0.44040 -0.31256 -270166847652679577571265069731559768064.00000
0.83091 0.50652 -0.32375 -246173081610113309886462254616223416320.00000
0.96026 -0.43218 -0.35755 -283537072910635569669742369621055373312.00000
0.96206 -0.39891 -0.35531 -284861108609561950715017646185006497792.00000
0.96260 -0.30008 -0.34724 -287524736615580713636783366854645121024.00000
0.99693 -0.31326 -0.33273 -286174719149952054801695013861796610048.00000
0.97868 -0.24271 -0.35227 -290204022641813495648116374802276548608.00000
0.99469 -0.27915 -0.32933 -283505837999845946097289490854074908672.00000
1.00987 -0.18831 -0.36681 -284871472920869416718604283230413651968.00000
1.03123 -0.22594 -0.34505 -282187014880187703531313168733704290304.00000
0.98018 -0.14926 -0.34835 -287529928912439248464411897350974341120.00000
1.02589 -0.12595 -0.33826 -280857746319583580355068513778921373696.00000
0.93124 -0.05307 -0.31781 -287524696050761506333442518960142548992.00000
0.99963 -0.05918 -0.32304 -280857786884402787658409361673423945728.00000
0.95498 0.00275 -0.33079 -286185042896440313501940803012701192192.00000
1.00423 -0.02864 -0.32506 -279523366591759336957877024116814381056.00000
1.01129 0.06505 -0.36322 -287524655485942299030101671065639976960.00000
1.04771 0.06737 -0.34797 -279512981998042267302619963124155940864.00000
0.98714 0.09376 -0.34999 -284860986915104328804995102501498781696.00000
1.01536 0.12813 -0.33228 -282186974315368496227972320839201718272.00000
0.95480 0.14867 -0.33322 -290203961794584684693105102960522690560.00000
0.99665 0.18750 -0.32455 -280857868014041202265091057462429089792.00000
0.93932 0.23349 -0.32850 -279523346309349733306206600169563095040.00000
0.99067 0.24912 -0.32436 -286195630314253419673902103477872492544.00000
0.96550 0.30534 -0.34776 -275514933699380053680321904897907752960.00000
0.97470 0.27518 -0.31765 -283531941461005845797125110966480011264.00000
0.94685 0.32869 -0.33920 -283511212838390913789951836875665702912.00000
0.95817 0.36393 -0.31539 -275520247690696210417972979077744689152.00000
0.90355 0.39948 -0.32172 -270166807087860370267924221837057196032.00000
0.91322 0.40256 -0.29614 -268811658172601987560218610189633323008.00000
0.87590 0.44385 -0.31139 -275499437938442863804118009197925236736.00000
0.90909 0.43190 -0.29679 -274149359625585394014018384363322867712.00000
0.84513 0.48302 -0.29950 -262170751055355150326668953279063392256.00000
0.85238 0.48547 -0.27454 -256853899919444297790064996879695872000.00000
0.82642 0.49472 -0.26309 -224822214950950873116251886079711379456.00000
0.80063 0.50211 -0.25163 -191471666297979998573121605264853696512.00000
0.75448 0.49064 -0.25331 -247507725009262400755369255592597127168.00000
0.75950 0.49200 -0.23095 -230180847850645248093929173816728092672.00000
1.10057 -0.17400 -0.34069 -275514953981789657331992328845159038976.00000
1.07969 -0.06635 -0.32815 -275520044866600173901268739605231828992.00000
1.11000 -0.03398 -0.34222 -275525156033820294122215574312555905024.00000
1.08775 0.03567 -0.33150 -276844161695164969553225711958188097536.00000
1.10591 0.10645 -0.34096 -271501207098094217316786135446415474688.00000
0.77986 0.50893 -0.21691 -274243388876507923158103803820284837888.00000
