# .PCD v0.7 - Point Cloud Data file format
VERSION 0.7
FIELDS x y z
SIZE 4 4 4
TYPE F F F
COUNT 1 1 1
WIDTH 691
HEIGHT 1
VIEWPOINT 0 0 0 1 0 0 0
POINTS 691
DATA ascii
0.35547 -0.07807 -0.29330 -287529989759668059419423169192728199168.00000
0.35205 -0.06204 -0.29255 -292836517149090653255781336441191137280.00000
0.35603 -0.07063 -0.29223 -287529989759668059419423169192728199168.00000
0.35331 -0.05556 -0.29548 -295515803175323435267114344388822564864.00000
0.35781 -0.05664 -0.29400 -288859298885091389899008672042013687808.00000
0.35549 -0.03467 -0.29842 -284887171505902643111512418402909028352.00000
0.36015 -0.04303 -0.29933 -290198952039412582730510387989455044608.00000
0.35899 -0.02149 -0.31133 -290209316350720048734097025034862198784.00000
0.36417 -0.02989 -0.31305 -284887171505902643111512418402909028352.00000
0.35958 -0.01418 -0.31283 -290209316350720048734097025034862198784.00000
0.36495 -0.00709 -0.31292 -294217850655147350270004263990025256960.00000
0.35955 0.00815 -0.31104 -282223523217474276538076273786019119104.00000
0.36642 0.00036 -0.31870 -288890513513471409819791126861742866432.00000
0.35957 0.02298 -0.31160 -282218412050254156317129439078695043072.00000
0.36672 0.01580 -0.31982 -290225055500572482430346008101860147200.00000
0.35808 0.03742 -0.30652 -287556174350466373725940485094138445824.00000
0.36427 0.03074 -0.31035 -284887293200360265021534962086416744448.00000
0.36172 0.04649 -0.32472 -284887293200360265021534962086416744448.00000
0.36845 0.05602 -0.33260 -288890574360700220774802398703496724480.00000
0.36537 0.06243 -0.32118 -286232077804311181725653936688433463296.00000
0.36339 0.06917 -0.31480 -286226865225043043246354982244852957184.00000
0.35564 0.07373 -0.30512 -275546168610169677252774783664888217600.00000
0.35368 0.07976 -0.29877 -275540935748491935121805405274056425472.00000
0.35046 0.09198 -0.29003 -288854066023413647768039293651181895680.00000
0.35706 0.08771 -0.29519 -286206035190380092980829588417782218752.00000
0.36102 -0.08065 -0.29605 -287530010042077663071093593139979485184.00000
0.36564 -0.08207 -0.29402 -287524858310038335546805910538152837120.00000
0.36054 -0.07192 -0.29046 -288864470899540321074966778591091621888.00000
0.36676 -0.06659 -0.29199 -291533352049646429779372301598813323264.00000
0.36242 -0.05774 -0.29240 -294197040902894003656149294110205804544.00000
0.36851 -0.05194 -0.29362 -296871134632268250839853771561508012032.00000
0.36490 -0.04393 -0.29786 -294197081467713210959490142004708376576.00000
0.36707 -0.03741 -0.30481 -288874916340486201685235111425503920128.00000
0.37035 -0.03112 -0.31652 -286216419784097162636086649410440658944.00000
0.37117 -0.02346 -0.31841 -290219741509256325692694933922023211008.00000
0.37238 -0.00785 -0.32133 -291554182084309380044897695425884061696.00000
0.37977 -0.01687 -0.32871 -294223063234415488749303218433605763072.00000
0.37425 0.00798 -0.32811 -290230166667792602651292842809184223232.00000
0.38358 -0.00069 -0.34187 -292888622659362434397100456929744912384.00000
0.37433 0.01607 -0.32854 -290240672955967294216572447485350379520.00000
0.38104 0.02461 -0.33242 -292893896085859383831410683215079276544.00000
0.37160 0.03166 -0.31855 -288890574360700220774802398703496724480.00000
0.37777 0.04042 -0.32157 -287561285517686493946887319801462521856.00000
0.37440 0.04880 -0.33232 -288885321216612874992162596365413646336.00000
0.38047 0.05830 -0.33493 -291554202366718983696568119373135347712.00000
0.37166 0.06405 -0.32474 -291564607242845657003495604313045073920.00000
0.37070 0.07178 -0.32308 -288895726092739548299090081305323372544.00000
0.36620 0.07675 -0.30686 -286226844942633439594684558297601671168.00000
0.37108 0.08617 -0.30771 -284881979209044108283883887906579808256.00000
0.36166 0.08900 -0.29363 -288874916340486201685235111425503920128.00000
0.36599 0.09822 -0.29367 -291543756925773103086299786538723049472.00000
0.36337 0.10378 -0.28658 -292878197500826157438502548042583900160.00000
0.37742 -0.10556 -0.30526 -287530050606896870374434441034482057216.00000
0.37082 -0.09274 -0.29727 -292878197500826157438502548042583900160.00000
0.37565 -0.09433 -0.29481 -295541866071664127663609116606725095424.00000
0.37224 -0.07683 -0.29567 -288859298885091389899008672042013687808.00000
0.37902 -0.07124 -0.29713 -294197061185303607307819718057457090560.00000
0.37315 -0.06092 -0.29332 -292867792624699484131575063102674173952.00000
0.37970 -0.05489 -0.29444 -291533311484827222476031453704310751232.00000
0.37597 -0.04651 -0.29912 -295536653492395989184310162163144589312.00000
0.38375 -0.04058 -0.30449 -299550400376091429199516355561888153600.00000
0.38084 -0.03258 -0.31336 -292888622659362434397100456929744912384.00000
0.39019 -0.02623 -0.32364 -292888622659362434397100456929744912384.00000
0.38532 -0.01734 -0.32712 -292888622659362434397100456929744912384.00000
0.39102 -0.01784 -0.32539 -290219741509256325692694933922023211008.00000
0.38936 -0.00088 -0.34029 -292888622659362434397100456929744912384.00000
0.39557 0.00778 -0.33936 -284892384085170781590811372846489534464.00000
0.38973 0.01655 -0.34149 -270224023765352271630190177032935047168.00000
0.39247 0.02514 -0.32924 -270213558041996787368251420251271462912.00000
0.38363 0.03274 -0.32057 -292899047817898711355698365816905924608.00000
0.38323 0.04097 -0.32005 -292899047817898711355698365816905924608.00000
0.38465 0.05850 -0.32808 -287550860359150216988289410914301509632.00000
0.39032 0.05937 -0.32631 -296897096116560924977996424043154112512.00000
0.38264 0.07481 -0.32479 -290230146385382998999622418861932937216.00000
0.38935 0.06772 -0.32477 -292898986970669900400687093975152066560.00000
0.38689 0.08403 -0.32076 -288890452666242598864779855019989008384.00000
0.38403 0.09087 -0.31341 -290224893241295653216982616523849859072.00000
0.37470 0.09481 -0.30339 -290209316350720048734097025034862198784.00000
0.38071 0.10596 -0.30779 -295547038086113058839567223155803029504.00000
0.37024 0.10771 -0.29317 -294212638075879211790705309546444750848.00000
0.36844 0.11440 -0.28998 -287550900923969424291630258808804081664.00000
0.39235 -0.11444 -0.31536 -295547078650932266142908071050305601536.00000
0.38284 -0.08916 -0.29651 -303522446625641761380330913411987668992.00000
0.39012 -0.10222 -0.30424 -291538544346504964607000832095142543360.00000
0.39025 -0.08363 -0.29802 -300863990634071929634523299291426979840.00000
0.39088 -0.07509 -0.29714 -298205494077682890585374837276363718656.00000
0.38628 -0.05687 -0.29695 -299545086384775272461865281382051217408.00000
0.39165 -0.05801 -0.29472 -302213947252471777514600380442521632768.00000
0.38640 -0.04849 -0.29530 -298215858388990356588961474321770872832.00000
0.39472 -0.04238 -0.30046 -302234757004725124128455350322341085184.00000
0.39185 -0.03410 -0.30968 -298231556974023582981869609494266249216.00000
0.40025 -0.02704 -0.31465 -295562655541507870625793662539293261824.00000
0.39598 -0.00943 -0.31992 -294223063234415488749303218433605763072.00000
0.40192 -0.00979 -0.31796 -298226384959574651805911502945188315136.00000
0.39648 -0.00083 -0.32104 -298226384959574651805911502945188315136.00000
0.40791 0.00770 -0.33551 -304903719284469647439542569119067930624.00000
0.39840 0.02542 -0.32744 -295567928968004820060103888824627625984.00000
0.40628 0.01682 -0.33061 -304908891298918578615500675668145864704.00000
0.39502 0.03358 -0.31718 -299571230410754379465041749388958892032.00000
0.40092 0.03401 -0.31527 -308886190692556256578955035856328458240.00000
0.39459 0.05959 -0.31938 -296897096116560924977996424043154112512.00000
0.40135 0.05185 -0.31863 -304903699002060043787872145171816644608.00000
0.39938 0.06901 -0.31573 -295567908685595216408433464877376339968.00000
0.39812 0.07739 -0.31379 -288895705810329944647419657358072086528.00000
0.39095 0.09336 -0.31616 -287561265235276890295216895854211235840.00000
0.39823 0.08663 -0.31643 -288895705810329944647419657358072086528.00000
0.38738 0.10886 -0.31029 -290230166667792602651292842809184223232.00000
0.39479 0.10276 -0.31096 -288895705810329944647419657358072086528.00000
0.38926 0.11661 -0.29968 -302234858416773142386807470058597515264.00000
0.38705 0.12380 -0.29606 -300905610138578622862233239051065884672.00000
0.40378 -0.12935 -0.31420 -295562614976688663322452814644790689792.00000
0.40511 -0.12018 -0.31409 -295567827555956801801751769088371195904.00000
0.39712 -0.10562 -0.30636 -291554161801899776393227271478632775680.00000
0.39320 -0.09234 -0.29100 -291548928940222034262257893087800983552.00000
0.39561 -0.08515 -0.29528 -296881478661166113191769984659663880192.00000
0.40348 -0.07915 -0.29649 -292893754108992158269717715584320274432.00000
0.39838 -0.06890 -0.29825 -298210666092131821761332943825441652736.00000
0.40402 -0.07024 -0.29555 -292878116371187742831820852253578756096.00000
0.40040 -0.04331 -0.29821 -300895103850403931296953634374899728384.00000
0.40620 -0.04426 -0.29580 -300884698974277257990026149434990002176.00000
0.40338 -0.03569 -0.30541 -300895124132813534948624058322151014400.00000
0.40888 -0.02740 -0.30056 -302219240961378330600581030675107282944.00000
0.40554 -0.01860 -0.30944 -299555592672949964027144886058217373696.00000
0.40904 -0.00973 -0.29935 -306222522121718286353848467292187262976.00000
0.40857 -0.00123 -0.31701 -303564086412558058259711277118877859840.00000
0.41169 0.00777 -0.30596 -311570628450828366114575726405786533888.00000
0.40897 0.02578 -0.31836 -307556962696771340706051228796048113664.00000
0.41175 0.02566 -0.30651 -308886190692556256578955035856328458240.00000
0.40646 0.04329 -0.31259 -307551750117503202226752274352467607552.00000
0.41091 0.04347 -0.30562 -308880978113288118099656081412747952128.00000
0.40482 0.06073 -0.31032 -302234817851953935083466622164094943232.00000
0.41016 0.05228 -0.30464 -307556962696771340706051228796048113664.00000
0.40369 0.06928 -0.30868 -299571230410754379465041749388958892032.00000
0.40999 0.07982 -0.30900 -295567868120776009105092616982873767936.00000
0.40410 0.08798 -0.31402 -291564586960436053351825180365793787904.00000
0.41177 0.10017 -0.31863 -291564546395616846048484332471291215872.00000
0.40162 0.11498 -0.31496 -291564566678026449700154756418542501888.00000
0.41149 0.10995 -0.32062 -291564546395616846048484332471291215872.00000
0.39932 0.12280 -0.31134 -287561184105638475688535200065206091776.00000
0.40674 0.12624 -0.31334 -278235737818071510661012732868921655296.00000
0.38982 0.13262 -0.28932 -282228634384694396759023108493343195136.00000
0.39377 0.14305 -0.28642 -288895705810329944647419657358072086528.00000
0.40979 -0.14295 -0.31584 -298221030403439287764919580870848806912.00000
0.41136 -0.13360 -0.31600 -295552169535742782712184481810378391552.00000
0.41278 -0.12418 -0.31597 -290224852676476445913641768629347287040.00000
0.41201 -0.11281 -0.31019 -294228214966454816273590901035432411136.00000
0.41116 -0.10177 -0.30454 -288890432383832995213109431072737722368.00000
0.40663 -0.08827 -0.28926 -282223442087835861931394577997013975040.00000
0.41498 -0.08215 -0.29028 -283552649801211174152627961110043033600.00000
0.41156 -0.07273 -0.29743 -290214447800349772606714283689437560832.00000
0.41376 -0.06455 -0.30108 -294217708678280124708311296359266254848.00000
0.41576 -0.05613 -0.30443 -303548387827524831866803141946382483456.00000
0.42196 -0.05730 -0.30147 -306217248695221336919538241006852898816.00000
0.41323 -0.02759 -0.29353 -307551750117503202226752274352467607552.00000
0.41981 -0.03759 -0.29310 -308891281577366773148231446616401248256.00000
0.41345 -0.00984 -0.29251 -304882848684987489870676327397494620160.00000
0.41964 -0.01021 -0.28999 -303548387827524831866803141946382483456.00000
0.41407 -0.00106 -0.29370 -311554990713023950676678863075045015552.00000
0.42071 0.00774 -0.29204 -308886129845327445623943764014574600192.00000
0.41626 0.02575 -0.29956 -307541345241376528919824789412557881344.00000
0.42268 0.01687 -0.29695 -307541365523786132571495213359809167360.00000
0.41594 0.03472 -0.29929 -308865360657893306313429642029257719808.00000
0.41539 0.04365 -0.29865 -310205034094624102796601781923950362624.00000
0.41360 0.06126 -0.29632 -299560724122579687899762144712792735744.00000
0.42085 0.05330 -0.29507 -310215398405931568800188418969357516800.00000
0.41093 0.07836 -0.29261 -298236749270882117809498139990595469312.00000
0.41848 0.07098 -0.29194 -303548367545115228215132717999131197440.00000
0.41265 0.08865 -0.29922 -295567847838366405453422193035622481920.00000
0.41853 0.09964 -0.29808 -294222941539957866839280674750098046976.00000
0.41212 0.10758 -0.30270 -294238579277762282277177538080839565312.00000
0.41749 0.11886 -0.30076 -294228174401635608970250053140929839104.00000
0.41353 0.13954 -0.31619 -286237188971531301946600771395757539328.00000
0.42251 0.13350 -0.31690 -292904138702709227924974776576978714624.00000
0.40870 0.14534 -0.30653 -288895665245510737344078809463569514496.00000
0.41116 0.15478 -0.29800 -294233427545722954752889855479012917248.00000
0.43416 -0.15743 -0.31990 -303558772421241901522060202939040923648.00000
0.42514 -0.14014 -0.31314 -294217708678280124708311296359266254848.00000
0.43281 -0.13247 -0.30882 -292893733826582554618047291637068988416.00000
0.42593 -0.11855 -0.30780 -287561102976000061081853504276200947712.00000
0.43569 -0.11253 -0.30897 -295562614976688663322452814644790689792.00000
0.42195 -0.09437 -0.29199 -298231536691613979330199185547014963200.00000
0.43451 -0.10077 -0.30333 -296897096116560924977996424043154112512.00000
0.43229 -0.07048 -0.30976 -302219159831739915993899334886102138880.00000
0.43842 -0.08209 -0.30728 -296881458378756509540099560712412594176.00000
0.43463 -0.06143 -0.31339 -306217268977630940571208664954104184832.00000
0.44127 -0.05236 -0.30806 -300879506677418723162397618938660782080.00000
0.42804 -0.03910 -0.29477 -310225762717239034803775056014764670976.00000
0.43407 -0.03022 -0.28949 -304882828402577886219005903450243334144.00000
0.42596 -0.01059 -0.28728 -307551709552683994923411426457965035520.00000
0.43243 -0.01098 -0.28436 -307551729835093598575081850405216321536.00000
0.43317 -0.00170 -0.28561 -303548428392344039170143989840885055488.00000
0.43364 0.00765 -0.28648 -306212117245591613046920982352277536768.00000
0.42720 0.02614 -0.28992 -312873955809549418804348152826174636032.00000
0.43374 0.02644 -0.28703 -308881038960516929054667353254501810176.00000
0.42811 0.04493 -0.29334 -311544626401716484673092226029637861376.00000
0.43533 0.03615 -0.29108 -306217309542450147874549512848606756864.00000
0.43573 0.05551 -0.29370 -304882828402577886219005903450243334144.00000
0.43451 0.06485 -0.29220 -303548367545115228215132717999131197440.00000
0.42310 0.08084 -0.28691 -303558792703651505173730626886292209664.00000
0.43108 0.07323 -0.28595 -304882808120168282567335479502992048128.00000
0.42931 0.09185 -0.28550 -298221030403439287764919580870848806912.00000
0.42710 0.10042 -0.28258 -292893733826582554618047291637068988416.00000
0.42423 0.11095 -0.29621 -294228174401635608970250053140929839104.00000
0.42551 0.12219 -0.30208 -292893733826582554618047291637068988416.00000
0.42984 0.14763 -0.31924 -295562594694279059670782390697539403776.00000
0.43849 0.15189 -0.32047 -298221030403439287764919580870848806912.00000
0.42427 0.15359 -0.30903 -295562614976688663322452814644790689792.00000
0.42872 0.16568 -0.30472 -298221050685848891416590004818100092928.00000
0.41705 0.16841 -0.29868 -295557422679830128494824284148461469696.00000
0.46367 -0.20848 -0.35642 -295562554129459852367441542803036831744.00000
0.45920 -0.18903 -0.34158 -294228133836816401666909205246427267072.00000
0.45825 -0.17437 -0.33499 -291554040107442154483204727795125059584.00000
0.44224 -0.14955 -0.31520 -286211065227961798595094727336101150720.00000
0.45328 -0.14394 -0.31640 -290209235221081634127415329245857054720.00000
0.44714 -0.11836 -0.31577 -294228214966454816273590901035432411136.00000
0.45223 -0.13097 -0.31078 -295557402397420524843153860201210183680.00000
0.44928 -0.09714 -0.31486 -290219721226846722041024509974771924992.00000
0.45782 -0.11156 -0.31648 -295541906636483334966949964501227667456.00000
0.45256 -0.08792 -0.31955 -299550359811272221896175507667385581568.00000
0.46562 -0.08127 -0.32531 -307557043826409755312732924585053257728.00000
0.45571 -0.06729 -0.32220 -304882868967397093522346751344745906176.00000
0.46558 -0.05847 -0.32163 -298215919236219167543972746163524730880.00000
0.45020 -0.04377 -0.30743 -304882828402577886219005903450243334144.00000
0.45920 -0.03465 -0.30626 -298210726939360632716344215667195510784.00000
0.44209 -0.02152 -0.28828 -300879547242237930465738466833163354112.00000
0.45010 -0.01234 -0.28653 -302214048664519795772952500178778062848.00000
0.44188 -0.00207 -0.28683 -300874395510198602941450784231336706048.00000
0.44238 0.00758 -0.28771 -304877717235357765998059068742919258112.00000
0.44459 0.02719 -0.29270 -300879608089466741420749738674917212160.00000
0.45170 0.01751 -0.28922 -300884780103915672596707845223995146240.00000
0.44781 0.04770 -0.30077 -302219139549330312342228910938850852864.00000
0.45340 0.03786 -0.29341 -298221070968258495068260428765351378944.00000
0.44677 0.05759 -0.29956 -300884698974277257990026149434990002176.00000
0.45472 0.06919 -0.29898 -288885118392516838475458356892900786176.00000
0.43757 0.07438 -0.28263 -300879486395009119510727194991409496064.00000
0.45094 0.08875 -0.29441 -292888480682495208835407489298985910272.00000
0.43735 0.10442 -0.28776 -290224852676476445913641768629347287040.00000
0.44423 0.09589 -0.28258 -296881498943575716843440408606915166208.00000
0.44722 0.13269 -0.31445 -290219599532389100131001966291264208896.00000
0.45484 0.12379 -0.30895 -291533352049646429779372301598813323264.00000
0.45126 0.14748 -0.32648 -291548807245764412352235349404293267456.00000
0.45684 0.16088 -0.32223 -292883288385636674007778958802656690176.00000
0.44109 0.16243 -0.31069 -295562554129459852367441542803036831744.00000
0.44816 0.17766 -0.31100 -298215858388990356588961474321770872832.00000
0.43058 0.17536 -0.29440 -298226303829936237199229807156183171072.00000
0.42974 0.18216 -0.27859 -302219261243787934252251454622358568960.00000
0.47026 -0.21112 -0.34926 -290230004408515773437929451231173935104.00000
0.46572 -0.19156 -0.33492 -292904138702709227924974776576978714624.00000
0.47224 -0.19408 -0.32795 -292914563861245504883572685464139726848.00000
0.46283 -0.14879 -0.31691 -300879567524647534117408890780414640128.00000
0.46726 -0.16198 -0.31009 -295562655541507870625793662539293261824.00000
0.46336 -0.12451 -0.31151 -294212597511060004487364461651942178816.00000
0.47156 -0.14001 -0.31152 -294197000338074796352808446215703232512.00000
0.46770 -0.11548 -0.31726 -298205514360092494237045261223615004672.00000
0.47483 -0.11748 -0.31186 -303538023516217365863216504900975329280.00000
0.47564 -0.09610 -0.32778 -299539954935145548589248022727475855360.00000
0.48322 -0.09789 -0.32256 -302208754955613242686971849946192412672.00000
0.48714 -0.07528 -0.32575 -304882828402577886219005903450243334144.00000
0.48696 -0.06314 -0.32379 -306217268977630940571208664954104184832.00000
0.47270 -0.04821 -0.31504 -298195129766375424581788200230956564480.00000
0.48259 -0.03836 -0.31333 -306206904666323474567622027908697030656.00000
0.46822 -0.02500 -0.30450 -303543296942714315297526731186309693440.00000
0.48000 -0.01517 -0.30714 -304882868967397093522346751344745906176.00000
0.45862 0.00745 -0.28507 -295552230382971593667195753652132249600.00000
0.47085 0.00734 -0.29009 -300884739539096465293366997329492574208.00000
0.46107 0.02809 -0.29006 -300889911553545396469325103878570508288.00000
0.47367 0.01811 -0.29523 -300879506677418723162397618938660782080.00000
0.46715 0.05020 -0.30286 -296897014986922510371314728254148968448.00000
0.48114 0.04096 -0.30950 -300889911553545396469325103878570508288.00000
0.46594 0.06073 -0.30153 -291559252686710292962503682238705565696.00000
0.47717 0.07398 -0.30524 -292888622659362434397100456929744912384.00000
0.46534 0.09352 -0.30472 -286211207204829024156787694966860152832.00000
0.47787 0.08568 -0.30797 -291554242931538190999908967267637919744.00000
0.46505 0.11611 -0.30826 -291543696078544292131288514696969191424.00000
0.47827 0.10928 -0.31233 -291538584911324171910341679989645115392.00000
0.48032 0.13481 -0.32082 -288869521219531630340902341456661839872.00000
0.47941 0.14679 -0.32184 -292872842944690793397510625968244391936.00000
0.46656 0.16562 -0.32272 -291543675796134688479618090749717905408.00000
0.47359 0.16802 -0.31703 -288864470899540321074966778591091621888.00000
0.46878 0.17687 -0.31124 -287524878592447939198476334485404123136.00000
0.46378 0.18522 -0.30519 -284856017724751434145741235424933707776.00000
0.44476 0.19510 -0.29314 -290198891192183771775499116147701186560.00000
0.45589 0.19029 -0.29352 -292862600327840949303946532606344953856.00000
0.44535 0.20430 -0.28060 -294181362600270380914911582884961714176.00000
0.48751 -0.22089 -0.34176 -292909310717158159100932883126056648704.00000
0.49419 -0.22351 -0.33345 -299555470978492342117122342374709657600.00000
0.48645 -0.20458 -0.33513 -295567746426318387195070073299366051840.00000
0.49223 -0.19141 -0.32133 -295552149253333179060514057863127105536.00000
0.47626 -0.15336 -0.30464 -295552128970923575408843633915875819520.00000
0.48302 -0.15564 -0.29803 -298210625527312614457992095930939080704.00000
0.47846 -0.14223 -0.30542 -298205433230454079630363565434609860608.00000
0.49091 -0.13543 -0.30552 -300874294098150584683098664495080275968.00000
0.48530 -0.12160 -0.31196 -300869101801292049855470133998751055872.00000
0.49759 -0.11375 -0.31161 -302208673825974828080290154157187268608.00000
0.49090 -0.09971 -0.31703 -302208714390794035383631002051689840640.00000
0.50287 -0.09083 -0.31611 -299555410131263531162111070532955799552.00000
0.50672 -0.07970 -0.32066 -296876103822621145499107638638073085952.00000
0.50660 -0.06696 -0.31887 -304861937520686124998469237781418737664.00000
0.49366 -0.03998 -0.31389 -304861978085505332301810085675921309696.00000
0.50268 -0.05330 -0.31111 -304872423526451212912078418510333607936.00000
0.49246 -0.02791 -0.31096 -300874273815740981031428240547828989952.00000
0.50225 -0.01688 -0.30785 -298210625527312614457992095930939080704.00000
0.48899 -0.00430 -0.30398 -304882828402577886219005903450243334144.00000
0.50672 -0.00522 -0.31471 -300889911553545396469325103878570508288.00000
0.48972 0.03010 -0.30540 -296886589828386233412716819366987956224.00000
0.50418 0.03108 -0.31075 -288895584115872322737397113674564370432.00000
0.49211 0.04200 -0.31001 -302224352128598450821527865382431358976.00000
0.50352 0.04307 -0.31020 -300895083567994327645283210427648442368.00000
0.49267 0.06568 -0.31271 -296897014986922510371314728254148968448.00000
0.50087 0.06671 -0.30758 -298200281498414752106075882832783212544.00000
0.49160 0.08930 -0.31353 -292888642941772038048770880876996198400.00000
0.50004 0.10328 -0.31050 -291538483499276153651989560253388685312.00000
0.48894 0.11251 -0.31252 -294207486343839884266417626944618102784.00000
0.49636 0.12668 -0.30839 -284887110658673832156501146561155170304.00000
0.48790 0.13690 -0.31529 -290204042924223099299786798749527834624.00000
0.49441 0.15127 -0.31008 -291543675796134688479618090749717905408.00000
0.48068 0.17044 -0.31103 -288864430334721113771625930696589049856.00000
0.49292 0.16342 -0.31040 -291543675796134688479618090749717905408.00000
0.47561 0.17933 -0.30514 -284866321188830089194316600628587003904.00000
0.48003 0.19304 -0.29794 -282202652617992118969210032064445808640.00000
0.46491 0.19557 -0.29262 -287540435200613940029691502027140497408.00000
0.47422 0.20102 -0.29137 -287540435200613940029691502027140497408.00000
0.50644 -0.24851 -0.33920 -300884658409458050686685301540487430144.00000
0.51305 -0.25110 -0.32957 -296876164669849956454118910479826944000.00000
0.50430 -0.21406 -0.32633 -291538463216866550000319136306137399296.00000
0.52404 -0.21300 -0.33408 -291538422652047342696978288411634827264.00000
0.50623 -0.18564 -0.32164 -295531380065899039749999935877810225152.00000
0.50408 -0.16611 -0.29553 -298200261216005148454405458885531926528.00000
0.50182 -0.14008 -0.30476 -299529448646970857023968418051309699072.00000
0.50682 -0.15431 -0.29673 -302187965485769499724787304013624246272.00000
0.50899 -0.11780 -0.31111 -298205392665634872327022717540107288576.00000
0.51518 -0.13245 -0.30410 -303522365496003346773649217622982524928.00000
0.51467 -0.09420 -0.31583 -299555450696082738465451918427458371584.00000
0.52295 -0.09595 -0.30921 -296886569545976629761046395419736670208.00000
0.51501 -0.08126 -0.31458 -291538402369637739045307864464383541248.00000
0.52727 -0.07096 -0.31235 -308865299810664495358418370187503861760.00000
0.51815 -0.05644 -0.31659 -300869122083701653507140557946002341888.00000
0.52969 -0.04523 -0.31354 -299534742355877410109949068283895349248.00000
0.51407 -0.01779 -0.30771 -294207324084563055053054235366607814656.00000
0.52824 -0.03190 -0.31057 -295536612927576781880969314268642017280.00000
0.52324 0.00680 -0.32128 -288879966660477510951170674291074138112.00000
0.53533 -0.00653 -0.31993 -300884780103915672596707845223995146240.00000
0.51987 0.01948 -0.31614 -292893693261763347314706443742566416384.00000
0.53616 0.03322 -0.32131 -299545045819956065158524433487548645376.00000
0.51768 0.05717 -0.31431 -302203501811525896904332047608109334528.00000
0.53017 0.05877 -0.31379 -302208734673203639035301425998941126656.00000
0.52465 0.07057 -0.30663 -299534701791058202806608220389392777216.00000
0.52235 0.08287 -0.30441 -287545647779882078508990456470721003520.00000
0.51158 0.10635 -0.31006 -291543716360953895782958938644220477440.00000
0.52318 0.09617 -0.30703 -283547538633991053931681126402718957568.00000
0.50760 0.13045 -0.30775 -287550819794331009684948563019798937600.00000
0.51925 0.13436 -0.30672 -287530030324487266722764017087230771200.00000
0.50200 0.15353 -0.30369 -288874814928438183426882991689247490048.00000
0.51462 0.14532 -0.30202 -291533352049646429779372301598813323264.00000
0.50036 0.16580 -0.30381 -288874814928438183426882991689247490048.00000
0.50784 0.16818 -0.29687 -286205994625560885677488740523279646720.00000
0.49004 0.19853 -0.29652 -286200822611111954501530633974201712640.00000
0.50319 0.19240 -0.29574 -282197500885952791444922349462619160576.00000
0.48743 0.22443 -0.29975 -288885300934203271340492172418162360320.00000
0.51271 0.23036 -0.31805 -286211268052057835111798966808614010880.00000
0.48767 0.25481 -0.30897 -280878657483884945227275603394997256192.00000
0.49783 0.26198 -0.30683 -282202672900401722620880456011697094656.00000
0.53596 -0.27165 -0.34511 -295541724094796902101916148975966093312.00000
0.55327 -0.26690 -0.34468 -299550197551995392682812116089375293440.00000
0.53824 -0.23876 -0.33936 -296870952090581817974819956036246437888.00000
0.54943 -0.22784 -0.33060 -292872842944690793397510625968244391936.00000
0.53477 -0.20252 -0.32615 -292867630365422654918211671524663885824.00000
0.53578 -0.18425 -0.30423 -294207283519743847749713387472105242624.00000
0.51809 -0.15950 -0.29499 -296870952090581817974819956036246437888.00000
0.52975 -0.16485 -0.29280 -294207283519743847749713387472105242624.00000
0.52888 -0.12408 -0.30286 -303543073836208675129152067766545547264.00000
0.54131 -0.12847 -0.30102 -300874233250921773728087392653326417920.00000
0.53965 -0.10131 -0.31405 -300879506677418723162397618938660782080.00000
0.54832 -0.10314 -0.30640 -307541304676557321616483941518055309312.00000
0.54008 -0.08751 -0.31290 -296871012937810628929831227878000295936.00000
0.55332 -0.07654 -0.30986 -295531400348308643401670359825061511168.00000
0.54266 -0.04712 -0.31263 -300863990634071929634523299291426979840.00000
0.55613 -0.04907 -0.31125 -292857367466163207172977154215513161728.00000
0.54725 -0.02065 -0.31755 -303543276660304711645856307239058407424.00000
0.55888 -0.03552 -0.31406 -292862498915792931045594412870088523776.00000
0.54958 0.00657 -0.32021 -300884820668734879900048693118497718272.00000
0.56353 0.00645 -0.31899 -296876164669849956454118910479826944000.00000
0.54957 0.03403 -0.32054 -295547038086113058839567223155803029504.00000
0.55908 0.03447 -0.31347 -296881519225985320495110832554166452224.00000
0.54456 0.04711 -0.31410 -283552629518801570500957537162791747584.00000
0.55660 0.06215 -0.31143 -282228735796742415017375228229599625216.00000
0.53722 0.07260 -0.30554 -291554202366718983696568119373135347712.00000
0.54760 0.08781 -0.30162 -291569799539704191831124134809374294016.00000
0.53561 0.09903 -0.30583 -264870603444926035131811843739498840064.00000
0.54471 0.11460 -0.30069 -290214528929988187213395979478442704896.00000
0.53133 0.13840 -0.30526 -290193739460144444251211433545874538496.00000
0.54452 0.12861 -0.30223 -291538564628914568258671256042393829376.00000
0.52636 0.14965 -0.30040 -292862600327840949303946532606344953856.00000
0.54267 0.15645 -0.30402 -288854045741004044116368869703930609664.00000
0.52061 0.18851 -0.30017 -283526708599328103666155732575648219136.00000
0.53066 0.17819 -0.29266 -284861149174381158018358494079509069824.00000
0.52747 0.22425 -0.31709 -275525298010687519683908541943314907136.00000
0.54272 0.21746 -0.31560 -282207905762079464751849834402528886784.00000
0.52060 0.24982 -0.31457 -282207885479669861100179410455277600768.00000
0.54085 0.24859 -0.32030 -280889082642421222185873512282158268416.00000
0.51675 0.26221 -0.31294 -283537113475454776973083217515557945344.00000
0.51906 0.27696 -0.30122 -279533791750295613916474933003975393280.00000
0.56419 -0.30709 -0.32612 -296881235272250869371724897292648448000.00000
0.56702 -0.27612 -0.34226 -298220908708981665854897037187341090816.00000
0.57640 -0.30048 -0.33753 -298215696129713527375598082743760584704.00000
0.57893 -0.26426 -0.33195 -295552088406104368105502786021373247488.00000
0.58330 -0.24941 -0.33352 -294207283519743847749713387472105242624.00000
0.56667 -0.22139 -0.32952 -296886569545976629761046395419736670208.00000
0.57016 -0.20685 -0.33064 -295546936674065040581215103419546599424.00000
0.56198 -0.18429 -0.31665 -294212496099011986229012341915685748736.00000
0.57316 -0.17249 -0.30765 -302219119266920708690558486991599566848.00000
0.55207 -0.14678 -0.29829 -300879486395009119510727194991409496064.00000
0.56749 -0.13770 -0.29584 -298205412948044475978693141487358574592.00000
0.55584 -0.11906 -0.29871 -303543154965847089735833763555550691328.00000
0.57055 -0.10880 -0.29561 -303537962668988554908205233059221471232.00000
0.56707 -0.07948 -0.30789 -299534661226238995503267372494890205184.00000
0.57622 -0.09594 -0.30074 -300874273815740981031428240547828989952.00000
0.57010 -0.05110 -0.30938 -300874375227788999289780360284085420032.00000
0.58583 -0.06861 -0.30949 -299550298964043410941164235825631723520.00000
0.58024 -0.02334 -0.32059 -298210645809722218109662519878190366720.00000
0.59290 -0.03953 -0.31599 -299550319246453014592834659772883009536.00000
0.57802 0.00633 -0.31726 -298210625527312614457992095930939080704.00000
0.59199 -0.00894 -0.31391 -299550319246453014592834659772883009536.00000
0.57833 0.02103 -0.31771 -294207324084563055053054235366607814656.00000
0.57324 0.03531 -0.31165 -295547017803703455187896799208551743488.00000
0.56767 0.04908 -0.30521 -295547078650932266142908071050305601536.00000
0.58020 0.06489 -0.30136 -300874395510198602941450784231336706048.00000
0.56378 0.07689 -0.30196 -292898946405850693097346246080649494528.00000
0.57012 0.09181 -0.29141 -296865780076132886798861849487168503808.00000
0.55747 0.10359 -0.29649 -292878116371187742831820852253578756096.00000
0.55777 0.11804 -0.29842 -291538463216866550000319136306137399296.00000
0.56131 0.14914 -0.30674 -288869582066760441295913613298415697920.00000
0.58071 0.14074 -0.30875 -294207303802153451401383811419356528640.00000
0.55837 0.17813 -0.30771 -284871513485688624021945131124916224000.00000
0.58940 0.17724 -0.32367 -286200721199063936243178514237945282560.00000
0.56350 0.21356 -0.32020 -280878657483884945227275603394997256192.00000
0.57993 0.20507 -0.31742 -283531921178596242145454687019228725248.00000
0.57377 0.25608 -0.34091 -279554642067368167833670750778297417728.00000
0.58551 0.24379 -0.33077 -282213098058937999579478364898858106880.00000
0.56614 0.28585 -0.33881 -279533791750295613916474933003975393280.00000
0.57374 0.28882 -0.32732 -276880487490765109694955001485241352192.00000
0.55035 0.28851 -0.32145 -280868232325348668268677694507836243968.00000
0.55818 0.31081 -0.31575 -276880528055584316998295849379743924224.00000
0.53024 0.30256 -0.30241 -279539024611973356047444311394807185408.00000
0.54167 0.31113 -0.29832 -274216879767155950424859704762854014976.00000
0.57221 -0.33149 -0.32003 -294212333839735157015648950337675460608.00000
0.59202 -0.32809 -0.31789 -294222738715861830322576435277585186816.00000
0.59606 -0.29563 -0.33577 -298205392665634872327022717540107288576.00000
0.60332 -0.29827 -0.32223 -299524236067702718544669463607729192960.00000
0.60553 -0.26436 -0.33894 -296876164669849956454118910479826944000.00000
0.61351 -0.26718 -0.32592 -295541724094796902101916148975966093312.00000
0.59543 -0.23708 -0.32309 -298210605244903010806321671983687794688.00000
0.61481 -0.22950 -0.32036 -296876164669849956454118910479826944000.00000
0.60605 -0.19004 -0.32607 -300879486395009119510727194991409496064.00000
0.62191 -0.19689 -0.32218 -299545045819956065158524433487548645376.00000
0.60865 -0.17386 -0.32637 -298210605244903010806321671983687794688.00000
0.63396 -0.16679 -0.33017 -298210625527312614457992095930939080704.00000
0.61224 -0.14094 -0.32578 -298210605244903010806321671983687794688.00000
0.62954 -0.12897 -0.32119 -296876205234669163757459758374329516032.00000
0.61932 -0.09271 -0.32848 -298210645809722218109662519878190366720.00000
0.62990 -0.11168 -0.31984 -296876225517078767409130182321580802048.00000
0.63539 -0.06269 -0.34404 -300874253533331377379757816600577703936.00000
0.64853 -0.08211 -0.33679 -298210645809722218109662519878190366720.00000
0.63251 -0.04501 -0.33995 -299555450696082738465451918427458371584.00000
0.65330 -0.02972 -0.33919 -300889911553545396469325103878570508288.00000
0.61419 0.00600 -0.31831 -282233826681552931586651638989672415232.00000
0.63067 0.00586 -0.31483 -299560683557760480596421296818290163712.00000
0.60850 0.03754 -0.31232 -292893693261763347314706443742566416384.00000
0.62507 0.02222 -0.30899 -296886589828386233412716819366987956224.00000
0.60728 0.05318 -0.31145 -292893693261763347314706443742566416384.00000
0.62916 0.05544 -0.31406 -299555470978492342117122342374709657600.00000
0.59732 0.08264 -0.30193 -290224812111657238610300920734844715008.00000
0.60895 0.10020 -0.29543 -294207283519743847749713387472105242624.00000
0.59023 0.12718 -0.29793 -298179370334113387233868793216707330048.00000
0.60460 0.11488 -0.29211 -296865759793723283147191425539917217792.00000
0.62424 0.17531 -0.34061 -290204002359403891996445950855025262592.00000
0.64158 0.16285 -0.33509 -286200700916654332591508090290693996544.00000
0.62324 0.19288 -0.34192 -288869663196398855902595309087420841984.00000
0.63834 0.21723 -0.33882 -239510979374830656657319572828059598848.00000
0.61280 0.22333 -0.33541 -284871533768098227673615555072167510016.00000
0.62886 0.23055 -0.33128 -264860117439160947218202663010583969792.00000
0.60674 0.25641 -0.33480 -284876665217727951546232813726742872064.00000
0.61536 0.25941 -0.32262 -283537032345816362366401521726552801280.00000
0.59430 0.30395 -0.33143 -274216818919927139469848432921100156928.00000
0.62136 0.30391 -0.33682 -280873384057387995792965377109662892032.00000
0.59645 0.32622 -0.33851 -276885740634852455477594803823324430336.00000
0.63115 0.37879 -0.36187 -283526708599328103666155732575648219136.00000
0.61089 0.40280 -0.34823 -279523427438988147912888295958568239104.00000
0.65016 -0.41064 -0.36704 -294222779280681037625917283172087758848.00000
0.68755 -0.42009 -0.37649 -296891640148377542678652382232558174208.00000
0.63071 -0.34205 -0.33503 -298215675847303923723927658796509298688.00000
0.67479 -0.35668 -0.35326 -296881296119479680326736169134402306048.00000
0.62420 -0.29273 -0.31933 -300869101801292049855470133998751055872.00000
0.64591 -0.28631 -0.31565 -291554019825032550831534303847873773568.00000
0.63428 -0.26006 -0.32271 -298220969556210476809908309029094948864.00000
0.65575 -0.25194 -0.31863 -294217668113460917404970448464763682816.00000
0.63479 -0.22095 -0.31679 -296881316401889283978406593081653592064.00000
0.66358 -0.21623 -0.32038 -296881336684298887630077017028904878080.00000
0.65905 -0.17687 -0.33381 -296876184952259560105789334427078230016.00000
0.66903 -0.17942 -0.32062 -294207303802153451401383811419356528640.00000
0.65282 -0.15490 -0.32521 -296876225517078767409130182321580802048.00000
0.66399 -0.13883 -0.31172 -296876184952259560105789334427078230016.00000
0.65355 -0.10010 -0.32072 -299539954935145548589248022727475855360.00000
0.66442 -0.12034 -0.31044 -298210625527312614457992095930939080704.00000
0.67969 -0.06960 -0.34442 -300879547242237930465738466833163354112.00000
0.68572 -0.08887 -0.32777 -296876184952259560105789334427078230016.00000
0.67948 -0.03196 -0.34267 -302213926970062173862929956495270346752.00000
0.69927 -0.03350 -0.33789 -299545066102365668810194857434799931392.00000
0.66688 -0.01255 -0.32977 -299539792675868719375884631149465567232.00000
0.67235 0.00548 -0.31221 -299555470978492342117122342374709657600.00000
0.66087 0.04110 -0.32399 -299545045819956065158524433487548645376.00000
0.67271 0.02356 -0.31260 -299555470978492342117122342374709657600.00000
0.67103 0.07864 -0.33534 -296876164669849956454118910479826944000.00000
0.69292 0.06240 -0.33224 -291538422652047342696978288411634827264.00000
0.66039 0.09479 -0.32571 -296876164669849956454118910479826944000.00000
0.67412 0.11536 -0.31747 -295541825506844920360268268712222523392.00000
0.65181 0.14673 -0.32132 -295536592645167178229298890321390731264.00000
0.66859 0.13241 -0.31362 -290209275785900841430756177140359626752.00000
0.67425 0.19432 -0.34813 -279554581220139356878659478936543559680.00000
0.68493 0.19698 -0.33475 -276885740634852455477594803823324430336.00000
0.66524 0.20981 -0.34137 -278220201492315113481467989274436567040.00000
0.67548 0.21259 -0.32802 -272882418909693292420986519311741878272.00000
0.64225 0.25571 -0.32613 -283521516302469568838527202079318999040.00000
0.67078 0.25079 -0.32884 -280847422573095321654822724628016791552.00000
0.64213 0.29644 -0.33287 -284871554050507831325285979019418796032.00000
0.68147 0.30097 -0.34587 -283521516302469568838527202079318999040.00000
0.67903 0.37307 -0.38106 -283537093193045173321412793568306659328.00000
0.71525 0.37513 -0.38783 -282192227459455842010612123177284796416.00000
0.67409 0.39306 -0.38053 -282202591770763308014198760222691950592.00000
0.69370 0.40702 -0.37518 -280862877769213304227685772433496735744.00000
0.64657 0.43925 -0.36578 -278188946299115886257344686560204816384.00000
0.66450 0.45443 -0.36018 -275514852569741639073640209108902608896.00000
0.75536 -0.48558 -0.41751 -295557199573324488326449620728697323520.00000
0.76337 -0.48815 -0.39535 -299550116422356978076130420300370149376.00000
0.72862 -0.42924 -0.38564 -298215675847303923723927658796509298688.00000
0.73391 -0.40653 -0.38576 -298215716412123131027268506691011870720.00000
0.68838 -0.34041 -0.33744 -296870972372991421626490379983497723904.00000
0.71381 -0.33320 -0.33185 -298205392665634872327022717540107288576.00000
0.68823 -0.29364 -0.32969 -295552149253333179060514057863127105536.00000
0.73579 -0.30047 -0.34402 -296870952090581817974819956036246437888.00000
0.68725 -0.24871 -0.32227 -300879486395009119510727194991409496064.00000
0.74318 -0.25696 -0.34412 -299539833240687926679225479043968139264.00000
0.69407 -0.21009 -0.32300 -296870952090581817974819956036246437888.00000
0.71616 -0.19755 -0.31594 -296876205234669163757459758374329516032.00000
0.68931 -0.16672 -0.31416 -294207303802153451401383811419356528640.00000
0.70962 -0.15275 -0.30643 -294207303802153451401383811419356528640.00000
0.70707 -0.11288 -0.32486 -303548387827524831866803141946382483456.00000
0.70991 -0.13247 -0.30503 -299545066102365668810194857434799931392.00000
0.72926 -0.07735 -0.34206 -295541744377206505753586572923217379328.00000
0.73487 -0.09835 -0.32306 -299545045819956065158524433487548645376.00000
0.73427 -0.05740 -0.34559 -298210625527312614457992095930939080704.00000
0.76064 -0.03874 -0.34178 -302213906687652570211259532548019060736.00000
0.72241 -0.01518 -0.33413 -299545066102365668810194857434799931392.00000
0.76355 -0.01722 -0.34376 -299545025537546461506854009540297359360.00000
0.72347 0.04535 -0.33523 -292883268103227070356108534855405404160.00000
0.76460 0.04820 -0.34479 -294217708678280124708311296359266254848.00000
0.73666 0.08825 -0.34810 -294207303802153451401383811419356528640.00000
0.76929 0.09292 -0.34996 -295541744377206505753586572923217379328.00000
0.71781 0.12568 -0.33369 -284907940693336782422026540388225908736.00000
0.74840 0.13240 -0.33490 -291559333816348707569185378027710709760.00000
0.70421 0.16229 -0.32467 -280889062360011618534203088334906982400.00000
0.73193 0.14915 -0.32262 -287556012091189544512577093516128157696.00000
0.71330 0.20774 -0.33682 -286221632363365301115385603854021165056.00000
0.74403 0.21942 -0.33839 -284850764580664088363101433086850629632.00000
0.70295 0.22412 -0.32982 -278209776333778836522870080387275554816.00000
0.73269 0.23663 -0.33114 -278194138595974421084973217056534036480.00000
0.70448 0.29097 -0.33976 -282166245692753564220799046748387409920.00000
0.72795 0.27973 -0.33248 -274170027400971515066180386612383318016.00000
0.72917 0.35667 -0.37010 -282181863148148376007025486131877642240.00000
0.76840 0.35586 -0.37433 -274185624573956723200736402048622264320.00000
0.73228 0.41146 -0.38179 -284850703733435277408090161245096771584.00000
0.75990 0.40331 -0.37493 -275530429460317243556525800597890269184.00000
0.70834 0.44286 -0.36830 -280847382008276114351481876733514219520.00000
0.73546 0.43693 -0.36195 -280857827449221994961750209567926517760.00000
0.70225 0.46393 -0.36752 -279513002280451870954290387071407226880.00000
0.70950 0.46643 -0.34784 -275509700837702311549352526507075960832.00000
0.79481 -0.48295 -0.38814 -284871351226411794808581739546905935872.00000
0.82762 -0.47657 -0.37965 -287535080644478575988699579952800989184.00000
0.78758 -0.41602 -0.37242 -294212435251783175274001070073931890688.00000
0.81876 -0.40749 -0.36389 -296876164669849956454118910479826944000.00000
0.80082 -0.34102 -0.37132 -298205392665634872327022717540107288576.00000
0.82725 -0.35517 -0.36283 -299539833240687926679225479043968139264.00000
0.78933 -0.30659 -0.35856 -303543154965847089735833763555550691328.00000
0.83059 -0.32884 -0.36196 -302208714390794035383631002051689840640.00000
0.82347 -0.27267 -0.37983 -300874273815740981031428240547828989952.00000
0.86824 -0.26427 -0.38121 -304861978085505332301810085675921309696.00000
0.79643 -0.20819 -0.35330 -299545066102365668810194857434799931392.00000
0.85004 -0.20160 -0.36319 -303543154965847089735833763555550691328.00000
0.74843 -0.12190 -0.31045 -295557361832601317539813012306707611648.00000
0.78258 -0.15320 -0.31219 -300879486395009119510727194991409496064.00000
0.79636 -0.08826 -0.34523 -302203542376345104207672895502611906560.00000
0.82643 -0.11755 -0.34120 -298215817824171149285620626427268300800.00000
0.80230 -0.06584 -0.34893 -303537982951398158559875657006472757248.00000
0.84578 -0.04623 -0.35250 -295541744377206505753586572923217379328.00000
0.80004 0.00421 -0.34596 -295552149253333179060514057863127105536.00000
0.83787 0.00385 -0.34623 -299539873805507133982566326938470711296.00000
0.80039 0.02739 -0.34629 -298210625527312614457992095930939080704.00000
0.82437 0.05205 -0.33690 -296876184952259560105789334427078230016.00000
0.80466 0.09799 -0.35117 -298210625527312614457992095930939080704.00000
0.83428 0.07738 -0.34453 -299545066102365668810194857434799931392.00000
0.78790 0.11817 -0.33922 -291538422652047342696978288411634827264.00000
0.81733 0.14760 -0.33526 -288879926095658303647829826396571566080.00000
0.78747 0.18829 -0.34324 -280894173527231738755149923042231058432.00000
0.80897 0.16959 -0.33061 -287555930961551129905895397727123013632.00000
0.81522 0.24902 -0.36929 -282192227459455842010612123177284796416.00000
0.87028 0.24297 -0.37907 -282207905762079464751849834402528886784.00000
0.81536 0.27521 -0.37197 -279523386874168940609547448064065667072.00000
0.84105 0.31280 -0.36517 -271506500807000770402766785679001124864.00000
0.79601 0.34418 -0.36564 -270172080514357319702234448122391560192.00000
0.80958 0.32240 -0.34456 -268837619656894661698361262671279423488.00000
0.81968 0.41747 -0.39268 -274180493124326999328119143394046902272.00000
0.82984 0.42100 -0.37045 -278173409973359489077799942965719728128.00000
0.77850 0.44281 -0.36701 -278183794567076558733057003958378168320.00000
0.80858 0.43430 -0.35804 -278173409973359489077799942965719728128.00000
0.75145 0.47591 -0.35333 -264834318214145102293423402106948157440.00000
0.79740 0.48496 -0.35803 -267498027349802279821870818565591924736.00000
0.88748 -0.45634 -0.38404 -290193597483277218689518465915115536384.00000
0.92020 -0.47716 -0.37360 -283526708599328103666155732575648219136.00000
0.87025 -0.41126 -0.36766 -292862458350973723742253564975585951744.00000
0.92617 -0.41345 -0.36985 -287535141491707386943710851794554847232.00000
0.89769 -0.33556 -0.37659 -298205392665634872327022717540107288576.00000
0.90906 -0.33887 -0.35223 -291533189790369600566008910020803035136.00000
0.89845 -0.30555 -0.37414 -295536470950709556319276346637883015168.00000
0.92975 -0.28755 -0.36007 -292867630365422654918211671524663885824.00000
0.91560 -0.25345 -0.38073 -300869020671653635248788438209745911808.00000
0.94509 -0.23250 -0.36527 -298210605244903010806321671983687794688.00000
0.89198 -0.18690 -0.36056 -302213866122833362907918684653516488704.00000
0.91759 -0.16463 -0.34455 -295552128970923575408843633915875819520.00000
0.89108 -0.10409 -0.35579 -302224352128598450821527865382431358976.00000
0.91165 -0.13483 -0.33952 -295546956956474644232885527366797885440.00000
0.91464 -0.08041 -0.37065 -300879506677418723162397618938660782080.00000
0.93465 -0.05391 -0.35117 -299545045819956065158524433487548645376.00000
0.90770 -0.02430 -0.36490 -304856806071056401125851979126843375616.00000
0.93873 -0.02569 -0.35328 -296870952090581817974819956036246437888.00000
0.86510 0.02918 -0.33639 -298210625527312614457992095930939080704.00000
0.87692 0.05530 -0.31526 -291533189790369600566008910020803035136.00000
0.90047 0.11210 -0.36160 -295541744377206505753586572923217379328.00000
0.91940 0.08635 -0.34203 -291533189790369600566008910020803035136.00000
0.89387 0.13827 -0.35820 -296876144387440352802448486532575657984.00000
0.91502 0.16973 -0.34225 -291527997493511065738380379524473815040.00000
0.91322 0.22826 -0.37588 -290219700944437118389354086027520638976.00000
0.93909 0.20533 -0.35876 -291528038058330273041721227418976387072.00000
0.93950 0.29893 -0.39832 -275535784016452607597517722672229777408.00000
0.96951 0.27731 -0.38173 -278209816898598043826210928281778126848.00000
0.88587 0.30444 -0.36409 -278188986863935093560685534454707388416.00000
0.86858 0.32472 -0.35487 -271506358830133544841073818048242122752.00000
0.83480 0.33425 -0.33422 -272825181949791787407050140168612741120.00000
0.85772 0.37380 -0.32343 -270166766523041162964583373942554624000.00000
0.83956 0.42436 -0.34760 -275514893134560846376981057003405180928.00000
0.87129 0.41281 -0.33555 -271511611974220890623713620386325200896.00000
0.83459 0.45101 -0.34791 -274170088248200326021191658454137176064.00000
0.84336 0.45405 -0.32417 -266179143382915226300883224603467448320.00000
0.96206 -0.39891 -0.35531 -283537032345816362366401521726552801280.00000
1.02428 -0.39639 -0.35279 -284840258292489396797821828410684473344.00000
0.96333 -0.33286 -0.35021 -286185063178849917153611226959952478208.00000
0.99693 -0.31326 -0.33273 -288833154859112282895832204035106013184.00000
0.98232 -0.27628 -0.35647 -290193577200867615037848041967864250368.00000
0.99469 -0.27915 -0.32933 -282186974315368496227972320839201718272.00000
0.96787 -0.17689 -0.34261 -284876624652908744242891965832240300032.00000
1.00828 -0.21873 -0.33288 -282197379191495169534899805779111444480.00000
0.98018 -0.14926 -0.34835 -284876624652908744242891965832240300032.00000
1.06090 -0.16631 -0.35779 -282197419756314376838240653673614016512.00000
0.98570 -0.05834 -0.34887 -284866260341601278239305328786833145856.00000
1.06526 -0.06549 -0.35739 -282181863148148376007025486131877642240.00000
0.99251 0.00234 -0.35217 -288859217755452975292326976253008543744.00000
1.07020 -0.03216 -0.35955 -284835126842859672925204569756109111296.00000
0.99280 0.03298 -0.35239 -287524736615580713636783366854645121024.00000
1.09563 0.07095 -0.37303 -278188946299115886257344686560204816384.00000
0.98127 0.12349 -0.34740 -287529868065210437509400625509220483072.00000
1.08405 0.13916 -0.36832 -280852574305134649179110407229843439616.00000
0.99317 0.15656 -0.35521 -291527977211101462086709955577222529024.00000
1.06344 0.20404 -0.35979 -280857888296450805916761481409680375808.00000
0.99876 0.25364 -0.36295 -278194179160793628388314064951036608512.00000
1.02685 0.22794 -0.34192 -282192308589094256617293818966289940480.00000
0.98286 0.28030 -0.35571 -272872095163205033720740730160837296128.00000
0.99917 0.31755 -0.33281 -280852695999592271089132950913351155712.00000
0.92745 0.31941 -0.32777 -282192369436323067572305090808043798528.00000
0.91875 0.34336 -0.29394 -274175381957106879107172308686722826240.00000
0.86738 0.37689 -0.29995 -270166807087860370267924221837057196032.00000
0.89430 0.39083 -0.28569 -263499857356682444289550216655836020736.00000
0.85756 0.43050 -0.30016 -270198102845878804795388372445791518720.00000
0.88972 0.41891 -0.28600 -271506541371819977706107633573503696896.00000
0.84513 0.48302 -0.29950 -260857140514965046239991585602273280000.00000
0.87835 0.47426 -0.28593 -266179244794963244559235344339723878400.00000
0.79480 0.50033 -0.27536 -240835461286768318039344176231539015680.00000
0.82642 0.49472 -0.26309 -224822133821312458509570190290706235392.00000
0.77513 0.50772 -0.24023 -239511466152661144297409747562090463232.00000
1.15749 -0.18677 -0.36804 -274180472841917395676448719446795616256.00000
1.18576 -0.15295 -0.33939 -258162095056470226880739170640392617984.00000
1.15989 -0.07401 -0.36644 -275509700837702311549352526507075960832.00000
1.03722 0.36672 -0.31971 -276838969398306434725597181461858877440.00000
